V(NODE0_0_0),V(NODE0_0_1),V(NODE0_0_2),V(NODE0_0_3),V(NODE0_0_4),V(NODE0_0_5),V(NODE0_0_6),V(NODE0_0_7),V(NODE0_0_8),V(NODE0_0_9),V(NODE0_0_10),V(NODE0_0_11),V(NODE0_0_12),V(NODE0_0_13),V(NODE0_0_14),V(NODE0_0_15),V(NODE0_0_16),V(NODE0_0_17),V(NODE0_0_18),V(NODE0_0_19),V(NODE0_0_20),V(NODE0_0_21),V(NODE0_0_22),V(NODE0_0_23),V(NODE0_0_24),V(NODE0_0_25),V(NODE0_0_26),V(NODE0_0_27),V(NODE0_0_28),V(NODE0_0_29),V(NODE0_0_30),V(NODE0_0_31),V(NODE0_0_32),V(NODE0_0_33),V(NODE0_0_34),V(NODE0_0_35),V(NODE0_0_36),V(NODE0_0_37),V(NODE0_0_38),V(NODE0_0_39),V(NODE0_0_40),V(NODE0_0_41),V(NODE0_0_42),V(NODE0_0_43),V(NODE0_0_44),V(NODE0_0_45),V(NODE0_0_46),V(NODE0_0_47),V(NODE0_0_48),V(NODE0_0_49),V(NODE0_0_50),V(NODE0_0_51),V(NODE0_0_52),V(NODE0_0_53),V(NODE0_0_54),V(NODE0_0_55),V(NODE0_0_56),V(NODE0_0_57),V(NODE0_0_58),V(NODE0_0_59),V(NODE0_0_60),V(NODE0_0_61),V(NODE0_0_62),V(NODE0_0_63),V(NODE0_0_64),V(NODE0_0_65),V(NODE0_0_66),V(NODE0_0_67),V(NODE0_0_68),V(NODE0_0_69),V(NODE0_0_70),V(NODE0_0_71),V(NODE0_0_72),V(NODE0_0_73),V(NODE0_0_74),V(NODE0_0_75),V(NODE0_0_76),V(NODE0_0_77),V(NODE0_0_78),V(NODE0_0_79),V(NODE0_0_80),V(NODE0_0_81),V(NODE0_0_82),V(NODE0_0_83),V(NODE0_0_84),V(NODE0_0_85),V(NODE0_0_86),V(NODE0_0_87),V(NODE0_0_88),V(NODE0_0_89),V(NODE0_0_90),V(NODE0_0_91),V(NODE0_0_92),V(NODE0_0_93),V(NODE0_0_94),V(NODE0_0_95),V(NODE0_0_96),V(NODE0_0_97),V(NODE0_0_98),V(NODE0_0_99),V(NODE0_1_0),V(NODE0_1_1),V(NODE0_1_2),V(NODE0_1_3),V(NODE0_1_4),V(NODE0_1_5),V(NODE0_1_6),V(NODE0_1_7),V(NODE0_1_8),V(NODE0_1_9),V(NODE0_1_10),V(NODE0_1_11),V(NODE0_1_12),V(NODE0_1_13),V(NODE0_1_14),V(NODE0_1_15),V(NODE0_1_16),V(NODE0_1_17),V(NODE0_1_18),V(NODE0_1_19),V(NODE0_1_20),V(NODE0_1_21),V(NODE0_1_22),V(NODE0_1_23),V(NODE0_1_24),V(NODE0_1_25),V(NODE0_1_26),V(NODE0_1_27),V(NODE0_1_28),V(NODE0_1_29),V(NODE0_1_30),V(NODE0_1_31),V(NODE0_1_32),V(NODE0_1_33),V(NODE0_1_34),V(NODE0_1_35),V(NODE0_1_36),V(NODE0_1_37),V(NODE0_1_38),V(NODE0_1_39),V(NODE0_1_40),V(NODE0_1_41),V(NODE0_1_42),V(NODE0_1_43),V(NODE0_1_44),V(NODE0_1_45),V(NODE0_1_46),V(NODE0_1_47),V(NODE0_1_48),V(NODE0_1_49),V(NODE0_1_50),V(NODE0_1_51),V(NODE0_1_52),V(NODE0_1_53),V(NODE0_1_54),V(NODE0_1_55),V(NODE0_1_56),V(NODE0_1_57),V(NODE0_1_58),V(NODE0_1_59),V(NODE0_1_60),V(NODE0_1_61),V(NODE0_1_62),V(NODE0_1_63),V(NODE0_1_64),V(NODE0_1_65),V(NODE0_1_66),V(NODE0_1_67),V(NODE0_1_68),V(NODE0_1_69),V(NODE0_1_70),V(NODE0_1_71),V(NODE0_1_72),V(NODE0_1_73),V(NODE0_1_74),V(NODE0_1_75),V(NODE0_1_76),V(NODE0_1_77),V(NODE0_1_78),V(NODE0_1_79),V(NODE0_1_80),V(NODE0_1_81),V(NODE0_1_82),V(NODE0_1_83),V(NODE0_1_84),V(NODE0_1_85),V(NODE0_1_86),V(NODE0_1_87),V(NODE0_1_88),V(NODE0_1_89),V(NODE0_1_90),V(NODE0_1_91),V(NODE0_1_92),V(NODE0_1_93),V(NODE0_1_94),V(NODE0_1_95),V(NODE0_1_96),V(NODE0_1_97),V(NODE0_1_98),V(NODE0_1_99),V(NODE0_2_0),V(NODE0_2_1),V(NODE0_2_2),V(NODE0_2_3),V(NODE0_2_4),V(NODE0_2_5),V(NODE0_2_6),V(NODE0_2_7),V(NODE0_2_8),V(NODE0_2_9),V(NODE0_2_10),V(NODE0_2_11),V(NODE0_2_12),V(NODE0_2_13),V(NODE0_2_14),V(NODE0_2_15),V(NODE0_2_16),V(NODE0_2_17),V(NODE0_2_18),V(NODE0_2_19),V(NODE0_2_20),V(NODE0_2_21),V(NODE0_2_22),V(NODE0_2_23),V(NODE0_2_24),V(NODE0_2_25),V(NODE0_2_26),V(NODE0_2_27),V(NODE0_2_28),V(NODE0_2_29),V(NODE0_2_30),V(NODE0_2_31),V(NODE0_2_32),V(NODE0_2_33),V(NODE0_2_34),V(NODE0_2_35),V(NODE0_2_36),V(NODE0_2_37),V(NODE0_2_38),V(NODE0_2_39),V(NODE0_2_40),V(NODE0_2_41),V(NODE0_2_42),V(NODE0_2_43),V(NODE0_2_44),V(NODE0_2_45),V(NODE0_2_46),V(NODE0_2_47),V(NODE0_2_48),V(NODE0_2_49),V(NODE0_2_50),V(NODE0_2_51),V(NODE0_2_52),V(NODE0_2_53),V(NODE0_2_54),V(NODE0_2_55),V(NODE0_2_56),V(NODE0_2_57),V(NODE0_2_58),V(NODE0_2_59),V(NODE0_2_60),V(NODE0_2_61),V(NODE0_2_62),V(NODE0_2_63),V(NODE0_2_64),V(NODE0_2_65),V(NODE0_2_66),V(NODE0_2_67),V(NODE0_2_68),V(NODE0_2_69),V(NODE0_2_70),V(NODE0_2_71),V(NODE0_2_72),V(NODE0_2_73),V(NODE0_2_74),V(NODE0_2_75),V(NODE0_2_76),V(NODE0_2_77),V(NODE0_2_78),V(NODE0_2_79),V(NODE0_2_80),V(NODE0_2_81),V(NODE0_2_82),V(NODE0_2_83),V(NODE0_2_84),V(NODE0_2_85),V(NODE0_2_86),V(NODE0_2_87),V(NODE0_2_88),V(NODE0_2_89),V(NODE0_2_90),V(NODE0_2_91),V(NODE0_2_92),V(NODE0_2_93),V(NODE0_2_94),V(NODE0_2_95),V(NODE0_2_96),V(NODE0_2_97),V(NODE0_2_98),V(NODE0_2_99),V(NODE0_3_0),V(NODE0_3_1),V(NODE0_3_2),V(NODE0_3_3),V(NODE0_3_4),V(NODE0_3_5),V(NODE0_3_6),V(NODE0_3_7),V(NODE0_3_8),V(NODE0_3_9),V(NODE0_3_10),V(NODE0_3_11),V(NODE0_3_12),V(NODE0_3_13),V(NODE0_3_14),V(NODE0_3_15),V(NODE0_3_16),V(NODE0_3_17),V(NODE0_3_18),V(NODE0_3_19),V(NODE0_3_20),V(NODE0_3_21),V(NODE0_3_22),V(NODE0_3_23),V(NODE0_3_24),V(NODE0_3_25),V(NODE0_3_26),V(NODE0_3_27),V(NODE0_3_28),V(NODE0_3_29),V(NODE0_3_30),V(NODE0_3_31),V(NODE0_3_32),V(NODE0_3_33),V(NODE0_3_34),V(NODE0_3_35),V(NODE0_3_36),V(NODE0_3_37),V(NODE0_3_38),V(NODE0_3_39),V(NODE0_3_40),V(NODE0_3_41),V(NODE0_3_42),V(NODE0_3_43),V(NODE0_3_44),V(NODE0_3_45),V(NODE0_3_46),V(NODE0_3_47),V(NODE0_3_48),V(NODE0_3_49),V(NODE0_3_50),V(NODE0_3_51),V(NODE0_3_52),V(NODE0_3_53),V(NODE0_3_54),V(NODE0_3_55),V(NODE0_3_56),V(NODE0_3_57),V(NODE0_3_58),V(NODE0_3_59),V(NODE0_3_60),V(NODE0_3_61),V(NODE0_3_62),V(NODE0_3_63),V(NODE0_3_64),V(NODE0_3_65),V(NODE0_3_66),V(NODE0_3_67),V(NODE0_3_68),V(NODE0_3_69),V(NODE0_3_70),V(NODE0_3_71),V(NODE0_3_72),V(NODE0_3_73),V(NODE0_3_74),V(NODE0_3_75),V(NODE0_3_76),V(NODE0_3_77),V(NODE0_3_78),V(NODE0_3_79),V(NODE0_3_80),V(NODE0_3_81),V(NODE0_3_82),V(NODE0_3_83),V(NODE0_3_84),V(NODE0_3_85),V(NODE0_3_86),V(NODE0_3_87),V(NODE0_3_88),V(NODE0_3_89),V(NODE0_3_90),V(NODE0_3_91),V(NODE0_3_92),V(NODE0_3_93),V(NODE0_3_94),V(NODE0_3_95),V(NODE0_3_96),V(NODE0_3_97),V(NODE0_3_98),V(NODE0_3_99),V(NODE0_4_0),V(NODE0_4_1),V(NODE0_4_2),V(NODE0_4_3),V(NODE0_4_4),V(NODE0_4_5),V(NODE0_4_6),V(NODE0_4_7),V(NODE0_4_8),V(NODE0_4_9),V(NODE0_4_10),V(NODE0_4_11),V(NODE0_4_12),V(NODE0_4_13),V(NODE0_4_14),V(NODE0_4_15),V(NODE0_4_16),V(NODE0_4_17),V(NODE0_4_18),V(NODE0_4_19),V(NODE0_4_20),V(NODE0_4_21),V(NODE0_4_22),V(NODE0_4_23),V(NODE0_4_24),V(NODE0_4_25),V(NODE0_4_26),V(NODE0_4_27),V(NODE0_4_28),V(NODE0_4_29),V(NODE0_4_30),V(NODE0_4_31),V(NODE0_4_32),V(NODE0_4_33),V(NODE0_4_34),V(NODE0_4_35),V(NODE0_4_36),V(NODE0_4_37),V(NODE0_4_38),V(NODE0_4_39),V(NODE0_4_40),V(NODE0_4_41),V(NODE0_4_42),V(NODE0_4_43),V(NODE0_4_44),V(NODE0_4_45),V(NODE0_4_46),V(NODE0_4_47),V(NODE0_4_48),V(NODE0_4_49),V(NODE0_4_50),V(NODE0_4_51),V(NODE0_4_52),V(NODE0_4_53),V(NODE0_4_54),V(NODE0_4_55),V(NODE0_4_56),V(NODE0_4_57),V(NODE0_4_58),V(NODE0_4_59),V(NODE0_4_60),V(NODE0_4_61),V(NODE0_4_62),V(NODE0_4_63),V(NODE0_4_64),V(NODE0_4_65),V(NODE0_4_66),V(NODE0_4_67),V(NODE0_4_68),V(NODE0_4_69),V(NODE0_4_70),V(NODE0_4_71),V(NODE0_4_72),V(NODE0_4_73),V(NODE0_4_74),V(NODE0_4_75),V(NODE0_4_76),V(NODE0_4_77),V(NODE0_4_78),V(NODE0_4_79),V(NODE0_4_80),V(NODE0_4_81),V(NODE0_4_82),V(NODE0_4_83),V(NODE0_4_84),V(NODE0_4_85),V(NODE0_4_86),V(NODE0_4_87),V(NODE0_4_88),V(NODE0_4_89),V(NODE0_4_90),V(NODE0_4_91),V(NODE0_4_92),V(NODE0_4_93),V(NODE0_4_94),V(NODE0_4_95),V(NODE0_4_96),V(NODE0_4_97),V(NODE0_4_98),V(NODE0_4_99),V(NODE0_5_0),V(NODE0_5_1),V(NODE0_5_2),V(NODE0_5_3),V(NODE0_5_4),V(NODE0_5_5),V(NODE0_5_6),V(NODE0_5_7),V(NODE0_5_8),V(NODE0_5_9),V(NODE0_5_10),V(NODE0_5_11),V(NODE0_5_12),V(NODE0_5_13),V(NODE0_5_14),V(NODE0_5_15),V(NODE0_5_16),V(NODE0_5_17),V(NODE0_5_18),V(NODE0_5_19),V(NODE0_5_20),V(NODE0_5_21),V(NODE0_5_22),V(NODE0_5_23),V(NODE0_5_24),V(NODE0_5_25),V(NODE0_5_26),V(NODE0_5_27),V(NODE0_5_28),V(NODE0_5_29),V(NODE0_5_30),V(NODE0_5_31),V(NODE0_5_32),V(NODE0_5_33),V(NODE0_5_34),V(NODE0_5_35),V(NODE0_5_36),V(NODE0_5_37),V(NODE0_5_38),V(NODE0_5_39),V(NODE0_5_40),V(NODE0_5_41),V(NODE0_5_42),V(NODE0_5_43),V(NODE0_5_44),V(NODE0_5_45),V(NODE0_5_46),V(NODE0_5_47),V(NODE0_5_48),V(NODE0_5_49),V(NODE0_5_50),V(NODE0_5_51),V(NODE0_5_52),V(NODE0_5_53),V(NODE0_5_54),V(NODE0_5_55),V(NODE0_5_56),V(NODE0_5_57),V(NODE0_5_58),V(NODE0_5_59),V(NODE0_5_60),V(NODE0_5_61),V(NODE0_5_62),V(NODE0_5_63),V(NODE0_5_64),V(NODE0_5_65),V(NODE0_5_66),V(NODE0_5_67),V(NODE0_5_68),V(NODE0_5_69),V(NODE0_5_70),V(NODE0_5_71),V(NODE0_5_72),V(NODE0_5_73),V(NODE0_5_74),V(NODE0_5_75),V(NODE0_5_76),V(NODE0_5_77),V(NODE0_5_78),V(NODE0_5_79),V(NODE0_5_80),V(NODE0_5_81),V(NODE0_5_82),V(NODE0_5_83),V(NODE0_5_84),V(NODE0_5_85),V(NODE0_5_86),V(NODE0_5_87),V(NODE0_5_88),V(NODE0_5_89),V(NODE0_5_90),V(NODE0_5_91),V(NODE0_5_92),V(NODE0_5_93),V(NODE0_5_94),V(NODE0_5_95),V(NODE0_5_96),V(NODE0_5_97),V(NODE0_5_98),V(NODE0_5_99),V(NODE0_6_0),V(NODE0_6_1),V(NODE0_6_2),V(NODE0_6_3),V(NODE0_6_4),V(NODE0_6_5),V(NODE0_6_6),V(NODE0_6_7),V(NODE0_6_8),V(NODE0_6_9),V(NODE0_6_10),V(NODE0_6_11),V(NODE0_6_12),V(NODE0_6_13),V(NODE0_6_14),V(NODE0_6_15),V(NODE0_6_16),V(NODE0_6_17),V(NODE0_6_18),V(NODE0_6_19),V(NODE0_6_20),V(NODE0_6_21),V(NODE0_6_22),V(NODE0_6_23),V(NODE0_6_24),V(NODE0_6_25),V(NODE0_6_26),V(NODE0_6_27),V(NODE0_6_28),V(NODE0_6_29),V(NODE0_6_30),V(NODE0_6_31),V(NODE0_6_32),V(NODE0_6_33),V(NODE0_6_34),V(NODE0_6_35),V(NODE0_6_36),V(NODE0_6_37),V(NODE0_6_38),V(NODE0_6_39),V(NODE0_6_40),V(NODE0_6_41),V(NODE0_6_42),V(NODE0_6_43),V(NODE0_6_44),V(NODE0_6_45),V(NODE0_6_46),V(NODE0_6_47),V(NODE0_6_48),V(NODE0_6_49),V(NODE0_6_50),V(NODE0_6_51),V(NODE0_6_52),V(NODE0_6_53),V(NODE0_6_54),V(NODE0_6_55),V(NODE0_6_56),V(NODE0_6_57),V(NODE0_6_58),V(NODE0_6_59),V(NODE0_6_60),V(NODE0_6_61),V(NODE0_6_62),V(NODE0_6_63),V(NODE0_6_64),V(NODE0_6_65),V(NODE0_6_66),V(NODE0_6_67),V(NODE0_6_68),V(NODE0_6_69),V(NODE0_6_70),V(NODE0_6_71),V(NODE0_6_72),V(NODE0_6_73),V(NODE0_6_74),V(NODE0_6_75),V(NODE0_6_76),V(NODE0_6_77),V(NODE0_6_78),V(NODE0_6_79),V(NODE0_6_80),V(NODE0_6_81),V(NODE0_6_82),V(NODE0_6_83),V(NODE0_6_84),V(NODE0_6_85),V(NODE0_6_86),V(NODE0_6_87),V(NODE0_6_88),V(NODE0_6_89),V(NODE0_6_90),V(NODE0_6_91),V(NODE0_6_92),V(NODE0_6_93),V(NODE0_6_94),V(NODE0_6_95),V(NODE0_6_96),V(NODE0_6_97),V(NODE0_6_98),V(NODE0_6_99),V(NODE0_7_0),V(NODE0_7_1),V(NODE0_7_2),V(NODE0_7_3),V(NODE0_7_4),V(NODE0_7_5),V(NODE0_7_6),V(NODE0_7_7),V(NODE0_7_8),V(NODE0_7_9),V(NODE0_7_10),V(NODE0_7_11),V(NODE0_7_12),V(NODE0_7_13),V(NODE0_7_14),V(NODE0_7_15),V(NODE0_7_16),V(NODE0_7_17),V(NODE0_7_18),V(NODE0_7_19),V(NODE0_7_20),V(NODE0_7_21),V(NODE0_7_22),V(NODE0_7_23),V(NODE0_7_24),V(NODE0_7_25),V(NODE0_7_26),V(NODE0_7_27),V(NODE0_7_28),V(NODE0_7_29),V(NODE0_7_30),V(NODE0_7_31),V(NODE0_7_32),V(NODE0_7_33),V(NODE0_7_34),V(NODE0_7_35),V(NODE0_7_36),V(NODE0_7_37),V(NODE0_7_38),V(NODE0_7_39),V(NODE0_7_40),V(NODE0_7_41),V(NODE0_7_42),V(NODE0_7_43),V(NODE0_7_44),V(NODE0_7_45),V(NODE0_7_46),V(NODE0_7_47),V(NODE0_7_48),V(NODE0_7_49),V(NODE0_7_50),V(NODE0_7_51),V(NODE0_7_52),V(NODE0_7_53),V(NODE0_7_54),V(NODE0_7_55),V(NODE0_7_56),V(NODE0_7_57),V(NODE0_7_58),V(NODE0_7_59),V(NODE0_7_60),V(NODE0_7_61),V(NODE0_7_62),V(NODE0_7_63),V(NODE0_7_64),V(NODE0_7_65),V(NODE0_7_66),V(NODE0_7_67),V(NODE0_7_68),V(NODE0_7_69),V(NODE0_7_70),V(NODE0_7_71),V(NODE0_7_72),V(NODE0_7_73),V(NODE0_7_74),V(NODE0_7_75),V(NODE0_7_76),V(NODE0_7_77),V(NODE0_7_78),V(NODE0_7_79),V(NODE0_7_80),V(NODE0_7_81),V(NODE0_7_82),V(NODE0_7_83),V(NODE0_7_84),V(NODE0_7_85),V(NODE0_7_86),V(NODE0_7_87),V(NODE0_7_88),V(NODE0_7_89),V(NODE0_7_90),V(NODE0_7_91),V(NODE0_7_92),V(NODE0_7_93),V(NODE0_7_94),V(NODE0_7_95),V(NODE0_7_96),V(NODE0_7_97),V(NODE0_7_98),V(NODE0_7_99),V(NODE0_8_0),V(NODE0_8_1),V(NODE0_8_2),V(NODE0_8_3),V(NODE0_8_4),V(NODE0_8_5),V(NODE0_8_6),V(NODE0_8_7),V(NODE0_8_8),V(NODE0_8_9),V(NODE0_8_10),V(NODE0_8_11),V(NODE0_8_12),V(NODE0_8_13),V(NODE0_8_14),V(NODE0_8_15),V(NODE0_8_16),V(NODE0_8_17),V(NODE0_8_18),V(NODE0_8_19),V(NODE0_8_20),V(NODE0_8_21),V(NODE0_8_22),V(NODE0_8_23),V(NODE0_8_24),V(NODE0_8_25),V(NODE0_8_26),V(NODE0_8_27),V(NODE0_8_28),V(NODE0_8_29),V(NODE0_8_30),V(NODE0_8_31),V(NODE0_8_32),V(NODE0_8_33),V(NODE0_8_34),V(NODE0_8_35),V(NODE0_8_36),V(NODE0_8_37),V(NODE0_8_38),V(NODE0_8_39),V(NODE0_8_40),V(NODE0_8_41),V(NODE0_8_42),V(NODE0_8_43),V(NODE0_8_44),V(NODE0_8_45),V(NODE0_8_46),V(NODE0_8_47),V(NODE0_8_48),V(NODE0_8_49),V(NODE0_8_50),V(NODE0_8_51),V(NODE0_8_52),V(NODE0_8_53),V(NODE0_8_54),V(NODE0_8_55),V(NODE0_8_56),V(NODE0_8_57),V(NODE0_8_58),V(NODE0_8_59),V(NODE0_8_60),V(NODE0_8_61),V(NODE0_8_62),V(NODE0_8_63),V(NODE0_8_64),V(NODE0_8_65),V(NODE0_8_66),V(NODE0_8_67),V(NODE0_8_68),V(NODE0_8_69),V(NODE0_8_70),V(NODE0_8_71),V(NODE0_8_72),V(NODE0_8_73),V(NODE0_8_74),V(NODE0_8_75),V(NODE0_8_76),V(NODE0_8_77),V(NODE0_8_78),V(NODE0_8_79),V(NODE0_8_80),V(NODE0_8_81),V(NODE0_8_82),V(NODE0_8_83),V(NODE0_8_84),V(NODE0_8_85),V(NODE0_8_86),V(NODE0_8_87),V(NODE0_8_88),V(NODE0_8_89),V(NODE0_8_90),V(NODE0_8_91),V(NODE0_8_92),V(NODE0_8_93),V(NODE0_8_94),V(NODE0_8_95),V(NODE0_8_96),V(NODE0_8_97),V(NODE0_8_98),V(NODE0_8_99),V(NODE0_9_0),V(NODE0_9_1),V(NODE0_9_2),V(NODE0_9_3),V(NODE0_9_4),V(NODE0_9_5),V(NODE0_9_6),V(NODE0_9_7),V(NODE0_9_8),V(NODE0_9_9),V(NODE0_9_10),V(NODE0_9_11),V(NODE0_9_12),V(NODE0_9_13),V(NODE0_9_14),V(NODE0_9_15),V(NODE0_9_16),V(NODE0_9_17),V(NODE0_9_18),V(NODE0_9_19),V(NODE0_9_20),V(NODE0_9_21),V(NODE0_9_22),V(NODE0_9_23),V(NODE0_9_24),V(NODE0_9_25),V(NODE0_9_26),V(NODE0_9_27),V(NODE0_9_28),V(NODE0_9_29),V(NODE0_9_30),V(NODE0_9_31),V(NODE0_9_32),V(NODE0_9_33),V(NODE0_9_34),V(NODE0_9_35),V(NODE0_9_36),V(NODE0_9_37),V(NODE0_9_38),V(NODE0_9_39),V(NODE0_9_40),V(NODE0_9_41),V(NODE0_9_42),V(NODE0_9_43),V(NODE0_9_44),V(NODE0_9_45),V(NODE0_9_46),V(NODE0_9_47),V(NODE0_9_48),V(NODE0_9_49),V(NODE0_9_50),V(NODE0_9_51),V(NODE0_9_52),V(NODE0_9_53),V(NODE0_9_54),V(NODE0_9_55),V(NODE0_9_56),V(NODE0_9_57),V(NODE0_9_58),V(NODE0_9_59),V(NODE0_9_60),V(NODE0_9_61),V(NODE0_9_62),V(NODE0_9_63),V(NODE0_9_64),V(NODE0_9_65),V(NODE0_9_66),V(NODE0_9_67),V(NODE0_9_68),V(NODE0_9_69),V(NODE0_9_70),V(NODE0_9_71),V(NODE0_9_72),V(NODE0_9_73),V(NODE0_9_74),V(NODE0_9_75),V(NODE0_9_76),V(NODE0_9_77),V(NODE0_9_78),V(NODE0_9_79),V(NODE0_9_80),V(NODE0_9_81),V(NODE0_9_82),V(NODE0_9_83),V(NODE0_9_84),V(NODE0_9_85),V(NODE0_9_86),V(NODE0_9_87),V(NODE0_9_88),V(NODE0_9_89),V(NODE0_9_90),V(NODE0_9_91),V(NODE0_9_92),V(NODE0_9_93),V(NODE0_9_94),V(NODE0_9_95),V(NODE0_9_96),V(NODE0_9_97),V(NODE0_9_98),V(NODE0_9_99),V(NODE0_10_0),V(NODE0_10_1),V(NODE0_10_2),V(NODE0_10_3),V(NODE0_10_4),V(NODE0_10_5),V(NODE0_10_6),V(NODE0_10_7),V(NODE0_10_8),V(NODE0_10_9),V(NODE0_10_10),V(NODE0_10_11),V(NODE0_10_12),V(NODE0_10_13),V(NODE0_10_14),V(NODE0_10_15),V(NODE0_10_16),V(NODE0_10_17),V(NODE0_10_18),V(NODE0_10_19),V(NODE0_10_20),V(NODE0_10_21),V(NODE0_10_22),V(NODE0_10_23),V(NODE0_10_24),V(NODE0_10_25),V(NODE0_10_26),V(NODE0_10_27),V(NODE0_10_28),V(NODE0_10_29),V(NODE0_10_30),V(NODE0_10_31),V(NODE0_10_32),V(NODE0_10_33),V(NODE0_10_34),V(NODE0_10_35),V(NODE0_10_36),V(NODE0_10_37),V(NODE0_10_38),V(NODE0_10_39),V(NODE0_10_40),V(NODE0_10_41),V(NODE0_10_42),V(NODE0_10_43),V(NODE0_10_44),V(NODE0_10_45),V(NODE0_10_46),V(NODE0_10_47),V(NODE0_10_48),V(NODE0_10_49),V(NODE0_10_50),V(NODE0_10_51),V(NODE0_10_52),V(NODE0_10_53),V(NODE0_10_54),V(NODE0_10_55),V(NODE0_10_56),V(NODE0_10_57),V(NODE0_10_58),V(NODE0_10_59),V(NODE0_10_60),V(NODE0_10_61),V(NODE0_10_62),V(NODE0_10_63),V(NODE0_10_64),V(NODE0_10_65),V(NODE0_10_66),V(NODE0_10_67),V(NODE0_10_68),V(NODE0_10_69),V(NODE0_10_70),V(NODE0_10_71),V(NODE0_10_72),V(NODE0_10_73),V(NODE0_10_74),V(NODE0_10_75),V(NODE0_10_76),V(NODE0_10_77),V(NODE0_10_78),V(NODE0_10_79),V(NODE0_10_80),V(NODE0_10_81),V(NODE0_10_82),V(NODE0_10_83),V(NODE0_10_84),V(NODE0_10_85),V(NODE0_10_86),V(NODE0_10_87),V(NODE0_10_88),V(NODE0_10_89),V(NODE0_10_90),V(NODE0_10_91),V(NODE0_10_92),V(NODE0_10_93),V(NODE0_10_94),V(NODE0_10_95),V(NODE0_10_96),V(NODE0_10_97),V(NODE0_10_98),V(NODE0_10_99),V(NODE0_11_0),V(NODE0_11_1),V(NODE0_11_2),V(NODE0_11_3),V(NODE0_11_4),V(NODE0_11_5),V(NODE0_11_6),V(NODE0_11_7),V(NODE0_11_8),V(NODE0_11_9),V(NODE0_11_10),V(NODE0_11_11),V(NODE0_11_12),V(NODE0_11_13),V(NODE0_11_14),V(NODE0_11_15),V(NODE0_11_16),V(NODE0_11_17),V(NODE0_11_18),V(NODE0_11_19),V(NODE0_11_20),V(NODE0_11_21),V(NODE0_11_22),V(NODE0_11_23),V(NODE0_11_24),V(NODE0_11_25),V(NODE0_11_26),V(NODE0_11_27),V(NODE0_11_28),V(NODE0_11_29),V(NODE0_11_30),V(NODE0_11_31),V(NODE0_11_32),V(NODE0_11_33),V(NODE0_11_34),V(NODE0_11_35),V(NODE0_11_36),V(NODE0_11_37),V(NODE0_11_38),V(NODE0_11_39),V(NODE0_11_40),V(NODE0_11_41),V(NODE0_11_42),V(NODE0_11_43),V(NODE0_11_44),V(NODE0_11_45),V(NODE0_11_46),V(NODE0_11_47),V(NODE0_11_48),V(NODE0_11_49),V(NODE0_11_50),V(NODE0_11_51),V(NODE0_11_52),V(NODE0_11_53),V(NODE0_11_54),V(NODE0_11_55),V(NODE0_11_56),V(NODE0_11_57),V(NODE0_11_58),V(NODE0_11_59),V(NODE0_11_60),V(NODE0_11_61),V(NODE0_11_62),V(NODE0_11_63),V(NODE0_11_64),V(NODE0_11_65),V(NODE0_11_66),V(NODE0_11_67),V(NODE0_11_68),V(NODE0_11_69),V(NODE0_11_70),V(NODE0_11_71),V(NODE0_11_72),V(NODE0_11_73),V(NODE0_11_74),V(NODE0_11_75),V(NODE0_11_76),V(NODE0_11_77),V(NODE0_11_78),V(NODE0_11_79),V(NODE0_11_80),V(NODE0_11_81),V(NODE0_11_82),V(NODE0_11_83),V(NODE0_11_84),V(NODE0_11_85),V(NODE0_11_86),V(NODE0_11_87),V(NODE0_11_88),V(NODE0_11_89),V(NODE0_11_90),V(NODE0_11_91),V(NODE0_11_92),V(NODE0_11_93),V(NODE0_11_94),V(NODE0_11_95),V(NODE0_11_96),V(NODE0_11_97),V(NODE0_11_98),V(NODE0_11_99),V(NODE0_12_0),V(NODE0_12_1),V(NODE0_12_2),V(NODE0_12_3),V(NODE0_12_4),V(NODE0_12_5),V(NODE0_12_6),V(NODE0_12_7),V(NODE0_12_8),V(NODE0_12_9),V(NODE0_12_10),V(NODE0_12_11),V(NODE0_12_12),V(NODE0_12_13),V(NODE0_12_14),V(NODE0_12_15),V(NODE0_12_16),V(NODE0_12_17),V(NODE0_12_18),V(NODE0_12_19),V(NODE0_12_20),V(NODE0_12_21),V(NODE0_12_22),V(NODE0_12_23),V(NODE0_12_24),V(NODE0_12_25),V(NODE0_12_26),V(NODE0_12_27),V(NODE0_12_28),V(NODE0_12_29),V(NODE0_12_30),V(NODE0_12_31),V(NODE0_12_32),V(NODE0_12_33),V(NODE0_12_34),V(NODE0_12_35),V(NODE0_12_36),V(NODE0_12_37),V(NODE0_12_38),V(NODE0_12_39),V(NODE0_12_40),V(NODE0_12_41),V(NODE0_12_42),V(NODE0_12_43),V(NODE0_12_44),V(NODE0_12_45),V(NODE0_12_46),V(NODE0_12_47),V(NODE0_12_48),V(NODE0_12_49),V(NODE0_12_50),V(NODE0_12_51),V(NODE0_12_52),V(NODE0_12_53),V(NODE0_12_54),V(NODE0_12_55),V(NODE0_12_56),V(NODE0_12_57),V(NODE0_12_58),V(NODE0_12_59),V(NODE0_12_60),V(NODE0_12_61),V(NODE0_12_62),V(NODE0_12_63),V(NODE0_12_64),V(NODE0_12_65),V(NODE0_12_66),V(NODE0_12_67),V(NODE0_12_68),V(NODE0_12_69),V(NODE0_12_70),V(NODE0_12_71),V(NODE0_12_72),V(NODE0_12_73),V(NODE0_12_74),V(NODE0_12_75),V(NODE0_12_76),V(NODE0_12_77),V(NODE0_12_78),V(NODE0_12_79),V(NODE0_12_80),V(NODE0_12_81),V(NODE0_12_82),V(NODE0_12_83),V(NODE0_12_84),V(NODE0_12_85),V(NODE0_12_86),V(NODE0_12_87),V(NODE0_12_88),V(NODE0_12_89),V(NODE0_12_90),V(NODE0_12_91),V(NODE0_12_92),V(NODE0_12_93),V(NODE0_12_94),V(NODE0_12_95),V(NODE0_12_96),V(NODE0_12_97),V(NODE0_12_98),V(NODE0_12_99),V(NODE0_13_0),V(NODE0_13_1),V(NODE0_13_2),V(NODE0_13_3),V(NODE0_13_4),V(NODE0_13_5),V(NODE0_13_6),V(NODE0_13_7),V(NODE0_13_8),V(NODE0_13_9),V(NODE0_13_10),V(NODE0_13_11),V(NODE0_13_12),V(NODE0_13_13),V(NODE0_13_14),V(NODE0_13_15),V(NODE0_13_16),V(NODE0_13_17),V(NODE0_13_18),V(NODE0_13_19),V(NODE0_13_20),V(NODE0_13_21),V(NODE0_13_22),V(NODE0_13_23),V(NODE0_13_24),V(NODE0_13_25),V(NODE0_13_26),V(NODE0_13_27),V(NODE0_13_28),V(NODE0_13_29),V(NODE0_13_30),V(NODE0_13_31),V(NODE0_13_32),V(NODE0_13_33),V(NODE0_13_34),V(NODE0_13_35),V(NODE0_13_36),V(NODE0_13_37),V(NODE0_13_38),V(NODE0_13_39),V(NODE0_13_40),V(NODE0_13_41),V(NODE0_13_42),V(NODE0_13_43),V(NODE0_13_44),V(NODE0_13_45),V(NODE0_13_46),V(NODE0_13_47),V(NODE0_13_48),V(NODE0_13_49),V(NODE0_13_50),V(NODE0_13_51),V(NODE0_13_52),V(NODE0_13_53),V(NODE0_13_54),V(NODE0_13_55),V(NODE0_13_56),V(NODE0_13_57),V(NODE0_13_58),V(NODE0_13_59),V(NODE0_13_60),V(NODE0_13_61),V(NODE0_13_62),V(NODE0_13_63),V(NODE0_13_64),V(NODE0_13_65),V(NODE0_13_66),V(NODE0_13_67),V(NODE0_13_68),V(NODE0_13_69),V(NODE0_13_70),V(NODE0_13_71),V(NODE0_13_72),V(NODE0_13_73),V(NODE0_13_74),V(NODE0_13_75),V(NODE0_13_76),V(NODE0_13_77),V(NODE0_13_78),V(NODE0_13_79),V(NODE0_13_80),V(NODE0_13_81),V(NODE0_13_82),V(NODE0_13_83),V(NODE0_13_84),V(NODE0_13_85),V(NODE0_13_86),V(NODE0_13_87),V(NODE0_13_88),V(NODE0_13_89),V(NODE0_13_90),V(NODE0_13_91),V(NODE0_13_92),V(NODE0_13_93),V(NODE0_13_94),V(NODE0_13_95),V(NODE0_13_96),V(NODE0_13_97),V(NODE0_13_98),V(NODE0_13_99),V(NODE0_14_0),V(NODE0_14_1),V(NODE0_14_2),V(NODE0_14_3),V(NODE0_14_4),V(NODE0_14_5),V(NODE0_14_6),V(NODE0_14_7),V(NODE0_14_8),V(NODE0_14_9),V(NODE0_14_10),V(NODE0_14_11),V(NODE0_14_12),V(NODE0_14_13),V(NODE0_14_14),V(NODE0_14_15),V(NODE0_14_16),V(NODE0_14_17),V(NODE0_14_18),V(NODE0_14_19),V(NODE0_14_20),V(NODE0_14_21),V(NODE0_14_22),V(NODE0_14_23),V(NODE0_14_24),V(NODE0_14_25),V(NODE0_14_26),V(NODE0_14_27),V(NODE0_14_28),V(NODE0_14_29),V(NODE0_14_30),V(NODE0_14_31),V(NODE0_14_32),V(NODE0_14_33),V(NODE0_14_34),V(NODE0_14_35),V(NODE0_14_36),V(NODE0_14_37),V(NODE0_14_38),V(NODE0_14_39),V(NODE0_14_40),V(NODE0_14_41),V(NODE0_14_42),V(NODE0_14_43),V(NODE0_14_44),V(NODE0_14_45),V(NODE0_14_46),V(NODE0_14_47),V(NODE0_14_48),V(NODE0_14_49),V(NODE0_14_50),V(NODE0_14_51),V(NODE0_14_52),V(NODE0_14_53),V(NODE0_14_54),V(NODE0_14_55),V(NODE0_14_56),V(NODE0_14_57),V(NODE0_14_58),V(NODE0_14_59),V(NODE0_14_60),V(NODE0_14_61),V(NODE0_14_62),V(NODE0_14_63),V(NODE0_14_64),V(NODE0_14_65),V(NODE0_14_66),V(NODE0_14_67),V(NODE0_14_68),V(NODE0_14_69),V(NODE0_14_70),V(NODE0_14_71),V(NODE0_14_72),V(NODE0_14_73),V(NODE0_14_74),V(NODE0_14_75),V(NODE0_14_76),V(NODE0_14_77),V(NODE0_14_78),V(NODE0_14_79),V(NODE0_14_80),V(NODE0_14_81),V(NODE0_14_82),V(NODE0_14_83),V(NODE0_14_84),V(NODE0_14_85),V(NODE0_14_86),V(NODE0_14_87),V(NODE0_14_88),V(NODE0_14_89),V(NODE0_14_90),V(NODE0_14_91),V(NODE0_14_92),V(NODE0_14_93),V(NODE0_14_94),V(NODE0_14_95),V(NODE0_14_96),V(NODE0_14_97),V(NODE0_14_98),V(NODE0_14_99),V(NODE0_15_0),V(NODE0_15_1),V(NODE0_15_2),V(NODE0_15_3),V(NODE0_15_4),V(NODE0_15_5),V(NODE0_15_6),V(NODE0_15_7),V(NODE0_15_8),V(NODE0_15_9),V(NODE0_15_10),V(NODE0_15_11),V(NODE0_15_12),V(NODE0_15_13),V(NODE0_15_14),V(NODE0_15_15),V(NODE0_15_16),V(NODE0_15_17),V(NODE0_15_18),V(NODE0_15_19),V(NODE0_15_20),V(NODE0_15_21),V(NODE0_15_22),V(NODE0_15_23),V(NODE0_15_24),V(NODE0_15_25),V(NODE0_15_26),V(NODE0_15_27),V(NODE0_15_28),V(NODE0_15_29),V(NODE0_15_30),V(NODE0_15_31),V(NODE0_15_32),V(NODE0_15_33),V(NODE0_15_34),V(NODE0_15_35),V(NODE0_15_36),V(NODE0_15_37),V(NODE0_15_38),V(NODE0_15_39),V(NODE0_15_40),V(NODE0_15_41),V(NODE0_15_42),V(NODE0_15_43),V(NODE0_15_44),V(NODE0_15_45),V(NODE0_15_46),V(NODE0_15_47),V(NODE0_15_48),V(NODE0_15_49),V(NODE0_15_50),V(NODE0_15_51),V(NODE0_15_52),V(NODE0_15_53),V(NODE0_15_54),V(NODE0_15_55),V(NODE0_15_56),V(NODE0_15_57),V(NODE0_15_58),V(NODE0_15_59),V(NODE0_15_60),V(NODE0_15_61),V(NODE0_15_62),V(NODE0_15_63),V(NODE0_15_64),V(NODE0_15_65),V(NODE0_15_66),V(NODE0_15_67),V(NODE0_15_68),V(NODE0_15_69),V(NODE0_15_70),V(NODE0_15_71),V(NODE0_15_72),V(NODE0_15_73),V(NODE0_15_74),V(NODE0_15_75),V(NODE0_15_76),V(NODE0_15_77),V(NODE0_15_78),V(NODE0_15_79),V(NODE0_15_80),V(NODE0_15_81),V(NODE0_15_82),V(NODE0_15_83),V(NODE0_15_84),V(NODE0_15_85),V(NODE0_15_86),V(NODE0_15_87),V(NODE0_15_88),V(NODE0_15_89),V(NODE0_15_90),V(NODE0_15_91),V(NODE0_15_92),V(NODE0_15_93),V(NODE0_15_94),V(NODE0_15_95),V(NODE0_15_96),V(NODE0_15_97),V(NODE0_15_98),V(NODE0_15_99),V(NODE0_16_0),V(NODE0_16_1),V(NODE0_16_2),V(NODE0_16_3),V(NODE0_16_4),V(NODE0_16_5),V(NODE0_16_6),V(NODE0_16_7),V(NODE0_16_8),V(NODE0_16_9),V(NODE0_16_10),V(NODE0_16_11),V(NODE0_16_12),V(NODE0_16_13),V(NODE0_16_14),V(NODE0_16_15),V(NODE0_16_16),V(NODE0_16_17),V(NODE0_16_18),V(NODE0_16_19),V(NODE0_16_20),V(NODE0_16_21),V(NODE0_16_22),V(NODE0_16_23),V(NODE0_16_24),V(NODE0_16_25),V(NODE0_16_26),V(NODE0_16_27),V(NODE0_16_28),V(NODE0_16_29),V(NODE0_16_30),V(NODE0_16_31),V(NODE0_16_32),V(NODE0_16_33),V(NODE0_16_34),V(NODE0_16_35),V(NODE0_16_36),V(NODE0_16_37),V(NODE0_16_38),V(NODE0_16_39),V(NODE0_16_40),V(NODE0_16_41),V(NODE0_16_42),V(NODE0_16_43),V(NODE0_16_44),V(NODE0_16_45),V(NODE0_16_46),V(NODE0_16_47),V(NODE0_16_48),V(NODE0_16_49),V(NODE0_16_50),V(NODE0_16_51),V(NODE0_16_52),V(NODE0_16_53),V(NODE0_16_54),V(NODE0_16_55),V(NODE0_16_56),V(NODE0_16_57),V(NODE0_16_58),V(NODE0_16_59),V(NODE0_16_60),V(NODE0_16_61),V(NODE0_16_62),V(NODE0_16_63),V(NODE0_16_64),V(NODE0_16_65),V(NODE0_16_66),V(NODE0_16_67),V(NODE0_16_68),V(NODE0_16_69),V(NODE0_16_70),V(NODE0_16_71),V(NODE0_16_72),V(NODE0_16_73),V(NODE0_16_74),V(NODE0_16_75),V(NODE0_16_76),V(NODE0_16_77),V(NODE0_16_78),V(NODE0_16_79),V(NODE0_16_80),V(NODE0_16_81),V(NODE0_16_82),V(NODE0_16_83),V(NODE0_16_84),V(NODE0_16_85),V(NODE0_16_86),V(NODE0_16_87),V(NODE0_16_88),V(NODE0_16_89),V(NODE0_16_90),V(NODE0_16_91),V(NODE0_16_92),V(NODE0_16_93),V(NODE0_16_94),V(NODE0_16_95),V(NODE0_16_96),V(NODE0_16_97),V(NODE0_16_98),V(NODE0_16_99),V(NODE0_17_0),V(NODE0_17_1),V(NODE0_17_2),V(NODE0_17_3),V(NODE0_17_4),V(NODE0_17_5),V(NODE0_17_6),V(NODE0_17_7),V(NODE0_17_8),V(NODE0_17_9),V(NODE0_17_10),V(NODE0_17_11),V(NODE0_17_12),V(NODE0_17_13),V(NODE0_17_14),V(NODE0_17_15),V(NODE0_17_16),V(NODE0_17_17),V(NODE0_17_18),V(NODE0_17_19),V(NODE0_17_20),V(NODE0_17_21),V(NODE0_17_22),V(NODE0_17_23),V(NODE0_17_24),V(NODE0_17_25),V(NODE0_17_26),V(NODE0_17_27),V(NODE0_17_28),V(NODE0_17_29),V(NODE0_17_30),V(NODE0_17_31),V(NODE0_17_32),V(NODE0_17_33),V(NODE0_17_34),V(NODE0_17_35),V(NODE0_17_36),V(NODE0_17_37),V(NODE0_17_38),V(NODE0_17_39),V(NODE0_17_40),V(NODE0_17_41),V(NODE0_17_42),V(NODE0_17_43),V(NODE0_17_44),V(NODE0_17_45),V(NODE0_17_46),V(NODE0_17_47),V(NODE0_17_48),V(NODE0_17_49),V(NODE0_17_50),V(NODE0_17_51),V(NODE0_17_52),V(NODE0_17_53),V(NODE0_17_54),V(NODE0_17_55),V(NODE0_17_56),V(NODE0_17_57),V(NODE0_17_58),V(NODE0_17_59),V(NODE0_17_60),V(NODE0_17_61),V(NODE0_17_62),V(NODE0_17_63),V(NODE0_17_64),V(NODE0_17_65),V(NODE0_17_66),V(NODE0_17_67),V(NODE0_17_68),V(NODE0_17_69),V(NODE0_17_70),V(NODE0_17_71),V(NODE0_17_72),V(NODE0_17_73),V(NODE0_17_74),V(NODE0_17_75),V(NODE0_17_76),V(NODE0_17_77),V(NODE0_17_78),V(NODE0_17_79),V(NODE0_17_80),V(NODE0_17_81),V(NODE0_17_82),V(NODE0_17_83),V(NODE0_17_84),V(NODE0_17_85),V(NODE0_17_86),V(NODE0_17_87),V(NODE0_17_88),V(NODE0_17_89),V(NODE0_17_90),V(NODE0_17_91),V(NODE0_17_92),V(NODE0_17_93),V(NODE0_17_94),V(NODE0_17_95),V(NODE0_17_96),V(NODE0_17_97),V(NODE0_17_98),V(NODE0_17_99),V(NODE0_18_0),V(NODE0_18_1),V(NODE0_18_2),V(NODE0_18_3),V(NODE0_18_4),V(NODE0_18_5),V(NODE0_18_6),V(NODE0_18_7),V(NODE0_18_8),V(NODE0_18_9),V(NODE0_18_10),V(NODE0_18_11),V(NODE0_18_12),V(NODE0_18_13),V(NODE0_18_14),V(NODE0_18_15),V(NODE0_18_16),V(NODE0_18_17),V(NODE0_18_18),V(NODE0_18_19),V(NODE0_18_20),V(NODE0_18_21),V(NODE0_18_22),V(NODE0_18_23),V(NODE0_18_24),V(NODE0_18_25),V(NODE0_18_26),V(NODE0_18_27),V(NODE0_18_28),V(NODE0_18_29),V(NODE0_18_30),V(NODE0_18_31),V(NODE0_18_32),V(NODE0_18_33),V(NODE0_18_34),V(NODE0_18_35),V(NODE0_18_36),V(NODE0_18_37),V(NODE0_18_38),V(NODE0_18_39),V(NODE0_18_40),V(NODE0_18_41),V(NODE0_18_42),V(NODE0_18_43),V(NODE0_18_44),V(NODE0_18_45),V(NODE0_18_46),V(NODE0_18_47),V(NODE0_18_48),V(NODE0_18_49),V(NODE0_18_50),V(NODE0_18_51),V(NODE0_18_52),V(NODE0_18_53),V(NODE0_18_54),V(NODE0_18_55),V(NODE0_18_56),V(NODE0_18_57),V(NODE0_18_58),V(NODE0_18_59),V(NODE0_18_60),V(NODE0_18_61),V(NODE0_18_62),V(NODE0_18_63),V(NODE0_18_64),V(NODE0_18_65),V(NODE0_18_66),V(NODE0_18_67),V(NODE0_18_68),V(NODE0_18_69),V(NODE0_18_70),V(NODE0_18_71),V(NODE0_18_72),V(NODE0_18_73),V(NODE0_18_74),V(NODE0_18_75),V(NODE0_18_76),V(NODE0_18_77),V(NODE0_18_78),V(NODE0_18_79),V(NODE0_18_80),V(NODE0_18_81),V(NODE0_18_82),V(NODE0_18_83),V(NODE0_18_84),V(NODE0_18_85),V(NODE0_18_86),V(NODE0_18_87),V(NODE0_18_88),V(NODE0_18_89),V(NODE0_18_90),V(NODE0_18_91),V(NODE0_18_92),V(NODE0_18_93),V(NODE0_18_94),V(NODE0_18_95),V(NODE0_18_96),V(NODE0_18_97),V(NODE0_18_98),V(NODE0_18_99),V(NODE0_19_0),V(NODE0_19_1),V(NODE0_19_2),V(NODE0_19_3),V(NODE0_19_4),V(NODE0_19_5),V(NODE0_19_6),V(NODE0_19_7),V(NODE0_19_8),V(NODE0_19_9),V(NODE0_19_10),V(NODE0_19_11),V(NODE0_19_12),V(NODE0_19_13),V(NODE0_19_14),V(NODE0_19_15),V(NODE0_19_16),V(NODE0_19_17),V(NODE0_19_18),V(NODE0_19_19),V(NODE0_19_20),V(NODE0_19_21),V(NODE0_19_22),V(NODE0_19_23),V(NODE0_19_24),V(NODE0_19_25),V(NODE0_19_26),V(NODE0_19_27),V(NODE0_19_28),V(NODE0_19_29),V(NODE0_19_30),V(NODE0_19_31),V(NODE0_19_32),V(NODE0_19_33),V(NODE0_19_34),V(NODE0_19_35),V(NODE0_19_36),V(NODE0_19_37),V(NODE0_19_38),V(NODE0_19_39),V(NODE0_19_40),V(NODE0_19_41),V(NODE0_19_42),V(NODE0_19_43),V(NODE0_19_44),V(NODE0_19_45),V(NODE0_19_46),V(NODE0_19_47),V(NODE0_19_48),V(NODE0_19_49),V(NODE0_19_50),V(NODE0_19_51),V(NODE0_19_52),V(NODE0_19_53),V(NODE0_19_54),V(NODE0_19_55),V(NODE0_19_56),V(NODE0_19_57),V(NODE0_19_58),V(NODE0_19_59),V(NODE0_19_60),V(NODE0_19_61),V(NODE0_19_62),V(NODE0_19_63),V(NODE0_19_64),V(NODE0_19_65),V(NODE0_19_66),V(NODE0_19_67),V(NODE0_19_68),V(NODE0_19_69),V(NODE0_19_70),V(NODE0_19_71),V(NODE0_19_72),V(NODE0_19_73),V(NODE0_19_74),V(NODE0_19_75),V(NODE0_19_76),V(NODE0_19_77),V(NODE0_19_78),V(NODE0_19_79),V(NODE0_19_80),V(NODE0_19_81),V(NODE0_19_82),V(NODE0_19_83),V(NODE0_19_84),V(NODE0_19_85),V(NODE0_19_86),V(NODE0_19_87),V(NODE0_19_88),V(NODE0_19_89),V(NODE0_19_90),V(NODE0_19_91),V(NODE0_19_92),V(NODE0_19_93),V(NODE0_19_94),V(NODE0_19_95),V(NODE0_19_96),V(NODE0_19_97),V(NODE0_19_98),V(NODE0_19_99),V(NODE0_20_0),V(NODE0_20_1),V(NODE0_20_2),V(NODE0_20_3),V(NODE0_20_4),V(NODE0_20_5),V(NODE0_20_6),V(NODE0_20_7),V(NODE0_20_8),V(NODE0_20_9),V(NODE0_20_10),V(NODE0_20_11),V(NODE0_20_12),V(NODE0_20_13),V(NODE0_20_14),V(NODE0_20_15),V(NODE0_20_16),V(NODE0_20_17),V(NODE0_20_18),V(NODE0_20_19),V(NODE0_20_20),V(NODE0_20_21),V(NODE0_20_22),V(NODE0_20_23),V(NODE0_20_24),V(NODE0_20_25),V(NODE0_20_26),V(NODE0_20_27),V(NODE0_20_28),V(NODE0_20_29),V(NODE0_20_30),V(NODE0_20_31),V(NODE0_20_32),V(NODE0_20_33),V(NODE0_20_34),V(NODE0_20_35),V(NODE0_20_36),V(NODE0_20_37),V(NODE0_20_38),V(NODE0_20_39),V(NODE0_20_40),V(NODE0_20_41),V(NODE0_20_42),V(NODE0_20_43),V(NODE0_20_44),V(NODE0_20_45),V(NODE0_20_46),V(NODE0_20_47),V(NODE0_20_48),V(NODE0_20_49),V(NODE0_20_50),V(NODE0_20_51),V(NODE0_20_52),V(NODE0_20_53),V(NODE0_20_54),V(NODE0_20_55),V(NODE0_20_56),V(NODE0_20_57),V(NODE0_20_58),V(NODE0_20_59),V(NODE0_20_60),V(NODE0_20_61),V(NODE0_20_62),V(NODE0_20_63),V(NODE0_20_64),V(NODE0_20_65),V(NODE0_20_66),V(NODE0_20_67),V(NODE0_20_68),V(NODE0_20_69),V(NODE0_20_70),V(NODE0_20_71),V(NODE0_20_72),V(NODE0_20_73),V(NODE0_20_74),V(NODE0_20_75),V(NODE0_20_76),V(NODE0_20_77),V(NODE0_20_78),V(NODE0_20_79),V(NODE0_20_80),V(NODE0_20_81),V(NODE0_20_82),V(NODE0_20_83),V(NODE0_20_84),V(NODE0_20_85),V(NODE0_20_86),V(NODE0_20_87),V(NODE0_20_88),V(NODE0_20_89),V(NODE0_20_90),V(NODE0_20_91),V(NODE0_20_92),V(NODE0_20_93),V(NODE0_20_94),V(NODE0_20_95),V(NODE0_20_96),V(NODE0_20_97),V(NODE0_20_98),V(NODE0_20_99),V(NODE0_21_0),V(NODE0_21_1),V(NODE0_21_2),V(NODE0_21_3),V(NODE0_21_4),V(NODE0_21_5),V(NODE0_21_6),V(NODE0_21_7),V(NODE0_21_8),V(NODE0_21_9),V(NODE0_21_10),V(NODE0_21_11),V(NODE0_21_12),V(NODE0_21_13),V(NODE0_21_14),V(NODE0_21_15),V(NODE0_21_16),V(NODE0_21_17),V(NODE0_21_18),V(NODE0_21_19),V(NODE0_21_20),V(NODE0_21_21),V(NODE0_21_22),V(NODE0_21_23),V(NODE0_21_24),V(NODE0_21_25),V(NODE0_21_26),V(NODE0_21_27),V(NODE0_21_28),V(NODE0_21_29),V(NODE0_21_30),V(NODE0_21_31),V(NODE0_21_32),V(NODE0_21_33),V(NODE0_21_34),V(NODE0_21_35),V(NODE0_21_36),V(NODE0_21_37),V(NODE0_21_38),V(NODE0_21_39),V(NODE0_21_40),V(NODE0_21_41),V(NODE0_21_42),V(NODE0_21_43),V(NODE0_21_44),V(NODE0_21_45),V(NODE0_21_46),V(NODE0_21_47),V(NODE0_21_48),V(NODE0_21_49),V(NODE0_21_50),V(NODE0_21_51),V(NODE0_21_52),V(NODE0_21_53),V(NODE0_21_54),V(NODE0_21_55),V(NODE0_21_56),V(NODE0_21_57),V(NODE0_21_58),V(NODE0_21_59),V(NODE0_21_60),V(NODE0_21_61),V(NODE0_21_62),V(NODE0_21_63),V(NODE0_21_64),V(NODE0_21_65),V(NODE0_21_66),V(NODE0_21_67),V(NODE0_21_68),V(NODE0_21_69),V(NODE0_21_70),V(NODE0_21_71),V(NODE0_21_72),V(NODE0_21_73),V(NODE0_21_74),V(NODE0_21_75),V(NODE0_21_76),V(NODE0_21_77),V(NODE0_21_78),V(NODE0_21_79),V(NODE0_21_80),V(NODE0_21_81),V(NODE0_21_82),V(NODE0_21_83),V(NODE0_21_84),V(NODE0_21_85),V(NODE0_21_86),V(NODE0_21_87),V(NODE0_21_88),V(NODE0_21_89),V(NODE0_21_90),V(NODE0_21_91),V(NODE0_21_92),V(NODE0_21_93),V(NODE0_21_94),V(NODE0_21_95),V(NODE0_21_96),V(NODE0_21_97),V(NODE0_21_98),V(NODE0_21_99),V(NODE0_22_0),V(NODE0_22_1),V(NODE0_22_2),V(NODE0_22_3),V(NODE0_22_4),V(NODE0_22_5),V(NODE0_22_6),V(NODE0_22_7),V(NODE0_22_8),V(NODE0_22_9),V(NODE0_22_10),V(NODE0_22_11),V(NODE0_22_12),V(NODE0_22_13),V(NODE0_22_14),V(NODE0_22_15),V(NODE0_22_16),V(NODE0_22_17),V(NODE0_22_18),V(NODE0_22_19),V(NODE0_22_20),V(NODE0_22_21),V(NODE0_22_22),V(NODE0_22_23),V(NODE0_22_24),V(NODE0_22_25),V(NODE0_22_26),V(NODE0_22_27),V(NODE0_22_28),V(NODE0_22_29),V(NODE0_22_30),V(NODE0_22_31),V(NODE0_22_32),V(NODE0_22_33),V(NODE0_22_34),V(NODE0_22_35),V(NODE0_22_36),V(NODE0_22_37),V(NODE0_22_38),V(NODE0_22_39),V(NODE0_22_40),V(NODE0_22_41),V(NODE0_22_42),V(NODE0_22_43),V(NODE0_22_44),V(NODE0_22_45),V(NODE0_22_46),V(NODE0_22_47),V(NODE0_22_48),V(NODE0_22_49),V(NODE0_22_50),V(NODE0_22_51),V(NODE0_22_52),V(NODE0_22_53),V(NODE0_22_54),V(NODE0_22_55),V(NODE0_22_56),V(NODE0_22_57),V(NODE0_22_58),V(NODE0_22_59),V(NODE0_22_60),V(NODE0_22_61),V(NODE0_22_62),V(NODE0_22_63),V(NODE0_22_64),V(NODE0_22_65),V(NODE0_22_66),V(NODE0_22_67),V(NODE0_22_68),V(NODE0_22_69),V(NODE0_22_70),V(NODE0_22_71),V(NODE0_22_72),V(NODE0_22_73),V(NODE0_22_74),V(NODE0_22_75),V(NODE0_22_76),V(NODE0_22_77),V(NODE0_22_78),V(NODE0_22_79),V(NODE0_22_80),V(NODE0_22_81),V(NODE0_22_82),V(NODE0_22_83),V(NODE0_22_84),V(NODE0_22_85),V(NODE0_22_86),V(NODE0_22_87),V(NODE0_22_88),V(NODE0_22_89),V(NODE0_22_90),V(NODE0_22_91),V(NODE0_22_92),V(NODE0_22_93),V(NODE0_22_94),V(NODE0_22_95),V(NODE0_22_96),V(NODE0_22_97),V(NODE0_22_98),V(NODE0_22_99),V(NODE0_23_0),V(NODE0_23_1),V(NODE0_23_2),V(NODE0_23_3),V(NODE0_23_4),V(NODE0_23_5),V(NODE0_23_6),V(NODE0_23_7),V(NODE0_23_8),V(NODE0_23_9),V(NODE0_23_10),V(NODE0_23_11),V(NODE0_23_12),V(NODE0_23_13),V(NODE0_23_14),V(NODE0_23_15),V(NODE0_23_16),V(NODE0_23_17),V(NODE0_23_18),V(NODE0_23_19),V(NODE0_23_20),V(NODE0_23_21),V(NODE0_23_22),V(NODE0_23_23),V(NODE0_23_24),V(NODE0_23_25),V(NODE0_23_26),V(NODE0_23_27),V(NODE0_23_28),V(NODE0_23_29),V(NODE0_23_30),V(NODE0_23_31),V(NODE0_23_32),V(NODE0_23_33),V(NODE0_23_34),V(NODE0_23_35),V(NODE0_23_36),V(NODE0_23_37),V(NODE0_23_38),V(NODE0_23_39),V(NODE0_23_40),V(NODE0_23_41),V(NODE0_23_42),V(NODE0_23_43),V(NODE0_23_44),V(NODE0_23_45),V(NODE0_23_46),V(NODE0_23_47),V(NODE0_23_48),V(NODE0_23_49),V(NODE0_23_50),V(NODE0_23_51),V(NODE0_23_52),V(NODE0_23_53),V(NODE0_23_54),V(NODE0_23_55),V(NODE0_23_56),V(NODE0_23_57),V(NODE0_23_58),V(NODE0_23_59),V(NODE0_23_60),V(NODE0_23_61),V(NODE0_23_62),V(NODE0_23_63),V(NODE0_23_64),V(NODE0_23_65),V(NODE0_23_66),V(NODE0_23_67),V(NODE0_23_68),V(NODE0_23_69),V(NODE0_23_70),V(NODE0_23_71),V(NODE0_23_72),V(NODE0_23_73),V(NODE0_23_74),V(NODE0_23_75),V(NODE0_23_76),V(NODE0_23_77),V(NODE0_23_78),V(NODE0_23_79),V(NODE0_23_80),V(NODE0_23_81),V(NODE0_23_82),V(NODE0_23_83),V(NODE0_23_84),V(NODE0_23_85),V(NODE0_23_86),V(NODE0_23_87),V(NODE0_23_88),V(NODE0_23_89),V(NODE0_23_90),V(NODE0_23_91),V(NODE0_23_92),V(NODE0_23_93),V(NODE0_23_94),V(NODE0_23_95),V(NODE0_23_96),V(NODE0_23_97),V(NODE0_23_98),V(NODE0_23_99),V(NODE0_24_0),V(NODE0_24_1),V(NODE0_24_2),V(NODE0_24_3),V(NODE0_24_4),V(NODE0_24_5),V(NODE0_24_6),V(NODE0_24_7),V(NODE0_24_8),V(NODE0_24_9),V(NODE0_24_10),V(NODE0_24_11),V(NODE0_24_12),V(NODE0_24_13),V(NODE0_24_14),V(NODE0_24_15),V(NODE0_24_16),V(NODE0_24_17),V(NODE0_24_18),V(NODE0_24_19),V(NODE0_24_20),V(NODE0_24_21),V(NODE0_24_22),V(NODE0_24_23),V(NODE0_24_24),V(NODE0_24_25),V(NODE0_24_26),V(NODE0_24_27),V(NODE0_24_28),V(NODE0_24_29),V(NODE0_24_30),V(NODE0_24_31),V(NODE0_24_32),V(NODE0_24_33),V(NODE0_24_34),V(NODE0_24_35),V(NODE0_24_36),V(NODE0_24_37),V(NODE0_24_38),V(NODE0_24_39),V(NODE0_24_40),V(NODE0_24_41),V(NODE0_24_42),V(NODE0_24_43),V(NODE0_24_44),V(NODE0_24_45),V(NODE0_24_46),V(NODE0_24_47),V(NODE0_24_48),V(NODE0_24_49),V(NODE0_24_50),V(NODE0_24_51),V(NODE0_24_52),V(NODE0_24_53),V(NODE0_24_54),V(NODE0_24_55),V(NODE0_24_56),V(NODE0_24_57),V(NODE0_24_58),V(NODE0_24_59),V(NODE0_24_60),V(NODE0_24_61),V(NODE0_24_62),V(NODE0_24_63),V(NODE0_24_64),V(NODE0_24_65),V(NODE0_24_66),V(NODE0_24_67),V(NODE0_24_68),V(NODE0_24_69),V(NODE0_24_70),V(NODE0_24_71),V(NODE0_24_72),V(NODE0_24_73),V(NODE0_24_74),V(NODE0_24_75),V(NODE0_24_76),V(NODE0_24_77),V(NODE0_24_78),V(NODE0_24_79),V(NODE0_24_80),V(NODE0_24_81),V(NODE0_24_82),V(NODE0_24_83),V(NODE0_24_84),V(NODE0_24_85),V(NODE0_24_86),V(NODE0_24_87),V(NODE0_24_88),V(NODE0_24_89),V(NODE0_24_90),V(NODE0_24_91),V(NODE0_24_92),V(NODE0_24_93),V(NODE0_24_94),V(NODE0_24_95),V(NODE0_24_96),V(NODE0_24_97),V(NODE0_24_98),V(NODE0_24_99),V(NODE0_25_0),V(NODE0_25_1),V(NODE0_25_2),V(NODE0_25_3),V(NODE0_25_4),V(NODE0_25_5),V(NODE0_25_6),V(NODE0_25_7),V(NODE0_25_8),V(NODE0_25_9),V(NODE0_25_10),V(NODE0_25_11),V(NODE0_25_12),V(NODE0_25_13),V(NODE0_25_14),V(NODE0_25_15),V(NODE0_25_16),V(NODE0_25_17),V(NODE0_25_18),V(NODE0_25_19),V(NODE0_25_20),V(NODE0_25_21),V(NODE0_25_22),V(NODE0_25_23),V(NODE0_25_24),V(NODE0_25_25),V(NODE0_25_26),V(NODE0_25_27),V(NODE0_25_28),V(NODE0_25_29),V(NODE0_25_30),V(NODE0_25_31),V(NODE0_25_32),V(NODE0_25_33),V(NODE0_25_34),V(NODE0_25_35),V(NODE0_25_36),V(NODE0_25_37),V(NODE0_25_38),V(NODE0_25_39),V(NODE0_25_40),V(NODE0_25_41),V(NODE0_25_42),V(NODE0_25_43),V(NODE0_25_44),V(NODE0_25_45),V(NODE0_25_46),V(NODE0_25_47),V(NODE0_25_48),V(NODE0_25_49),V(NODE0_25_50),V(NODE0_25_51),V(NODE0_25_52),V(NODE0_25_53),V(NODE0_25_54),V(NODE0_25_55),V(NODE0_25_56),V(NODE0_25_57),V(NODE0_25_58),V(NODE0_25_59),V(NODE0_25_60),V(NODE0_25_61),V(NODE0_25_62),V(NODE0_25_63),V(NODE0_25_64),V(NODE0_25_65),V(NODE0_25_66),V(NODE0_25_67),V(NODE0_25_68),V(NODE0_25_69),V(NODE0_25_70),V(NODE0_25_71),V(NODE0_25_72),V(NODE0_25_73),V(NODE0_25_74),V(NODE0_25_75),V(NODE0_25_76),V(NODE0_25_77),V(NODE0_25_78),V(NODE0_25_79),V(NODE0_25_80),V(NODE0_25_81),V(NODE0_25_82),V(NODE0_25_83),V(NODE0_25_84),V(NODE0_25_85),V(NODE0_25_86),V(NODE0_25_87),V(NODE0_25_88),V(NODE0_25_89),V(NODE0_25_90),V(NODE0_25_91),V(NODE0_25_92),V(NODE0_25_93),V(NODE0_25_94),V(NODE0_25_95),V(NODE0_25_96),V(NODE0_25_97),V(NODE0_25_98),V(NODE0_25_99),V(NODE0_26_0),V(NODE0_26_1),V(NODE0_26_2),V(NODE0_26_3),V(NODE0_26_4),V(NODE0_26_5),V(NODE0_26_6),V(NODE0_26_7),V(NODE0_26_8),V(NODE0_26_9),V(NODE0_26_10),V(NODE0_26_11),V(NODE0_26_12),V(NODE0_26_13),V(NODE0_26_14),V(NODE0_26_15),V(NODE0_26_16),V(NODE0_26_17),V(NODE0_26_18),V(NODE0_26_19),V(NODE0_26_20),V(NODE0_26_21),V(NODE0_26_22),V(NODE0_26_23),V(NODE0_26_24),V(NODE0_26_25),V(NODE0_26_26),V(NODE0_26_27),V(NODE0_26_28),V(NODE0_26_29),V(NODE0_26_30),V(NODE0_26_31),V(NODE0_26_32),V(NODE0_26_33),V(NODE0_26_34),V(NODE0_26_35),V(NODE0_26_36),V(NODE0_26_37),V(NODE0_26_38),V(NODE0_26_39),V(NODE0_26_40),V(NODE0_26_41),V(NODE0_26_42),V(NODE0_26_43),V(NODE0_26_44),V(NODE0_26_45),V(NODE0_26_46),V(NODE0_26_47),V(NODE0_26_48),V(NODE0_26_49),V(NODE0_26_50),V(NODE0_26_51),V(NODE0_26_52),V(NODE0_26_53),V(NODE0_26_54),V(NODE0_26_55),V(NODE0_26_56),V(NODE0_26_57),V(NODE0_26_58),V(NODE0_26_59),V(NODE0_26_60),V(NODE0_26_61),V(NODE0_26_62),V(NODE0_26_63),V(NODE0_26_64),V(NODE0_26_65),V(NODE0_26_66),V(NODE0_26_67),V(NODE0_26_68),V(NODE0_26_69),V(NODE0_26_70),V(NODE0_26_71),V(NODE0_26_72),V(NODE0_26_73),V(NODE0_26_74),V(NODE0_26_75),V(NODE0_26_76),V(NODE0_26_77),V(NODE0_26_78),V(NODE0_26_79),V(NODE0_26_80),V(NODE0_26_81),V(NODE0_26_82),V(NODE0_26_83),V(NODE0_26_84),V(NODE0_26_85),V(NODE0_26_86),V(NODE0_26_87),V(NODE0_26_88),V(NODE0_26_89),V(NODE0_26_90),V(NODE0_26_91),V(NODE0_26_92),V(NODE0_26_93),V(NODE0_26_94),V(NODE0_26_95),V(NODE0_26_96),V(NODE0_26_97),V(NODE0_26_98),V(NODE0_26_99),V(NODE0_27_0),V(NODE0_27_1),V(NODE0_27_2),V(NODE0_27_3),V(NODE0_27_4),V(NODE0_27_5),V(NODE0_27_6),V(NODE0_27_7),V(NODE0_27_8),V(NODE0_27_9),V(NODE0_27_10),V(NODE0_27_11),V(NODE0_27_12),V(NODE0_27_13),V(NODE0_27_14),V(NODE0_27_15),V(NODE0_27_16),V(NODE0_27_17),V(NODE0_27_18),V(NODE0_27_19),V(NODE0_27_20),V(NODE0_27_21),V(NODE0_27_22),V(NODE0_27_23),V(NODE0_27_24),V(NODE0_27_25),V(NODE0_27_26),V(NODE0_27_27),V(NODE0_27_28),V(NODE0_27_29),V(NODE0_27_30),V(NODE0_27_31),V(NODE0_27_32),V(NODE0_27_33),V(NODE0_27_34),V(NODE0_27_35),V(NODE0_27_36),V(NODE0_27_37),V(NODE0_27_38),V(NODE0_27_39),V(NODE0_27_40),V(NODE0_27_41),V(NODE0_27_42),V(NODE0_27_43),V(NODE0_27_44),V(NODE0_27_45),V(NODE0_27_46),V(NODE0_27_47),V(NODE0_27_48),V(NODE0_27_49),V(NODE0_27_50),V(NODE0_27_51),V(NODE0_27_52),V(NODE0_27_53),V(NODE0_27_54),V(NODE0_27_55),V(NODE0_27_56),V(NODE0_27_57),V(NODE0_27_58),V(NODE0_27_59),V(NODE0_27_60),V(NODE0_27_61),V(NODE0_27_62),V(NODE0_27_63),V(NODE0_27_64),V(NODE0_27_65),V(NODE0_27_66),V(NODE0_27_67),V(NODE0_27_68),V(NODE0_27_69),V(NODE0_27_70),V(NODE0_27_71),V(NODE0_27_72),V(NODE0_27_73),V(NODE0_27_74),V(NODE0_27_75),V(NODE0_27_76),V(NODE0_27_77),V(NODE0_27_78),V(NODE0_27_79),V(NODE0_27_80),V(NODE0_27_81),V(NODE0_27_82),V(NODE0_27_83),V(NODE0_27_84),V(NODE0_27_85),V(NODE0_27_86),V(NODE0_27_87),V(NODE0_27_88),V(NODE0_27_89),V(NODE0_27_90),V(NODE0_27_91),V(NODE0_27_92),V(NODE0_27_93),V(NODE0_27_94),V(NODE0_27_95),V(NODE0_27_96),V(NODE0_27_97),V(NODE0_27_98),V(NODE0_27_99),V(NODE0_28_0),V(NODE0_28_1),V(NODE0_28_2),V(NODE0_28_3),V(NODE0_28_4),V(NODE0_28_5),V(NODE0_28_6),V(NODE0_28_7),V(NODE0_28_8),V(NODE0_28_9),V(NODE0_28_10),V(NODE0_28_11),V(NODE0_28_12),V(NODE0_28_13),V(NODE0_28_14),V(NODE0_28_15),V(NODE0_28_16),V(NODE0_28_17),V(NODE0_28_18),V(NODE0_28_19),V(NODE0_28_20),V(NODE0_28_21),V(NODE0_28_22),V(NODE0_28_23),V(NODE0_28_24),V(NODE0_28_25),V(NODE0_28_26),V(NODE0_28_27),V(NODE0_28_28),V(NODE0_28_29),V(NODE0_28_30),V(NODE0_28_31),V(NODE0_28_32),V(NODE0_28_33),V(NODE0_28_34),V(NODE0_28_35),V(NODE0_28_36),V(NODE0_28_37),V(NODE0_28_38),V(NODE0_28_39),V(NODE0_28_40),V(NODE0_28_41),V(NODE0_28_42),V(NODE0_28_43),V(NODE0_28_44),V(NODE0_28_45),V(NODE0_28_46),V(NODE0_28_47),V(NODE0_28_48),V(NODE0_28_49),V(NODE0_28_50),V(NODE0_28_51),V(NODE0_28_52),V(NODE0_28_53),V(NODE0_28_54),V(NODE0_28_55),V(NODE0_28_56),V(NODE0_28_57),V(NODE0_28_58),V(NODE0_28_59),V(NODE0_28_60),V(NODE0_28_61),V(NODE0_28_62),V(NODE0_28_63),V(NODE0_28_64),V(NODE0_28_65),V(NODE0_28_66),V(NODE0_28_67),V(NODE0_28_68),V(NODE0_28_69),V(NODE0_28_70),V(NODE0_28_71),V(NODE0_28_72),V(NODE0_28_73),V(NODE0_28_74),V(NODE0_28_75),V(NODE0_28_76),V(NODE0_28_77),V(NODE0_28_78),V(NODE0_28_79),V(NODE0_28_80),V(NODE0_28_81),V(NODE0_28_82),V(NODE0_28_83),V(NODE0_28_84),V(NODE0_28_85),V(NODE0_28_86),V(NODE0_28_87),V(NODE0_28_88),V(NODE0_28_89),V(NODE0_28_90),V(NODE0_28_91),V(NODE0_28_92),V(NODE0_28_93),V(NODE0_28_94),V(NODE0_28_95),V(NODE0_28_96),V(NODE0_28_97),V(NODE0_28_98),V(NODE0_28_99),V(NODE0_29_0),V(NODE0_29_1),V(NODE0_29_2),V(NODE0_29_3),V(NODE0_29_4),V(NODE0_29_5),V(NODE0_29_6),V(NODE0_29_7),V(NODE0_29_8),V(NODE0_29_9),V(NODE0_29_10),V(NODE0_29_11),V(NODE0_29_12),V(NODE0_29_13),V(NODE0_29_14),V(NODE0_29_15),V(NODE0_29_16),V(NODE0_29_17),V(NODE0_29_18),V(NODE0_29_19),V(NODE0_29_20),V(NODE0_29_21),V(NODE0_29_22),V(NODE0_29_23),V(NODE0_29_24),V(NODE0_29_25),V(NODE0_29_26),V(NODE0_29_27),V(NODE0_29_28),V(NODE0_29_29),V(NODE0_29_30),V(NODE0_29_31),V(NODE0_29_32),V(NODE0_29_33),V(NODE0_29_34),V(NODE0_29_35),V(NODE0_29_36),V(NODE0_29_37),V(NODE0_29_38),V(NODE0_29_39),V(NODE0_29_40),V(NODE0_29_41),V(NODE0_29_42),V(NODE0_29_43),V(NODE0_29_44),V(NODE0_29_45),V(NODE0_29_46),V(NODE0_29_47),V(NODE0_29_48),V(NODE0_29_49),V(NODE0_29_50),V(NODE0_29_51),V(NODE0_29_52),V(NODE0_29_53),V(NODE0_29_54),V(NODE0_29_55),V(NODE0_29_56),V(NODE0_29_57),V(NODE0_29_58),V(NODE0_29_59),V(NODE0_29_60),V(NODE0_29_61),V(NODE0_29_62),V(NODE0_29_63),V(NODE0_29_64),V(NODE0_29_65),V(NODE0_29_66),V(NODE0_29_67),V(NODE0_29_68),V(NODE0_29_69),V(NODE0_29_70),V(NODE0_29_71),V(NODE0_29_72),V(NODE0_29_73),V(NODE0_29_74),V(NODE0_29_75),V(NODE0_29_76),V(NODE0_29_77),V(NODE0_29_78),V(NODE0_29_79),V(NODE0_29_80),V(NODE0_29_81),V(NODE0_29_82),V(NODE0_29_83),V(NODE0_29_84),V(NODE0_29_85),V(NODE0_29_86),V(NODE0_29_87),V(NODE0_29_88),V(NODE0_29_89),V(NODE0_29_90),V(NODE0_29_91),V(NODE0_29_92),V(NODE0_29_93),V(NODE0_29_94),V(NODE0_29_95),V(NODE0_29_96),V(NODE0_29_97),V(NODE0_29_98),V(NODE0_29_99),V(NODE0_30_0),V(NODE0_30_1),V(NODE0_30_2),V(NODE0_30_3),V(NODE0_30_4),V(NODE0_30_5),V(NODE0_30_6),V(NODE0_30_7),V(NODE0_30_8),V(NODE0_30_9),V(NODE0_30_10),V(NODE0_30_11),V(NODE0_30_12),V(NODE0_30_13),V(NODE0_30_14),V(NODE0_30_15),V(NODE0_30_16),V(NODE0_30_17),V(NODE0_30_18),V(NODE0_30_19),V(NODE0_30_20),V(NODE0_30_21),V(NODE0_30_22),V(NODE0_30_23),V(NODE0_30_24),V(NODE0_30_25),V(NODE0_30_26),V(NODE0_30_27),V(NODE0_30_28),V(NODE0_30_29),V(NODE0_30_30),V(NODE0_30_31),V(NODE0_30_32),V(NODE0_30_33),V(NODE0_30_34),V(NODE0_30_35),V(NODE0_30_36),V(NODE0_30_37),V(NODE0_30_38),V(NODE0_30_39),V(NODE0_30_40),V(NODE0_30_41),V(NODE0_30_42),V(NODE0_30_43),V(NODE0_30_44),V(NODE0_30_45),V(NODE0_30_46),V(NODE0_30_47),V(NODE0_30_48),V(NODE0_30_49),V(NODE0_30_50),V(NODE0_30_51),V(NODE0_30_52),V(NODE0_30_53),V(NODE0_30_54),V(NODE0_30_55),V(NODE0_30_56),V(NODE0_30_57),V(NODE0_30_58),V(NODE0_30_59),V(NODE0_30_60),V(NODE0_30_61),V(NODE0_30_62),V(NODE0_30_63),V(NODE0_30_64),V(NODE0_30_65),V(NODE0_30_66),V(NODE0_30_67),V(NODE0_30_68),V(NODE0_30_69),V(NODE0_30_70),V(NODE0_30_71),V(NODE0_30_72),V(NODE0_30_73),V(NODE0_30_74),V(NODE0_30_75),V(NODE0_30_76),V(NODE0_30_77),V(NODE0_30_78),V(NODE0_30_79),V(NODE0_30_80),V(NODE0_30_81),V(NODE0_30_82),V(NODE0_30_83),V(NODE0_30_84),V(NODE0_30_85),V(NODE0_30_86),V(NODE0_30_87),V(NODE0_30_88),V(NODE0_30_89),V(NODE0_30_90),V(NODE0_30_91),V(NODE0_30_92),V(NODE0_30_93),V(NODE0_30_94),V(NODE0_30_95),V(NODE0_30_96),V(NODE0_30_97),V(NODE0_30_98),V(NODE0_30_99),V(NODE0_31_0),V(NODE0_31_1),V(NODE0_31_2),V(NODE0_31_3),V(NODE0_31_4),V(NODE0_31_5),V(NODE0_31_6),V(NODE0_31_7),V(NODE0_31_8),V(NODE0_31_9),V(NODE0_31_10),V(NODE0_31_11),V(NODE0_31_12),V(NODE0_31_13),V(NODE0_31_14),V(NODE0_31_15),V(NODE0_31_16),V(NODE0_31_17),V(NODE0_31_18),V(NODE0_31_19),V(NODE0_31_20),V(NODE0_31_21),V(NODE0_31_22),V(NODE0_31_23),V(NODE0_31_24),V(NODE0_31_25),V(NODE0_31_26),V(NODE0_31_27),V(NODE0_31_28),V(NODE0_31_29),V(NODE0_31_30),V(NODE0_31_31),V(NODE0_31_32),V(NODE0_31_33),V(NODE0_31_34),V(NODE0_31_35),V(NODE0_31_36),V(NODE0_31_37),V(NODE0_31_38),V(NODE0_31_39),V(NODE0_31_40),V(NODE0_31_41),V(NODE0_31_42),V(NODE0_31_43),V(NODE0_31_44),V(NODE0_31_45),V(NODE0_31_46),V(NODE0_31_47),V(NODE0_31_48),V(NODE0_31_49),V(NODE0_31_50),V(NODE0_31_51),V(NODE0_31_52),V(NODE0_31_53),V(NODE0_31_54),V(NODE0_31_55),V(NODE0_31_56),V(NODE0_31_57),V(NODE0_31_58),V(NODE0_31_59),V(NODE0_31_60),V(NODE0_31_61),V(NODE0_31_62),V(NODE0_31_63),V(NODE0_31_64),V(NODE0_31_65),V(NODE0_31_66),V(NODE0_31_67),V(NODE0_31_68),V(NODE0_31_69),V(NODE0_31_70),V(NODE0_31_71),V(NODE0_31_72),V(NODE0_31_73),V(NODE0_31_74),V(NODE0_31_75),V(NODE0_31_76),V(NODE0_31_77),V(NODE0_31_78),V(NODE0_31_79),V(NODE0_31_80),V(NODE0_31_81),V(NODE0_31_82),V(NODE0_31_83),V(NODE0_31_84),V(NODE0_31_85),V(NODE0_31_86),V(NODE0_31_87),V(NODE0_31_88),V(NODE0_31_89),V(NODE0_31_90),V(NODE0_31_91),V(NODE0_31_92),V(NODE0_31_93),V(NODE0_31_94),V(NODE0_31_95),V(NODE0_31_96),V(NODE0_31_97),V(NODE0_31_98),V(NODE0_31_99),V(NODE0_32_0),V(NODE0_32_1),V(NODE0_32_2),V(NODE0_32_3),V(NODE0_32_4),V(NODE0_32_5),V(NODE0_32_6),V(NODE0_32_7),V(NODE0_32_8),V(NODE0_32_9),V(NODE0_32_10),V(NODE0_32_11),V(NODE0_32_12),V(NODE0_32_13),V(NODE0_32_14),V(NODE0_32_15),V(NODE0_32_16),V(NODE0_32_17),V(NODE0_32_18),V(NODE0_32_19),V(NODE0_32_20),V(NODE0_32_21),V(NODE0_32_22),V(NODE0_32_23),V(NODE0_32_24),V(NODE0_32_25),V(NODE0_32_26),V(NODE0_32_27),V(NODE0_32_28),V(NODE0_32_29),V(NODE0_32_30),V(NODE0_32_31),V(NODE0_32_32),V(NODE0_32_33),V(NODE0_32_34),V(NODE0_32_35),V(NODE0_32_36),V(NODE0_32_37),V(NODE0_32_38),V(NODE0_32_39),V(NODE0_32_40),V(NODE0_32_41),V(NODE0_32_42),V(NODE0_32_43),V(NODE0_32_44),V(NODE0_32_45),V(NODE0_32_46),V(NODE0_32_47),V(NODE0_32_48),V(NODE0_32_49),V(NODE0_32_50),V(NODE0_32_51),V(NODE0_32_52),V(NODE0_32_53),V(NODE0_32_54),V(NODE0_32_55),V(NODE0_32_56),V(NODE0_32_57),V(NODE0_32_58),V(NODE0_32_59),V(NODE0_32_60),V(NODE0_32_61),V(NODE0_32_62),V(NODE0_32_63),V(NODE0_32_64),V(NODE0_32_65),V(NODE0_32_66),V(NODE0_32_67),V(NODE0_32_68),V(NODE0_32_69),V(NODE0_32_70),V(NODE0_32_71),V(NODE0_32_72),V(NODE0_32_73),V(NODE0_32_74),V(NODE0_32_75),V(NODE0_32_76),V(NODE0_32_77),V(NODE0_32_78),V(NODE0_32_79),V(NODE0_32_80),V(NODE0_32_81),V(NODE0_32_82),V(NODE0_32_83),V(NODE0_32_84),V(NODE0_32_85),V(NODE0_32_86),V(NODE0_32_87),V(NODE0_32_88),V(NODE0_32_89),V(NODE0_32_90),V(NODE0_32_91),V(NODE0_32_92),V(NODE0_32_93),V(NODE0_32_94),V(NODE0_32_95),V(NODE0_32_96),V(NODE0_32_97),V(NODE0_32_98),V(NODE0_32_99),V(NODE0_33_0),V(NODE0_33_1),V(NODE0_33_2),V(NODE0_33_3),V(NODE0_33_4),V(NODE0_33_5),V(NODE0_33_6),V(NODE0_33_7),V(NODE0_33_8),V(NODE0_33_9),V(NODE0_33_10),V(NODE0_33_11),V(NODE0_33_12),V(NODE0_33_13),V(NODE0_33_14),V(NODE0_33_15),V(NODE0_33_16),V(NODE0_33_17),V(NODE0_33_18),V(NODE0_33_19),V(NODE0_33_20),V(NODE0_33_21),V(NODE0_33_22),V(NODE0_33_23),V(NODE0_33_24),V(NODE0_33_25),V(NODE0_33_26),V(NODE0_33_27),V(NODE0_33_28),V(NODE0_33_29),V(NODE0_33_30),V(NODE0_33_31),V(NODE0_33_32),V(NODE0_33_33),V(NODE0_33_34),V(NODE0_33_35),V(NODE0_33_36),V(NODE0_33_37),V(NODE0_33_38),V(NODE0_33_39),V(NODE0_33_40),V(NODE0_33_41),V(NODE0_33_42),V(NODE0_33_43),V(NODE0_33_44),V(NODE0_33_45),V(NODE0_33_46),V(NODE0_33_47),V(NODE0_33_48),V(NODE0_33_49),V(NODE0_33_50),V(NODE0_33_51),V(NODE0_33_52),V(NODE0_33_53),V(NODE0_33_54),V(NODE0_33_55),V(NODE0_33_56),V(NODE0_33_57),V(NODE0_33_58),V(NODE0_33_59),V(NODE0_33_60),V(NODE0_33_61),V(NODE0_33_62),V(NODE0_33_63),V(NODE0_33_64),V(NODE0_33_65),V(NODE0_33_66),V(NODE0_33_67),V(NODE0_33_68),V(NODE0_33_69),V(NODE0_33_70),V(NODE0_33_71),V(NODE0_33_72),V(NODE0_33_73),V(NODE0_33_74),V(NODE0_33_75),V(NODE0_33_76),V(NODE0_33_77),V(NODE0_33_78),V(NODE0_33_79),V(NODE0_33_80),V(NODE0_33_81),V(NODE0_33_82),V(NODE0_33_83),V(NODE0_33_84),V(NODE0_33_85),V(NODE0_33_86),V(NODE0_33_87),V(NODE0_33_88),V(NODE0_33_89),V(NODE0_33_90),V(NODE0_33_91),V(NODE0_33_92),V(NODE0_33_93),V(NODE0_33_94),V(NODE0_33_95),V(NODE0_33_96),V(NODE0_33_97),V(NODE0_33_98),V(NODE0_33_99),V(NODE0_34_0),V(NODE0_34_1),V(NODE0_34_2),V(NODE0_34_3),V(NODE0_34_4),V(NODE0_34_5),V(NODE0_34_6),V(NODE0_34_7),V(NODE0_34_8),V(NODE0_34_9),V(NODE0_34_10),V(NODE0_34_11),V(NODE0_34_12),V(NODE0_34_13),V(NODE0_34_14),V(NODE0_34_15),V(NODE0_34_16),V(NODE0_34_17),V(NODE0_34_18),V(NODE0_34_19),V(NODE0_34_20),V(NODE0_34_21),V(NODE0_34_22),V(NODE0_34_23),V(NODE0_34_24),V(NODE0_34_25),V(NODE0_34_26),V(NODE0_34_27),V(NODE0_34_28),V(NODE0_34_29),V(NODE0_34_30),V(NODE0_34_31),V(NODE0_34_32),V(NODE0_34_33),V(NODE0_34_34),V(NODE0_34_35),V(NODE0_34_36),V(NODE0_34_37),V(NODE0_34_38),V(NODE0_34_39),V(NODE0_34_40),V(NODE0_34_41),V(NODE0_34_42),V(NODE0_34_43),V(NODE0_34_44),V(NODE0_34_45),V(NODE0_34_46),V(NODE0_34_47),V(NODE0_34_48),V(NODE0_34_49),V(NODE0_34_50),V(NODE0_34_51),V(NODE0_34_52),V(NODE0_34_53),V(NODE0_34_54),V(NODE0_34_55),V(NODE0_34_56),V(NODE0_34_57),V(NODE0_34_58),V(NODE0_34_59),V(NODE0_34_60),V(NODE0_34_61),V(NODE0_34_62),V(NODE0_34_63),V(NODE0_34_64),V(NODE0_34_65),V(NODE0_34_66),V(NODE0_34_67),V(NODE0_34_68),V(NODE0_34_69),V(NODE0_34_70),V(NODE0_34_71),V(NODE0_34_72),V(NODE0_34_73),V(NODE0_34_74),V(NODE0_34_75),V(NODE0_34_76),V(NODE0_34_77),V(NODE0_34_78),V(NODE0_34_79),V(NODE0_34_80),V(NODE0_34_81),V(NODE0_34_82),V(NODE0_34_83),V(NODE0_34_84),V(NODE0_34_85),V(NODE0_34_86),V(NODE0_34_87),V(NODE0_34_88),V(NODE0_34_89),V(NODE0_34_90),V(NODE0_34_91),V(NODE0_34_92),V(NODE0_34_93),V(NODE0_34_94),V(NODE0_34_95),V(NODE0_34_96),V(NODE0_34_97),V(NODE0_34_98),V(NODE0_34_99),V(NODE0_35_0),V(NODE0_35_1),V(NODE0_35_2),V(NODE0_35_3),V(NODE0_35_4),V(NODE0_35_5),V(NODE0_35_6),V(NODE0_35_7),V(NODE0_35_8),V(NODE0_35_9),V(NODE0_35_10),V(NODE0_35_11),V(NODE0_35_12),V(NODE0_35_13),V(NODE0_35_14),V(NODE0_35_15),V(NODE0_35_16),V(NODE0_35_17),V(NODE0_35_18),V(NODE0_35_19),V(NODE0_35_20),V(NODE0_35_21),V(NODE0_35_22),V(NODE0_35_23),V(NODE0_35_24),V(NODE0_35_25),V(NODE0_35_26),V(NODE0_35_27),V(NODE0_35_28),V(NODE0_35_29),V(NODE0_35_30),V(NODE0_35_31),V(NODE0_35_32),V(NODE0_35_33),V(NODE0_35_34),V(NODE0_35_35),V(NODE0_35_36),V(NODE0_35_37),V(NODE0_35_38),V(NODE0_35_39),V(NODE0_35_40),V(NODE0_35_41),V(NODE0_35_42),V(NODE0_35_43),V(NODE0_35_44),V(NODE0_35_45),V(NODE0_35_46),V(NODE0_35_47),V(NODE0_35_48),V(NODE0_35_49),V(NODE0_35_50),V(NODE0_35_51),V(NODE0_35_52),V(NODE0_35_53),V(NODE0_35_54),V(NODE0_35_55),V(NODE0_35_56),V(NODE0_35_57),V(NODE0_35_58),V(NODE0_35_59),V(NODE0_35_60),V(NODE0_35_61),V(NODE0_35_62),V(NODE0_35_63),V(NODE0_35_64),V(NODE0_35_65),V(NODE0_35_66),V(NODE0_35_67),V(NODE0_35_68),V(NODE0_35_69),V(NODE0_35_70),V(NODE0_35_71),V(NODE0_35_72),V(NODE0_35_73),V(NODE0_35_74),V(NODE0_35_75),V(NODE0_35_76),V(NODE0_35_77),V(NODE0_35_78),V(NODE0_35_79),V(NODE0_35_80),V(NODE0_35_81),V(NODE0_35_82),V(NODE0_35_83),V(NODE0_35_84),V(NODE0_35_85),V(NODE0_35_86),V(NODE0_35_87),V(NODE0_35_88),V(NODE0_35_89),V(NODE0_35_90),V(NODE0_35_91),V(NODE0_35_92),V(NODE0_35_93),V(NODE0_35_94),V(NODE0_35_95),V(NODE0_35_96),V(NODE0_35_97),V(NODE0_35_98),V(NODE0_35_99),V(NODE0_36_0),V(NODE0_36_1),V(NODE0_36_2),V(NODE0_36_3),V(NODE0_36_4),V(NODE0_36_5),V(NODE0_36_6),V(NODE0_36_7),V(NODE0_36_8),V(NODE0_36_9),V(NODE0_36_10),V(NODE0_36_11),V(NODE0_36_12),V(NODE0_36_13),V(NODE0_36_14),V(NODE0_36_15),V(NODE0_36_16),V(NODE0_36_17),V(NODE0_36_18),V(NODE0_36_19),V(NODE0_36_20),V(NODE0_36_21),V(NODE0_36_22),V(NODE0_36_23),V(NODE0_36_24),V(NODE0_36_25),V(NODE0_36_26),V(NODE0_36_27),V(NODE0_36_28),V(NODE0_36_29),V(NODE0_36_30),V(NODE0_36_31),V(NODE0_36_32),V(NODE0_36_33),V(NODE0_36_34),V(NODE0_36_35),V(NODE0_36_36),V(NODE0_36_37),V(NODE0_36_38),V(NODE0_36_39),V(NODE0_36_40),V(NODE0_36_41),V(NODE0_36_42),V(NODE0_36_43),V(NODE0_36_44),V(NODE0_36_45),V(NODE0_36_46),V(NODE0_36_47),V(NODE0_36_48),V(NODE0_36_49),V(NODE0_36_50),V(NODE0_36_51),V(NODE0_36_52),V(NODE0_36_53),V(NODE0_36_54),V(NODE0_36_55),V(NODE0_36_56),V(NODE0_36_57),V(NODE0_36_58),V(NODE0_36_59),V(NODE0_36_60),V(NODE0_36_61),V(NODE0_36_62),V(NODE0_36_63),V(NODE0_36_64),V(NODE0_36_65),V(NODE0_36_66),V(NODE0_36_67),V(NODE0_36_68),V(NODE0_36_69),V(NODE0_36_70),V(NODE0_36_71),V(NODE0_36_72),V(NODE0_36_73),V(NODE0_36_74),V(NODE0_36_75),V(NODE0_36_76),V(NODE0_36_77),V(NODE0_36_78),V(NODE0_36_79),V(NODE0_36_80),V(NODE0_36_81),V(NODE0_36_82),V(NODE0_36_83),V(NODE0_36_84),V(NODE0_36_85),V(NODE0_36_86),V(NODE0_36_87),V(NODE0_36_88),V(NODE0_36_89),V(NODE0_36_90),V(NODE0_36_91),V(NODE0_36_92),V(NODE0_36_93),V(NODE0_36_94),V(NODE0_36_95),V(NODE0_36_96),V(NODE0_36_97),V(NODE0_36_98),V(NODE0_36_99),V(NODE0_37_0),V(NODE0_37_1),V(NODE0_37_2),V(NODE0_37_3),V(NODE0_37_4),V(NODE0_37_5),V(NODE0_37_6),V(NODE0_37_7),V(NODE0_37_8),V(NODE0_37_9),V(NODE0_37_10),V(NODE0_37_11),V(NODE0_37_12),V(NODE0_37_13),V(NODE0_37_14),V(NODE0_37_15),V(NODE0_37_16),V(NODE0_37_17),V(NODE0_37_18),V(NODE0_37_19),V(NODE0_37_20),V(NODE0_37_21),V(NODE0_37_22),V(NODE0_37_23),V(NODE0_37_24),V(NODE0_37_25),V(NODE0_37_26),V(NODE0_37_27),V(NODE0_37_28),V(NODE0_37_29),V(NODE0_37_30),V(NODE0_37_31),V(NODE0_37_32),V(NODE0_37_33),V(NODE0_37_34),V(NODE0_37_35),V(NODE0_37_36),V(NODE0_37_37),V(NODE0_37_38),V(NODE0_37_39),V(NODE0_37_40),V(NODE0_37_41),V(NODE0_37_42),V(NODE0_37_43),V(NODE0_37_44),V(NODE0_37_45),V(NODE0_37_46),V(NODE0_37_47),V(NODE0_37_48),V(NODE0_37_49),V(NODE0_37_50),V(NODE0_37_51),V(NODE0_37_52),V(NODE0_37_53),V(NODE0_37_54),V(NODE0_37_55),V(NODE0_37_56),V(NODE0_37_57),V(NODE0_37_58),V(NODE0_37_59),V(NODE0_37_60),V(NODE0_37_61),V(NODE0_37_62),V(NODE0_37_63),V(NODE0_37_64),V(NODE0_37_65),V(NODE0_37_66),V(NODE0_37_67),V(NODE0_37_68),V(NODE0_37_69),V(NODE0_37_70),V(NODE0_37_71),V(NODE0_37_72),V(NODE0_37_73),V(NODE0_37_74),V(NODE0_37_75),V(NODE0_37_76),V(NODE0_37_77),V(NODE0_37_78),V(NODE0_37_79),V(NODE0_37_80),V(NODE0_37_81),V(NODE0_37_82),V(NODE0_37_83),V(NODE0_37_84),V(NODE0_37_85),V(NODE0_37_86),V(NODE0_37_87),V(NODE0_37_88),V(NODE0_37_89),V(NODE0_37_90),V(NODE0_37_91),V(NODE0_37_92),V(NODE0_37_93),V(NODE0_37_94),V(NODE0_37_95),V(NODE0_37_96),V(NODE0_37_97),V(NODE0_37_98),V(NODE0_37_99),V(NODE0_38_0),V(NODE0_38_1),V(NODE0_38_2),V(NODE0_38_3),V(NODE0_38_4),V(NODE0_38_5),V(NODE0_38_6),V(NODE0_38_7),V(NODE0_38_8),V(NODE0_38_9),V(NODE0_38_10),V(NODE0_38_11),V(NODE0_38_12),V(NODE0_38_13),V(NODE0_38_14),V(NODE0_38_15),V(NODE0_38_16),V(NODE0_38_17),V(NODE0_38_18),V(NODE0_38_19),V(NODE0_38_20),V(NODE0_38_21),V(NODE0_38_22),V(NODE0_38_23),V(NODE0_38_24),V(NODE0_38_25),V(NODE0_38_26),V(NODE0_38_27),V(NODE0_38_28),V(NODE0_38_29),V(NODE0_38_30),V(NODE0_38_31),V(NODE0_38_32),V(NODE0_38_33),V(NODE0_38_34),V(NODE0_38_35),V(NODE0_38_36),V(NODE0_38_37),V(NODE0_38_38),V(NODE0_38_39),V(NODE0_38_40),V(NODE0_38_41),V(NODE0_38_42),V(NODE0_38_43),V(NODE0_38_44),V(NODE0_38_45),V(NODE0_38_46),V(NODE0_38_47),V(NODE0_38_48),V(NODE0_38_49),V(NODE0_38_50),V(NODE0_38_51),V(NODE0_38_52),V(NODE0_38_53),V(NODE0_38_54),V(NODE0_38_55),V(NODE0_38_56),V(NODE0_38_57),V(NODE0_38_58),V(NODE0_38_59),V(NODE0_38_60),V(NODE0_38_61),V(NODE0_38_62),V(NODE0_38_63),V(NODE0_38_64),V(NODE0_38_65),V(NODE0_38_66),V(NODE0_38_67),V(NODE0_38_68),V(NODE0_38_69),V(NODE0_38_70),V(NODE0_38_71),V(NODE0_38_72),V(NODE0_38_73),V(NODE0_38_74),V(NODE0_38_75),V(NODE0_38_76),V(NODE0_38_77),V(NODE0_38_78),V(NODE0_38_79),V(NODE0_38_80),V(NODE0_38_81),V(NODE0_38_82),V(NODE0_38_83),V(NODE0_38_84),V(NODE0_38_85),V(NODE0_38_86),V(NODE0_38_87),V(NODE0_38_88),V(NODE0_38_89),V(NODE0_38_90),V(NODE0_38_91),V(NODE0_38_92),V(NODE0_38_93),V(NODE0_38_94),V(NODE0_38_95),V(NODE0_38_96),V(NODE0_38_97),V(NODE0_38_98),V(NODE0_38_99),V(NODE0_39_0),V(NODE0_39_1),V(NODE0_39_2),V(NODE0_39_3),V(NODE0_39_4),V(NODE0_39_5),V(NODE0_39_6),V(NODE0_39_7),V(NODE0_39_8),V(NODE0_39_9),V(NODE0_39_10),V(NODE0_39_11),V(NODE0_39_12),V(NODE0_39_13),V(NODE0_39_14),V(NODE0_39_15),V(NODE0_39_16),V(NODE0_39_17),V(NODE0_39_18),V(NODE0_39_19),V(NODE0_39_20),V(NODE0_39_21),V(NODE0_39_22),V(NODE0_39_23),V(NODE0_39_24),V(NODE0_39_25),V(NODE0_39_26),V(NODE0_39_27),V(NODE0_39_28),V(NODE0_39_29),V(NODE0_39_30),V(NODE0_39_31),V(NODE0_39_32),V(NODE0_39_33),V(NODE0_39_34),V(NODE0_39_35),V(NODE0_39_36),V(NODE0_39_37),V(NODE0_39_38),V(NODE0_39_39),V(NODE0_39_40),V(NODE0_39_41),V(NODE0_39_42),V(NODE0_39_43),V(NODE0_39_44),V(NODE0_39_45),V(NODE0_39_46),V(NODE0_39_47),V(NODE0_39_48),V(NODE0_39_49),V(NODE0_39_50),V(NODE0_39_51),V(NODE0_39_52),V(NODE0_39_53),V(NODE0_39_54),V(NODE0_39_55),V(NODE0_39_56),V(NODE0_39_57),V(NODE0_39_58),V(NODE0_39_59),V(NODE0_39_60),V(NODE0_39_61),V(NODE0_39_62),V(NODE0_39_63),V(NODE0_39_64),V(NODE0_39_65),V(NODE0_39_66),V(NODE0_39_67),V(NODE0_39_68),V(NODE0_39_69),V(NODE0_39_70),V(NODE0_39_71),V(NODE0_39_72),V(NODE0_39_73),V(NODE0_39_74),V(NODE0_39_75),V(NODE0_39_76),V(NODE0_39_77),V(NODE0_39_78),V(NODE0_39_79),V(NODE0_39_80),V(NODE0_39_81),V(NODE0_39_82),V(NODE0_39_83),V(NODE0_39_84),V(NODE0_39_85),V(NODE0_39_86),V(NODE0_39_87),V(NODE0_39_88),V(NODE0_39_89),V(NODE0_39_90),V(NODE0_39_91),V(NODE0_39_92),V(NODE0_39_93),V(NODE0_39_94),V(NODE0_39_95),V(NODE0_39_96),V(NODE0_39_97),V(NODE0_39_98),V(NODE0_39_99),V(NODE0_40_0),V(NODE0_40_1),V(NODE0_40_2),V(NODE0_40_3),V(NODE0_40_4),V(NODE0_40_5),V(NODE0_40_6),V(NODE0_40_7),V(NODE0_40_8),V(NODE0_40_9),V(NODE0_40_10),V(NODE0_40_11),V(NODE0_40_12),V(NODE0_40_13),V(NODE0_40_14),V(NODE0_40_15),V(NODE0_40_16),V(NODE0_40_17),V(NODE0_40_18),V(NODE0_40_19),V(NODE0_40_20),V(NODE0_40_21),V(NODE0_40_22),V(NODE0_40_23),V(NODE0_40_24),V(NODE0_40_25),V(NODE0_40_26),V(NODE0_40_27),V(NODE0_40_28),V(NODE0_40_29),V(NODE0_40_30),V(NODE0_40_31),V(NODE0_40_32),V(NODE0_40_33),V(NODE0_40_34),V(NODE0_40_35),V(NODE0_40_36),V(NODE0_40_37),V(NODE0_40_38),V(NODE0_40_39),V(NODE0_40_40),V(NODE0_40_41),V(NODE0_40_42),V(NODE0_40_43),V(NODE0_40_44),V(NODE0_40_45),V(NODE0_40_46),V(NODE0_40_47),V(NODE0_40_48),V(NODE0_40_49),V(NODE0_40_50),V(NODE0_40_51),V(NODE0_40_52),V(NODE0_40_53),V(NODE0_40_54),V(NODE0_40_55),V(NODE0_40_56),V(NODE0_40_57),V(NODE0_40_58),V(NODE0_40_59),V(NODE0_40_60),V(NODE0_40_61),V(NODE0_40_62),V(NODE0_40_63),V(NODE0_40_64),V(NODE0_40_65),V(NODE0_40_66),V(NODE0_40_67),V(NODE0_40_68),V(NODE0_40_69),V(NODE0_40_70),V(NODE0_40_71),V(NODE0_40_72),V(NODE0_40_73),V(NODE0_40_74),V(NODE0_40_75),V(NODE0_40_76),V(NODE0_40_77),V(NODE0_40_78),V(NODE0_40_79),V(NODE0_40_80),V(NODE0_40_81),V(NODE0_40_82),V(NODE0_40_83),V(NODE0_40_84),V(NODE0_40_85),V(NODE0_40_86),V(NODE0_40_87),V(NODE0_40_88),V(NODE0_40_89),V(NODE0_40_90),V(NODE0_40_91),V(NODE0_40_92),V(NODE0_40_93),V(NODE0_40_94),V(NODE0_40_95),V(NODE0_40_96),V(NODE0_40_97),V(NODE0_40_98),V(NODE0_40_99),V(NODE0_41_0),V(NODE0_41_1),V(NODE0_41_2),V(NODE0_41_3),V(NODE0_41_4),V(NODE0_41_5),V(NODE0_41_6),V(NODE0_41_7),V(NODE0_41_8),V(NODE0_41_9),V(NODE0_41_10),V(NODE0_41_11),V(NODE0_41_12),V(NODE0_41_13),V(NODE0_41_14),V(NODE0_41_15),V(NODE0_41_16),V(NODE0_41_17),V(NODE0_41_18),V(NODE0_41_19),V(NODE0_41_20),V(NODE0_41_21),V(NODE0_41_22),V(NODE0_41_23),V(NODE0_41_24),V(NODE0_41_25),V(NODE0_41_26),V(NODE0_41_27),V(NODE0_41_28),V(NODE0_41_29),V(NODE0_41_30),V(NODE0_41_31),V(NODE0_41_32),V(NODE0_41_33),V(NODE0_41_34),V(NODE0_41_35),V(NODE0_41_36),V(NODE0_41_37),V(NODE0_41_38),V(NODE0_41_39),V(NODE0_41_40),V(NODE0_41_41),V(NODE0_41_42),V(NODE0_41_43),V(NODE0_41_44),V(NODE0_41_45),V(NODE0_41_46),V(NODE0_41_47),V(NODE0_41_48),V(NODE0_41_49),V(NODE0_41_50),V(NODE0_41_51),V(NODE0_41_52),V(NODE0_41_53),V(NODE0_41_54),V(NODE0_41_55),V(NODE0_41_56),V(NODE0_41_57),V(NODE0_41_58),V(NODE0_41_59),V(NODE0_41_60),V(NODE0_41_61),V(NODE0_41_62),V(NODE0_41_63),V(NODE0_41_64),V(NODE0_41_65),V(NODE0_41_66),V(NODE0_41_67),V(NODE0_41_68),V(NODE0_41_69),V(NODE0_41_70),V(NODE0_41_71),V(NODE0_41_72),V(NODE0_41_73),V(NODE0_41_74),V(NODE0_41_75),V(NODE0_41_76),V(NODE0_41_77),V(NODE0_41_78),V(NODE0_41_79),V(NODE0_41_80),V(NODE0_41_81),V(NODE0_41_82),V(NODE0_41_83),V(NODE0_41_84),V(NODE0_41_85),V(NODE0_41_86),V(NODE0_41_87),V(NODE0_41_88),V(NODE0_41_89),V(NODE0_41_90),V(NODE0_41_91),V(NODE0_41_92),V(NODE0_41_93),V(NODE0_41_94),V(NODE0_41_95),V(NODE0_41_96),V(NODE0_41_97),V(NODE0_41_98),V(NODE0_41_99),V(NODE0_42_0),V(NODE0_42_1),V(NODE0_42_2),V(NODE0_42_3),V(NODE0_42_4),V(NODE0_42_5),V(NODE0_42_6),V(NODE0_42_7),V(NODE0_42_8),V(NODE0_42_9),V(NODE0_42_10),V(NODE0_42_11),V(NODE0_42_12),V(NODE0_42_13),V(NODE0_42_14),V(NODE0_42_15),V(NODE0_42_16),V(NODE0_42_17),V(NODE0_42_18),V(NODE0_42_19),V(NODE0_42_20),V(NODE0_42_21),V(NODE0_42_22),V(NODE0_42_23),V(NODE0_42_24),V(NODE0_42_25),V(NODE0_42_26),V(NODE0_42_27),V(NODE0_42_28),V(NODE0_42_29),V(NODE0_42_30),V(NODE0_42_31),V(NODE0_42_32),V(NODE0_42_33),V(NODE0_42_34),V(NODE0_42_35),V(NODE0_42_36),V(NODE0_42_37),V(NODE0_42_38),V(NODE0_42_39),V(NODE0_42_40),V(NODE0_42_41),V(NODE0_42_42),V(NODE0_42_43),V(NODE0_42_44),V(NODE0_42_45),V(NODE0_42_46),V(NODE0_42_47),V(NODE0_42_48),V(NODE0_42_49),V(NODE0_42_50),V(NODE0_42_51),V(NODE0_42_52),V(NODE0_42_53),V(NODE0_42_54),V(NODE0_42_55),V(NODE0_42_56),V(NODE0_42_57),V(NODE0_42_58),V(NODE0_42_59),V(NODE0_42_60),V(NODE0_42_61),V(NODE0_42_62),V(NODE0_42_63),V(NODE0_42_64),V(NODE0_42_65),V(NODE0_42_66),V(NODE0_42_67),V(NODE0_42_68),V(NODE0_42_69),V(NODE0_42_70),V(NODE0_42_71),V(NODE0_42_72),V(NODE0_42_73),V(NODE0_42_74),V(NODE0_42_75),V(NODE0_42_76),V(NODE0_42_77),V(NODE0_42_78),V(NODE0_42_79),V(NODE0_42_80),V(NODE0_42_81),V(NODE0_42_82),V(NODE0_42_83),V(NODE0_42_84),V(NODE0_42_85),V(NODE0_42_86),V(NODE0_42_87),V(NODE0_42_88),V(NODE0_42_89),V(NODE0_42_90),V(NODE0_42_91),V(NODE0_42_92),V(NODE0_42_93),V(NODE0_42_94),V(NODE0_42_95),V(NODE0_42_96),V(NODE0_42_97),V(NODE0_42_98),V(NODE0_42_99),V(NODE0_43_0),V(NODE0_43_1),V(NODE0_43_2),V(NODE0_43_3),V(NODE0_43_4),V(NODE0_43_5),V(NODE0_43_6),V(NODE0_43_7),V(NODE0_43_8),V(NODE0_43_9),V(NODE0_43_10),V(NODE0_43_11),V(NODE0_43_12),V(NODE0_43_13),V(NODE0_43_14),V(NODE0_43_15),V(NODE0_43_16),V(NODE0_43_17),V(NODE0_43_18),V(NODE0_43_19),V(NODE0_43_20),V(NODE0_43_21),V(NODE0_43_22),V(NODE0_43_23),V(NODE0_43_24),V(NODE0_43_25),V(NODE0_43_26),V(NODE0_43_27),V(NODE0_43_28),V(NODE0_43_29),V(NODE0_43_30),V(NODE0_43_31),V(NODE0_43_32),V(NODE0_43_33),V(NODE0_43_34),V(NODE0_43_35),V(NODE0_43_36),V(NODE0_43_37),V(NODE0_43_38),V(NODE0_43_39),V(NODE0_43_40),V(NODE0_43_41),V(NODE0_43_42),V(NODE0_43_43),V(NODE0_43_44),V(NODE0_43_45),V(NODE0_43_46),V(NODE0_43_47),V(NODE0_43_48),V(NODE0_43_49),V(NODE0_43_50),V(NODE0_43_51),V(NODE0_43_52),V(NODE0_43_53),V(NODE0_43_54),V(NODE0_43_55),V(NODE0_43_56),V(NODE0_43_57),V(NODE0_43_58),V(NODE0_43_59),V(NODE0_43_60),V(NODE0_43_61),V(NODE0_43_62),V(NODE0_43_63),V(NODE0_43_64),V(NODE0_43_65),V(NODE0_43_66),V(NODE0_43_67),V(NODE0_43_68),V(NODE0_43_69),V(NODE0_43_70),V(NODE0_43_71),V(NODE0_43_72),V(NODE0_43_73),V(NODE0_43_74),V(NODE0_43_75),V(NODE0_43_76),V(NODE0_43_77),V(NODE0_43_78),V(NODE0_43_79),V(NODE0_43_80),V(NODE0_43_81),V(NODE0_43_82),V(NODE0_43_83),V(NODE0_43_84),V(NODE0_43_85),V(NODE0_43_86),V(NODE0_43_87),V(NODE0_43_88),V(NODE0_43_89),V(NODE0_43_90),V(NODE0_43_91),V(NODE0_43_92),V(NODE0_43_93),V(NODE0_43_94),V(NODE0_43_95),V(NODE0_43_96),V(NODE0_43_97),V(NODE0_43_98),V(NODE0_43_99),V(NODE0_44_0),V(NODE0_44_1),V(NODE0_44_2),V(NODE0_44_3),V(NODE0_44_4),V(NODE0_44_5),V(NODE0_44_6),V(NODE0_44_7),V(NODE0_44_8),V(NODE0_44_9),V(NODE0_44_10),V(NODE0_44_11),V(NODE0_44_12),V(NODE0_44_13),V(NODE0_44_14),V(NODE0_44_15),V(NODE0_44_16),V(NODE0_44_17),V(NODE0_44_18),V(NODE0_44_19),V(NODE0_44_20),V(NODE0_44_21),V(NODE0_44_22),V(NODE0_44_23),V(NODE0_44_24),V(NODE0_44_25),V(NODE0_44_26),V(NODE0_44_27),V(NODE0_44_28),V(NODE0_44_29),V(NODE0_44_30),V(NODE0_44_31),V(NODE0_44_32),V(NODE0_44_33),V(NODE0_44_34),V(NODE0_44_35),V(NODE0_44_36),V(NODE0_44_37),V(NODE0_44_38),V(NODE0_44_39),V(NODE0_44_40),V(NODE0_44_41),V(NODE0_44_42),V(NODE0_44_43),V(NODE0_44_44),V(NODE0_44_45),V(NODE0_44_46),V(NODE0_44_47),V(NODE0_44_48),V(NODE0_44_49),V(NODE0_44_50),V(NODE0_44_51),V(NODE0_44_52),V(NODE0_44_53),V(NODE0_44_54),V(NODE0_44_55),V(NODE0_44_56),V(NODE0_44_57),V(NODE0_44_58),V(NODE0_44_59),V(NODE0_44_60),V(NODE0_44_61),V(NODE0_44_62),V(NODE0_44_63),V(NODE0_44_64),V(NODE0_44_65),V(NODE0_44_66),V(NODE0_44_67),V(NODE0_44_68),V(NODE0_44_69),V(NODE0_44_70),V(NODE0_44_71),V(NODE0_44_72),V(NODE0_44_73),V(NODE0_44_74),V(NODE0_44_75),V(NODE0_44_76),V(NODE0_44_77),V(NODE0_44_78),V(NODE0_44_79),V(NODE0_44_80),V(NODE0_44_81),V(NODE0_44_82),V(NODE0_44_83),V(NODE0_44_84),V(NODE0_44_85),V(NODE0_44_86),V(NODE0_44_87),V(NODE0_44_88),V(NODE0_44_89),V(NODE0_44_90),V(NODE0_44_91),V(NODE0_44_92),V(NODE0_44_93),V(NODE0_44_94),V(NODE0_44_95),V(NODE0_44_96),V(NODE0_44_97),V(NODE0_44_98),V(NODE0_44_99),V(NODE0_45_0),V(NODE0_45_1),V(NODE0_45_2),V(NODE0_45_3),V(NODE0_45_4),V(NODE0_45_5),V(NODE0_45_6),V(NODE0_45_7),V(NODE0_45_8),V(NODE0_45_9),V(NODE0_45_10),V(NODE0_45_11),V(NODE0_45_12),V(NODE0_45_13),V(NODE0_45_14),V(NODE0_45_15),V(NODE0_45_16),V(NODE0_45_17),V(NODE0_45_18),V(NODE0_45_19),V(NODE0_45_20),V(NODE0_45_21),V(NODE0_45_22),V(NODE0_45_23),V(NODE0_45_24),V(NODE0_45_25),V(NODE0_45_26),V(NODE0_45_27),V(NODE0_45_28),V(NODE0_45_29),V(NODE0_45_30),V(NODE0_45_31),V(NODE0_45_32),V(NODE0_45_33),V(NODE0_45_34),V(NODE0_45_35),V(NODE0_45_36),V(NODE0_45_37),V(NODE0_45_38),V(NODE0_45_39),V(NODE0_45_40),V(NODE0_45_41),V(NODE0_45_42),V(NODE0_45_43),V(NODE0_45_44),V(NODE0_45_45),V(NODE0_45_46),V(NODE0_45_47),V(NODE0_45_48),V(NODE0_45_49),V(NODE0_45_50),V(NODE0_45_51),V(NODE0_45_52),V(NODE0_45_53),V(NODE0_45_54),V(NODE0_45_55),V(NODE0_45_56),V(NODE0_45_57),V(NODE0_45_58),V(NODE0_45_59),V(NODE0_45_60),V(NODE0_45_61),V(NODE0_45_62),V(NODE0_45_63),V(NODE0_45_64),V(NODE0_45_65),V(NODE0_45_66),V(NODE0_45_67),V(NODE0_45_68),V(NODE0_45_69),V(NODE0_45_70),V(NODE0_45_71),V(NODE0_45_72),V(NODE0_45_73),V(NODE0_45_74),V(NODE0_45_75),V(NODE0_45_76),V(NODE0_45_77),V(NODE0_45_78),V(NODE0_45_79),V(NODE0_45_80),V(NODE0_45_81),V(NODE0_45_82),V(NODE0_45_83),V(NODE0_45_84),V(NODE0_45_85),V(NODE0_45_86),V(NODE0_45_87),V(NODE0_45_88),V(NODE0_45_89),V(NODE0_45_90),V(NODE0_45_91),V(NODE0_45_92),V(NODE0_45_93),V(NODE0_45_94),V(NODE0_45_95),V(NODE0_45_96),V(NODE0_45_97),V(NODE0_45_98),V(NODE0_45_99),V(NODE0_46_0),V(NODE0_46_1),V(NODE0_46_2),V(NODE0_46_3),V(NODE0_46_4),V(NODE0_46_5),V(NODE0_46_6),V(NODE0_46_7),V(NODE0_46_8),V(NODE0_46_9),V(NODE0_46_10),V(NODE0_46_11),V(NODE0_46_12),V(NODE0_46_13),V(NODE0_46_14),V(NODE0_46_15),V(NODE0_46_16),V(NODE0_46_17),V(NODE0_46_18),V(NODE0_46_19),V(NODE0_46_20),V(NODE0_46_21),V(NODE0_46_22),V(NODE0_46_23),V(NODE0_46_24),V(NODE0_46_25),V(NODE0_46_26),V(NODE0_46_27),V(NODE0_46_28),V(NODE0_46_29),V(NODE0_46_30),V(NODE0_46_31),V(NODE0_46_32),V(NODE0_46_33),V(NODE0_46_34),V(NODE0_46_35),V(NODE0_46_36),V(NODE0_46_37),V(NODE0_46_38),V(NODE0_46_39),V(NODE0_46_40),V(NODE0_46_41),V(NODE0_46_42),V(NODE0_46_43),V(NODE0_46_44),V(NODE0_46_45),V(NODE0_46_46),V(NODE0_46_47),V(NODE0_46_48),V(NODE0_46_49),V(NODE0_46_50),V(NODE0_46_51),V(NODE0_46_52),V(NODE0_46_53),V(NODE0_46_54),V(NODE0_46_55),V(NODE0_46_56),V(NODE0_46_57),V(NODE0_46_58),V(NODE0_46_59),V(NODE0_46_60),V(NODE0_46_61),V(NODE0_46_62),V(NODE0_46_63),V(NODE0_46_64),V(NODE0_46_65),V(NODE0_46_66),V(NODE0_46_67),V(NODE0_46_68),V(NODE0_46_69),V(NODE0_46_70),V(NODE0_46_71),V(NODE0_46_72),V(NODE0_46_73),V(NODE0_46_74),V(NODE0_46_75),V(NODE0_46_76),V(NODE0_46_77),V(NODE0_46_78),V(NODE0_46_79),V(NODE0_46_80),V(NODE0_46_81),V(NODE0_46_82),V(NODE0_46_83),V(NODE0_46_84),V(NODE0_46_85),V(NODE0_46_86),V(NODE0_46_87),V(NODE0_46_88),V(NODE0_46_89),V(NODE0_46_90),V(NODE0_46_91),V(NODE0_46_92),V(NODE0_46_93),V(NODE0_46_94),V(NODE0_46_95),V(NODE0_46_96),V(NODE0_46_97),V(NODE0_46_98),V(NODE0_46_99),V(NODE0_47_0),V(NODE0_47_1),V(NODE0_47_2),V(NODE0_47_3),V(NODE0_47_4),V(NODE0_47_5),V(NODE0_47_6),V(NODE0_47_7),V(NODE0_47_8),V(NODE0_47_9),V(NODE0_47_10),V(NODE0_47_11),V(NODE0_47_12),V(NODE0_47_13),V(NODE0_47_14),V(NODE0_47_15),V(NODE0_47_16),V(NODE0_47_17),V(NODE0_47_18),V(NODE0_47_19),V(NODE0_47_20),V(NODE0_47_21),V(NODE0_47_22),V(NODE0_47_23),V(NODE0_47_24),V(NODE0_47_25),V(NODE0_47_26),V(NODE0_47_27),V(NODE0_47_28),V(NODE0_47_29),V(NODE0_47_30),V(NODE0_47_31),V(NODE0_47_32),V(NODE0_47_33),V(NODE0_47_34),V(NODE0_47_35),V(NODE0_47_36),V(NODE0_47_37),V(NODE0_47_38),V(NODE0_47_39),V(NODE0_47_40),V(NODE0_47_41),V(NODE0_47_42),V(NODE0_47_43),V(NODE0_47_44),V(NODE0_47_45),V(NODE0_47_46),V(NODE0_47_47),V(NODE0_47_48),V(NODE0_47_49),V(NODE0_47_50),V(NODE0_47_51),V(NODE0_47_52),V(NODE0_47_53),V(NODE0_47_54),V(NODE0_47_55),V(NODE0_47_56),V(NODE0_47_57),V(NODE0_47_58),V(NODE0_47_59),V(NODE0_47_60),V(NODE0_47_61),V(NODE0_47_62),V(NODE0_47_63),V(NODE0_47_64),V(NODE0_47_65),V(NODE0_47_66),V(NODE0_47_67),V(NODE0_47_68),V(NODE0_47_69),V(NODE0_47_70),V(NODE0_47_71),V(NODE0_47_72),V(NODE0_47_73),V(NODE0_47_74),V(NODE0_47_75),V(NODE0_47_76),V(NODE0_47_77),V(NODE0_47_78),V(NODE0_47_79),V(NODE0_47_80),V(NODE0_47_81),V(NODE0_47_82),V(NODE0_47_83),V(NODE0_47_84),V(NODE0_47_85),V(NODE0_47_86),V(NODE0_47_87),V(NODE0_47_88),V(NODE0_47_89),V(NODE0_47_90),V(NODE0_47_91),V(NODE0_47_92),V(NODE0_47_93),V(NODE0_47_94),V(NODE0_47_95),V(NODE0_47_96),V(NODE0_47_97),V(NODE0_47_98),V(NODE0_47_99),V(NODE0_48_0),V(NODE0_48_1),V(NODE0_48_2),V(NODE0_48_3),V(NODE0_48_4),V(NODE0_48_5),V(NODE0_48_6),V(NODE0_48_7),V(NODE0_48_8),V(NODE0_48_9),V(NODE0_48_10),V(NODE0_48_11),V(NODE0_48_12),V(NODE0_48_13),V(NODE0_48_14),V(NODE0_48_15),V(NODE0_48_16),V(NODE0_48_17),V(NODE0_48_18),V(NODE0_48_19),V(NODE0_48_20),V(NODE0_48_21),V(NODE0_48_22),V(NODE0_48_23),V(NODE0_48_24),V(NODE0_48_25),V(NODE0_48_26),V(NODE0_48_27),V(NODE0_48_28),V(NODE0_48_29),V(NODE0_48_30),V(NODE0_48_31),V(NODE0_48_32),V(NODE0_48_33),V(NODE0_48_34),V(NODE0_48_35),V(NODE0_48_36),V(NODE0_48_37),V(NODE0_48_38),V(NODE0_48_39),V(NODE0_48_40),V(NODE0_48_41),V(NODE0_48_42),V(NODE0_48_43),V(NODE0_48_44),V(NODE0_48_45),V(NODE0_48_46),V(NODE0_48_47),V(NODE0_48_48),V(NODE0_48_49),V(NODE0_48_50),V(NODE0_48_51),V(NODE0_48_52),V(NODE0_48_53),V(NODE0_48_54),V(NODE0_48_55),V(NODE0_48_56),V(NODE0_48_57),V(NODE0_48_58),V(NODE0_48_59),V(NODE0_48_60),V(NODE0_48_61),V(NODE0_48_62),V(NODE0_48_63),V(NODE0_48_64),V(NODE0_48_65),V(NODE0_48_66),V(NODE0_48_67),V(NODE0_48_68),V(NODE0_48_69),V(NODE0_48_70),V(NODE0_48_71),V(NODE0_48_72),V(NODE0_48_73),V(NODE0_48_74),V(NODE0_48_75),V(NODE0_48_76),V(NODE0_48_77),V(NODE0_48_78),V(NODE0_48_79),V(NODE0_48_80),V(NODE0_48_81),V(NODE0_48_82),V(NODE0_48_83),V(NODE0_48_84),V(NODE0_48_85),V(NODE0_48_86),V(NODE0_48_87),V(NODE0_48_88),V(NODE0_48_89),V(NODE0_48_90),V(NODE0_48_91),V(NODE0_48_92),V(NODE0_48_93),V(NODE0_48_94),V(NODE0_48_95),V(NODE0_48_96),V(NODE0_48_97),V(NODE0_48_98),V(NODE0_48_99),V(NODE0_49_0),V(NODE0_49_1),V(NODE0_49_2),V(NODE0_49_3),V(NODE0_49_4),V(NODE0_49_5),V(NODE0_49_6),V(NODE0_49_7),V(NODE0_49_8),V(NODE0_49_9),V(NODE0_49_10),V(NODE0_49_11),V(NODE0_49_12),V(NODE0_49_13),V(NODE0_49_14),V(NODE0_49_15),V(NODE0_49_16),V(NODE0_49_17),V(NODE0_49_18),V(NODE0_49_19),V(NODE0_49_20),V(NODE0_49_21),V(NODE0_49_22),V(NODE0_49_23),V(NODE0_49_24),V(NODE0_49_25),V(NODE0_49_26),V(NODE0_49_27),V(NODE0_49_28),V(NODE0_49_29),V(NODE0_49_30),V(NODE0_49_31),V(NODE0_49_32),V(NODE0_49_33),V(NODE0_49_34),V(NODE0_49_35),V(NODE0_49_36),V(NODE0_49_37),V(NODE0_49_38),V(NODE0_49_39),V(NODE0_49_40),V(NODE0_49_41),V(NODE0_49_42),V(NODE0_49_43),V(NODE0_49_44),V(NODE0_49_45),V(NODE0_49_46),V(NODE0_49_47),V(NODE0_49_48),V(NODE0_49_49),V(NODE0_49_50),V(NODE0_49_51),V(NODE0_49_52),V(NODE0_49_53),V(NODE0_49_54),V(NODE0_49_55),V(NODE0_49_56),V(NODE0_49_57),V(NODE0_49_58),V(NODE0_49_59),V(NODE0_49_60),V(NODE0_49_61),V(NODE0_49_62),V(NODE0_49_63),V(NODE0_49_64),V(NODE0_49_65),V(NODE0_49_66),V(NODE0_49_67),V(NODE0_49_68),V(NODE0_49_69),V(NODE0_49_70),V(NODE0_49_71),V(NODE0_49_72),V(NODE0_49_73),V(NODE0_49_74),V(NODE0_49_75),V(NODE0_49_76),V(NODE0_49_77),V(NODE0_49_78),V(NODE0_49_79),V(NODE0_49_80),V(NODE0_49_81),V(NODE0_49_82),V(NODE0_49_83),V(NODE0_49_84),V(NODE0_49_85),V(NODE0_49_86),V(NODE0_49_87),V(NODE0_49_88),V(NODE0_49_89),V(NODE0_49_90),V(NODE0_49_91),V(NODE0_49_92),V(NODE0_49_93),V(NODE0_49_94),V(NODE0_49_95),V(NODE0_49_96),V(NODE0_49_97),V(NODE0_49_98),V(NODE0_49_99),V(NODE0_50_0),V(NODE0_50_1),V(NODE0_50_2),V(NODE0_50_3),V(NODE0_50_4),V(NODE0_50_5),V(NODE0_50_6),V(NODE0_50_7),V(NODE0_50_8),V(NODE0_50_9),V(NODE0_50_10),V(NODE0_50_11),V(NODE0_50_12),V(NODE0_50_13),V(NODE0_50_14),V(NODE0_50_15),V(NODE0_50_16),V(NODE0_50_17),V(NODE0_50_18),V(NODE0_50_19),V(NODE0_50_20),V(NODE0_50_21),V(NODE0_50_22),V(NODE0_50_23),V(NODE0_50_24),V(NODE0_50_25),V(NODE0_50_26),V(NODE0_50_27),V(NODE0_50_28),V(NODE0_50_29),V(NODE0_50_30),V(NODE0_50_31),V(NODE0_50_32),V(NODE0_50_33),V(NODE0_50_34),V(NODE0_50_35),V(NODE0_50_36),V(NODE0_50_37),V(NODE0_50_38),V(NODE0_50_39),V(NODE0_50_40),V(NODE0_50_41),V(NODE0_50_42),V(NODE0_50_43),V(NODE0_50_44),V(NODE0_50_45),V(NODE0_50_46),V(NODE0_50_47),V(NODE0_50_48),V(NODE0_50_49),V(NODE0_50_50),V(NODE0_50_51),V(NODE0_50_52),V(NODE0_50_53),V(NODE0_50_54),V(NODE0_50_55),V(NODE0_50_56),V(NODE0_50_57),V(NODE0_50_58),V(NODE0_50_59),V(NODE0_50_60),V(NODE0_50_61),V(NODE0_50_62),V(NODE0_50_63),V(NODE0_50_64),V(NODE0_50_65),V(NODE0_50_66),V(NODE0_50_67),V(NODE0_50_68),V(NODE0_50_69),V(NODE0_50_70),V(NODE0_50_71),V(NODE0_50_72),V(NODE0_50_73),V(NODE0_50_74),V(NODE0_50_75),V(NODE0_50_76),V(NODE0_50_77),V(NODE0_50_78),V(NODE0_50_79),V(NODE0_50_80),V(NODE0_50_81),V(NODE0_50_82),V(NODE0_50_83),V(NODE0_50_84),V(NODE0_50_85),V(NODE0_50_86),V(NODE0_50_87),V(NODE0_50_88),V(NODE0_50_89),V(NODE0_50_90),V(NODE0_50_91),V(NODE0_50_92),V(NODE0_50_93),V(NODE0_50_94),V(NODE0_50_95),V(NODE0_50_96),V(NODE0_50_97),V(NODE0_50_98),V(NODE0_50_99),V(NODE0_51_0),V(NODE0_51_1),V(NODE0_51_2),V(NODE0_51_3),V(NODE0_51_4),V(NODE0_51_5),V(NODE0_51_6),V(NODE0_51_7),V(NODE0_51_8),V(NODE0_51_9),V(NODE0_51_10),V(NODE0_51_11),V(NODE0_51_12),V(NODE0_51_13),V(NODE0_51_14),V(NODE0_51_15),V(NODE0_51_16),V(NODE0_51_17),V(NODE0_51_18),V(NODE0_51_19),V(NODE0_51_20),V(NODE0_51_21),V(NODE0_51_22),V(NODE0_51_23),V(NODE0_51_24),V(NODE0_51_25),V(NODE0_51_26),V(NODE0_51_27),V(NODE0_51_28),V(NODE0_51_29),V(NODE0_51_30),V(NODE0_51_31),V(NODE0_51_32),V(NODE0_51_33),V(NODE0_51_34),V(NODE0_51_35),V(NODE0_51_36),V(NODE0_51_37),V(NODE0_51_38),V(NODE0_51_39),V(NODE0_51_40),V(NODE0_51_41),V(NODE0_51_42),V(NODE0_51_43),V(NODE0_51_44),V(NODE0_51_45),V(NODE0_51_46),V(NODE0_51_47),V(NODE0_51_48),V(NODE0_51_49),V(NODE0_51_50),V(NODE0_51_51),V(NODE0_51_52),V(NODE0_51_53),V(NODE0_51_54),V(NODE0_51_55),V(NODE0_51_56),V(NODE0_51_57),V(NODE0_51_58),V(NODE0_51_59),V(NODE0_51_60),V(NODE0_51_61),V(NODE0_51_62),V(NODE0_51_63),V(NODE0_51_64),V(NODE0_51_65),V(NODE0_51_66),V(NODE0_51_67),V(NODE0_51_68),V(NODE0_51_69),V(NODE0_51_70),V(NODE0_51_71),V(NODE0_51_72),V(NODE0_51_73),V(NODE0_51_74),V(NODE0_51_75),V(NODE0_51_76),V(NODE0_51_77),V(NODE0_51_78),V(NODE0_51_79),V(NODE0_51_80),V(NODE0_51_81),V(NODE0_51_82),V(NODE0_51_83),V(NODE0_51_84),V(NODE0_51_85),V(NODE0_51_86),V(NODE0_51_87),V(NODE0_51_88),V(NODE0_51_89),V(NODE0_51_90),V(NODE0_51_91),V(NODE0_51_92),V(NODE0_51_93),V(NODE0_51_94),V(NODE0_51_95),V(NODE0_51_96),V(NODE0_51_97),V(NODE0_51_98),V(NODE0_51_99),V(NODE0_52_0),V(NODE0_52_1),V(NODE0_52_2),V(NODE0_52_3),V(NODE0_52_4),V(NODE0_52_5),V(NODE0_52_6),V(NODE0_52_7),V(NODE0_52_8),V(NODE0_52_9),V(NODE0_52_10),V(NODE0_52_11),V(NODE0_52_12),V(NODE0_52_13),V(NODE0_52_14),V(NODE0_52_15),V(NODE0_52_16),V(NODE0_52_17),V(NODE0_52_18),V(NODE0_52_19),V(NODE0_52_20),V(NODE0_52_21),V(NODE0_52_22),V(NODE0_52_23),V(NODE0_52_24),V(NODE0_52_25),V(NODE0_52_26),V(NODE0_52_27),V(NODE0_52_28),V(NODE0_52_29),V(NODE0_52_30),V(NODE0_52_31),V(NODE0_52_32),V(NODE0_52_33),V(NODE0_52_34),V(NODE0_52_35),V(NODE0_52_36),V(NODE0_52_37),V(NODE0_52_38),V(NODE0_52_39),V(NODE0_52_40),V(NODE0_52_41),V(NODE0_52_42),V(NODE0_52_43),V(NODE0_52_44),V(NODE0_52_45),V(NODE0_52_46),V(NODE0_52_47),V(NODE0_52_48),V(NODE0_52_49),V(NODE0_52_50),V(NODE0_52_51),V(NODE0_52_52),V(NODE0_52_53),V(NODE0_52_54),V(NODE0_52_55),V(NODE0_52_56),V(NODE0_52_57),V(NODE0_52_58),V(NODE0_52_59),V(NODE0_52_60),V(NODE0_52_61),V(NODE0_52_62),V(NODE0_52_63),V(NODE0_52_64),V(NODE0_52_65),V(NODE0_52_66),V(NODE0_52_67),V(NODE0_52_68),V(NODE0_52_69),V(NODE0_52_70),V(NODE0_52_71),V(NODE0_52_72),V(NODE0_52_73),V(NODE0_52_74),V(NODE0_52_75),V(NODE0_52_76),V(NODE0_52_77),V(NODE0_52_78),V(NODE0_52_79),V(NODE0_52_80),V(NODE0_52_81),V(NODE0_52_82),V(NODE0_52_83),V(NODE0_52_84),V(NODE0_52_85),V(NODE0_52_86),V(NODE0_52_87),V(NODE0_52_88),V(NODE0_52_89),V(NODE0_52_90),V(NODE0_52_91),V(NODE0_52_92),V(NODE0_52_93),V(NODE0_52_94),V(NODE0_52_95),V(NODE0_52_96),V(NODE0_52_97),V(NODE0_52_98),V(NODE0_52_99),V(NODE0_53_0),V(NODE0_53_1),V(NODE0_53_2),V(NODE0_53_3),V(NODE0_53_4),V(NODE0_53_5),V(NODE0_53_6),V(NODE0_53_7),V(NODE0_53_8),V(NODE0_53_9),V(NODE0_53_10),V(NODE0_53_11),V(NODE0_53_12),V(NODE0_53_13),V(NODE0_53_14),V(NODE0_53_15),V(NODE0_53_16),V(NODE0_53_17),V(NODE0_53_18),V(NODE0_53_19),V(NODE0_53_20),V(NODE0_53_21),V(NODE0_53_22),V(NODE0_53_23),V(NODE0_53_24),V(NODE0_53_25),V(NODE0_53_26),V(NODE0_53_27),V(NODE0_53_28),V(NODE0_53_29),V(NODE0_53_30),V(NODE0_53_31),V(NODE0_53_32),V(NODE0_53_33),V(NODE0_53_34),V(NODE0_53_35),V(NODE0_53_36),V(NODE0_53_37),V(NODE0_53_38),V(NODE0_53_39),V(NODE0_53_40),V(NODE0_53_41),V(NODE0_53_42),V(NODE0_53_43),V(NODE0_53_44),V(NODE0_53_45),V(NODE0_53_46),V(NODE0_53_47),V(NODE0_53_48),V(NODE0_53_49),V(NODE0_53_50),V(NODE0_53_51),V(NODE0_53_52),V(NODE0_53_53),V(NODE0_53_54),V(NODE0_53_55),V(NODE0_53_56),V(NODE0_53_57),V(NODE0_53_58),V(NODE0_53_59),V(NODE0_53_60),V(NODE0_53_61),V(NODE0_53_62),V(NODE0_53_63),V(NODE0_53_64),V(NODE0_53_65),V(NODE0_53_66),V(NODE0_53_67),V(NODE0_53_68),V(NODE0_53_69),V(NODE0_53_70),V(NODE0_53_71),V(NODE0_53_72),V(NODE0_53_73),V(NODE0_53_74),V(NODE0_53_75),V(NODE0_53_76),V(NODE0_53_77),V(NODE0_53_78),V(NODE0_53_79),V(NODE0_53_80),V(NODE0_53_81),V(NODE0_53_82),V(NODE0_53_83),V(NODE0_53_84),V(NODE0_53_85),V(NODE0_53_86),V(NODE0_53_87),V(NODE0_53_88),V(NODE0_53_89),V(NODE0_53_90),V(NODE0_53_91),V(NODE0_53_92),V(NODE0_53_93),V(NODE0_53_94),V(NODE0_53_95),V(NODE0_53_96),V(NODE0_53_97),V(NODE0_53_98),V(NODE0_53_99),V(NODE0_54_0),V(NODE0_54_1),V(NODE0_54_2),V(NODE0_54_3),V(NODE0_54_4),V(NODE0_54_5),V(NODE0_54_6),V(NODE0_54_7),V(NODE0_54_8),V(NODE0_54_9),V(NODE0_54_10),V(NODE0_54_11),V(NODE0_54_12),V(NODE0_54_13),V(NODE0_54_14),V(NODE0_54_15),V(NODE0_54_16),V(NODE0_54_17),V(NODE0_54_18),V(NODE0_54_19),V(NODE0_54_20),V(NODE0_54_21),V(NODE0_54_22),V(NODE0_54_23),V(NODE0_54_24),V(NODE0_54_25),V(NODE0_54_26),V(NODE0_54_27),V(NODE0_54_28),V(NODE0_54_29),V(NODE0_54_30),V(NODE0_54_31),V(NODE0_54_32),V(NODE0_54_33),V(NODE0_54_34),V(NODE0_54_35),V(NODE0_54_36),V(NODE0_54_37),V(NODE0_54_38),V(NODE0_54_39),V(NODE0_54_40),V(NODE0_54_41),V(NODE0_54_42),V(NODE0_54_43),V(NODE0_54_44),V(NODE0_54_45),V(NODE0_54_46),V(NODE0_54_47),V(NODE0_54_48),V(NODE0_54_49),V(NODE0_54_50),V(NODE0_54_51),V(NODE0_54_52),V(NODE0_54_53),V(NODE0_54_54),V(NODE0_54_55),V(NODE0_54_56),V(NODE0_54_57),V(NODE0_54_58),V(NODE0_54_59),V(NODE0_54_60),V(NODE0_54_61),V(NODE0_54_62),V(NODE0_54_63),V(NODE0_54_64),V(NODE0_54_65),V(NODE0_54_66),V(NODE0_54_67),V(NODE0_54_68),V(NODE0_54_69),V(NODE0_54_70),V(NODE0_54_71),V(NODE0_54_72),V(NODE0_54_73),V(NODE0_54_74),V(NODE0_54_75),V(NODE0_54_76),V(NODE0_54_77),V(NODE0_54_78),V(NODE0_54_79),V(NODE0_54_80),V(NODE0_54_81),V(NODE0_54_82),V(NODE0_54_83),V(NODE0_54_84),V(NODE0_54_85),V(NODE0_54_86),V(NODE0_54_87),V(NODE0_54_88),V(NODE0_54_89),V(NODE0_54_90),V(NODE0_54_91),V(NODE0_54_92),V(NODE0_54_93),V(NODE0_54_94),V(NODE0_54_95),V(NODE0_54_96),V(NODE0_54_97),V(NODE0_54_98),V(NODE0_54_99),V(NODE0_55_0),V(NODE0_55_1),V(NODE0_55_2),V(NODE0_55_3),V(NODE0_55_4),V(NODE0_55_5),V(NODE0_55_6),V(NODE0_55_7),V(NODE0_55_8),V(NODE0_55_9),V(NODE0_55_10),V(NODE0_55_11),V(NODE0_55_12),V(NODE0_55_13),V(NODE0_55_14),V(NODE0_55_15),V(NODE0_55_16),V(NODE0_55_17),V(NODE0_55_18),V(NODE0_55_19),V(NODE0_55_20),V(NODE0_55_21),V(NODE0_55_22),V(NODE0_55_23),V(NODE0_55_24),V(NODE0_55_25),V(NODE0_55_26),V(NODE0_55_27),V(NODE0_55_28),V(NODE0_55_29),V(NODE0_55_30),V(NODE0_55_31),V(NODE0_55_32),V(NODE0_55_33),V(NODE0_55_34),V(NODE0_55_35),V(NODE0_55_36),V(NODE0_55_37),V(NODE0_55_38),V(NODE0_55_39),V(NODE0_55_40),V(NODE0_55_41),V(NODE0_55_42),V(NODE0_55_43),V(NODE0_55_44),V(NODE0_55_45),V(NODE0_55_46),V(NODE0_55_47),V(NODE0_55_48),V(NODE0_55_49),V(NODE0_55_50),V(NODE0_55_51),V(NODE0_55_52),V(NODE0_55_53),V(NODE0_55_54),V(NODE0_55_55),V(NODE0_55_56),V(NODE0_55_57),V(NODE0_55_58),V(NODE0_55_59),V(NODE0_55_60),V(NODE0_55_61),V(NODE0_55_62),V(NODE0_55_63),V(NODE0_55_64),V(NODE0_55_65),V(NODE0_55_66),V(NODE0_55_67),V(NODE0_55_68),V(NODE0_55_69),V(NODE0_55_70),V(NODE0_55_71),V(NODE0_55_72),V(NODE0_55_73),V(NODE0_55_74),V(NODE0_55_75),V(NODE0_55_76),V(NODE0_55_77),V(NODE0_55_78),V(NODE0_55_79),V(NODE0_55_80),V(NODE0_55_81),V(NODE0_55_82),V(NODE0_55_83),V(NODE0_55_84),V(NODE0_55_85),V(NODE0_55_86),V(NODE0_55_87),V(NODE0_55_88),V(NODE0_55_89),V(NODE0_55_90),V(NODE0_55_91),V(NODE0_55_92),V(NODE0_55_93),V(NODE0_55_94),V(NODE0_55_95),V(NODE0_55_96),V(NODE0_55_97),V(NODE0_55_98),V(NODE0_55_99),V(NODE0_56_0),V(NODE0_56_1),V(NODE0_56_2),V(NODE0_56_3),V(NODE0_56_4),V(NODE0_56_5),V(NODE0_56_6),V(NODE0_56_7),V(NODE0_56_8),V(NODE0_56_9),V(NODE0_56_10),V(NODE0_56_11),V(NODE0_56_12),V(NODE0_56_13),V(NODE0_56_14),V(NODE0_56_15),V(NODE0_56_16),V(NODE0_56_17),V(NODE0_56_18),V(NODE0_56_19),V(NODE0_56_20),V(NODE0_56_21),V(NODE0_56_22),V(NODE0_56_23),V(NODE0_56_24),V(NODE0_56_25),V(NODE0_56_26),V(NODE0_56_27),V(NODE0_56_28),V(NODE0_56_29),V(NODE0_56_30),V(NODE0_56_31),V(NODE0_56_32),V(NODE0_56_33),V(NODE0_56_34),V(NODE0_56_35),V(NODE0_56_36),V(NODE0_56_37),V(NODE0_56_38),V(NODE0_56_39),V(NODE0_56_40),V(NODE0_56_41),V(NODE0_56_42),V(NODE0_56_43),V(NODE0_56_44),V(NODE0_56_45),V(NODE0_56_46),V(NODE0_56_47),V(NODE0_56_48),V(NODE0_56_49),V(NODE0_56_50),V(NODE0_56_51),V(NODE0_56_52),V(NODE0_56_53),V(NODE0_56_54),V(NODE0_56_55),V(NODE0_56_56),V(NODE0_56_57),V(NODE0_56_58),V(NODE0_56_59),V(NODE0_56_60),V(NODE0_56_61),V(NODE0_56_62),V(NODE0_56_63),V(NODE0_56_64),V(NODE0_56_65),V(NODE0_56_66),V(NODE0_56_67),V(NODE0_56_68),V(NODE0_56_69),V(NODE0_56_70),V(NODE0_56_71),V(NODE0_56_72),V(NODE0_56_73),V(NODE0_56_74),V(NODE0_56_75),V(NODE0_56_76),V(NODE0_56_77),V(NODE0_56_78),V(NODE0_56_79),V(NODE0_56_80),V(NODE0_56_81),V(NODE0_56_82),V(NODE0_56_83),V(NODE0_56_84),V(NODE0_56_85),V(NODE0_56_86),V(NODE0_56_87),V(NODE0_56_88),V(NODE0_56_89),V(NODE0_56_90),V(NODE0_56_91),V(NODE0_56_92),V(NODE0_56_93),V(NODE0_56_94),V(NODE0_56_95),V(NODE0_56_96),V(NODE0_56_97),V(NODE0_56_98),V(NODE0_56_99),V(NODE0_57_0),V(NODE0_57_1),V(NODE0_57_2),V(NODE0_57_3),V(NODE0_57_4),V(NODE0_57_5),V(NODE0_57_6),V(NODE0_57_7),V(NODE0_57_8),V(NODE0_57_9),V(NODE0_57_10),V(NODE0_57_11),V(NODE0_57_12),V(NODE0_57_13),V(NODE0_57_14),V(NODE0_57_15),V(NODE0_57_16),V(NODE0_57_17),V(NODE0_57_18),V(NODE0_57_19),V(NODE0_57_20),V(NODE0_57_21),V(NODE0_57_22),V(NODE0_57_23),V(NODE0_57_24),V(NODE0_57_25),V(NODE0_57_26),V(NODE0_57_27),V(NODE0_57_28),V(NODE0_57_29),V(NODE0_57_30),V(NODE0_57_31),V(NODE0_57_32),V(NODE0_57_33),V(NODE0_57_34),V(NODE0_57_35),V(NODE0_57_36),V(NODE0_57_37),V(NODE0_57_38),V(NODE0_57_39),V(NODE0_57_40),V(NODE0_57_41),V(NODE0_57_42),V(NODE0_57_43),V(NODE0_57_44),V(NODE0_57_45),V(NODE0_57_46),V(NODE0_57_47),V(NODE0_57_48),V(NODE0_57_49),V(NODE0_57_50),V(NODE0_57_51),V(NODE0_57_52),V(NODE0_57_53),V(NODE0_57_54),V(NODE0_57_55),V(NODE0_57_56),V(NODE0_57_57),V(NODE0_57_58),V(NODE0_57_59),V(NODE0_57_60),V(NODE0_57_61),V(NODE0_57_62),V(NODE0_57_63),V(NODE0_57_64),V(NODE0_57_65),V(NODE0_57_66),V(NODE0_57_67),V(NODE0_57_68),V(NODE0_57_69),V(NODE0_57_70),V(NODE0_57_71),V(NODE0_57_72),V(NODE0_57_73),V(NODE0_57_74),V(NODE0_57_75),V(NODE0_57_76),V(NODE0_57_77),V(NODE0_57_78),V(NODE0_57_79),V(NODE0_57_80),V(NODE0_57_81),V(NODE0_57_82),V(NODE0_57_83),V(NODE0_57_84),V(NODE0_57_85),V(NODE0_57_86),V(NODE0_57_87),V(NODE0_57_88),V(NODE0_57_89),V(NODE0_57_90),V(NODE0_57_91),V(NODE0_57_92),V(NODE0_57_93),V(NODE0_57_94),V(NODE0_57_95),V(NODE0_57_96),V(NODE0_57_97),V(NODE0_57_98),V(NODE0_57_99),V(NODE0_58_0),V(NODE0_58_1),V(NODE0_58_2),V(NODE0_58_3),V(NODE0_58_4),V(NODE0_58_5),V(NODE0_58_6),V(NODE0_58_7),V(NODE0_58_8),V(NODE0_58_9),V(NODE0_58_10),V(NODE0_58_11),V(NODE0_58_12),V(NODE0_58_13),V(NODE0_58_14),V(NODE0_58_15),V(NODE0_58_16),V(NODE0_58_17),V(NODE0_58_18),V(NODE0_58_19),V(NODE0_58_20),V(NODE0_58_21),V(NODE0_58_22),V(NODE0_58_23),V(NODE0_58_24),V(NODE0_58_25),V(NODE0_58_26),V(NODE0_58_27),V(NODE0_58_28),V(NODE0_58_29),V(NODE0_58_30),V(NODE0_58_31),V(NODE0_58_32),V(NODE0_58_33),V(NODE0_58_34),V(NODE0_58_35),V(NODE0_58_36),V(NODE0_58_37),V(NODE0_58_38),V(NODE0_58_39),V(NODE0_58_40),V(NODE0_58_41),V(NODE0_58_42),V(NODE0_58_43),V(NODE0_58_44),V(NODE0_58_45),V(NODE0_58_46),V(NODE0_58_47),V(NODE0_58_48),V(NODE0_58_49),V(NODE0_58_50),V(NODE0_58_51),V(NODE0_58_52),V(NODE0_58_53),V(NODE0_58_54),V(NODE0_58_55),V(NODE0_58_56),V(NODE0_58_57),V(NODE0_58_58),V(NODE0_58_59),V(NODE0_58_60),V(NODE0_58_61),V(NODE0_58_62),V(NODE0_58_63),V(NODE0_58_64),V(NODE0_58_65),V(NODE0_58_66),V(NODE0_58_67),V(NODE0_58_68),V(NODE0_58_69),V(NODE0_58_70),V(NODE0_58_71),V(NODE0_58_72),V(NODE0_58_73),V(NODE0_58_74),V(NODE0_58_75),V(NODE0_58_76),V(NODE0_58_77),V(NODE0_58_78),V(NODE0_58_79),V(NODE0_58_80),V(NODE0_58_81),V(NODE0_58_82),V(NODE0_58_83),V(NODE0_58_84),V(NODE0_58_85),V(NODE0_58_86),V(NODE0_58_87),V(NODE0_58_88),V(NODE0_58_89),V(NODE0_58_90),V(NODE0_58_91),V(NODE0_58_92),V(NODE0_58_93),V(NODE0_58_94),V(NODE0_58_95),V(NODE0_58_96),V(NODE0_58_97),V(NODE0_58_98),V(NODE0_58_99),V(NODE0_59_0),V(NODE0_59_1),V(NODE0_59_2),V(NODE0_59_3),V(NODE0_59_4),V(NODE0_59_5),V(NODE0_59_6),V(NODE0_59_7),V(NODE0_59_8),V(NODE0_59_9),V(NODE0_59_10),V(NODE0_59_11),V(NODE0_59_12),V(NODE0_59_13),V(NODE0_59_14),V(NODE0_59_15),V(NODE0_59_16),V(NODE0_59_17),V(NODE0_59_18),V(NODE0_59_19),V(NODE0_59_20),V(NODE0_59_21),V(NODE0_59_22),V(NODE0_59_23),V(NODE0_59_24),V(NODE0_59_25),V(NODE0_59_26),V(NODE0_59_27),V(NODE0_59_28),V(NODE0_59_29),V(NODE0_59_30),V(NODE0_59_31),V(NODE0_59_32),V(NODE0_59_33),V(NODE0_59_34),V(NODE0_59_35),V(NODE0_59_36),V(NODE0_59_37),V(NODE0_59_38),V(NODE0_59_39),V(NODE0_59_40),V(NODE0_59_41),V(NODE0_59_42),V(NODE0_59_43),V(NODE0_59_44),V(NODE0_59_45),V(NODE0_59_46),V(NODE0_59_47),V(NODE0_59_48),V(NODE0_59_49),V(NODE0_59_50),V(NODE0_59_51),V(NODE0_59_52),V(NODE0_59_53),V(NODE0_59_54),V(NODE0_59_55),V(NODE0_59_56),V(NODE0_59_57),V(NODE0_59_58),V(NODE0_59_59),V(NODE0_59_60),V(NODE0_59_61),V(NODE0_59_62),V(NODE0_59_63),V(NODE0_59_64),V(NODE0_59_65),V(NODE0_59_66),V(NODE0_59_67),V(NODE0_59_68),V(NODE0_59_69),V(NODE0_59_70),V(NODE0_59_71),V(NODE0_59_72),V(NODE0_59_73),V(NODE0_59_74),V(NODE0_59_75),V(NODE0_59_76),V(NODE0_59_77),V(NODE0_59_78),V(NODE0_59_79),V(NODE0_59_80),V(NODE0_59_81),V(NODE0_59_82),V(NODE0_59_83),V(NODE0_59_84),V(NODE0_59_85),V(NODE0_59_86),V(NODE0_59_87),V(NODE0_59_88),V(NODE0_59_89),V(NODE0_59_90),V(NODE0_59_91),V(NODE0_59_92),V(NODE0_59_93),V(NODE0_59_94),V(NODE0_59_95),V(NODE0_59_96),V(NODE0_59_97),V(NODE0_59_98),V(NODE0_59_99),V(NODE0_60_0),V(NODE0_60_1),V(NODE0_60_2),V(NODE0_60_3),V(NODE0_60_4),V(NODE0_60_5),V(NODE0_60_6),V(NODE0_60_7),V(NODE0_60_8),V(NODE0_60_9),V(NODE0_60_10),V(NODE0_60_11),V(NODE0_60_12),V(NODE0_60_13),V(NODE0_60_14),V(NODE0_60_15),V(NODE0_60_16),V(NODE0_60_17),V(NODE0_60_18),V(NODE0_60_19),V(NODE0_60_20),V(NODE0_60_21),V(NODE0_60_22),V(NODE0_60_23),V(NODE0_60_24),V(NODE0_60_25),V(NODE0_60_26),V(NODE0_60_27),V(NODE0_60_28),V(NODE0_60_29),V(NODE0_60_30),V(NODE0_60_31),V(NODE0_60_32),V(NODE0_60_33),V(NODE0_60_34),V(NODE0_60_35),V(NODE0_60_36),V(NODE0_60_37),V(NODE0_60_38),V(NODE0_60_39),V(NODE0_60_40),V(NODE0_60_41),V(NODE0_60_42),V(NODE0_60_43),V(NODE0_60_44),V(NODE0_60_45),V(NODE0_60_46),V(NODE0_60_47),V(NODE0_60_48),V(NODE0_60_49),V(NODE0_60_50),V(NODE0_60_51),V(NODE0_60_52),V(NODE0_60_53),V(NODE0_60_54),V(NODE0_60_55),V(NODE0_60_56),V(NODE0_60_57),V(NODE0_60_58),V(NODE0_60_59),V(NODE0_60_60),V(NODE0_60_61),V(NODE0_60_62),V(NODE0_60_63),V(NODE0_60_64),V(NODE0_60_65),V(NODE0_60_66),V(NODE0_60_67),V(NODE0_60_68),V(NODE0_60_69),V(NODE0_60_70),V(NODE0_60_71),V(NODE0_60_72),V(NODE0_60_73),V(NODE0_60_74),V(NODE0_60_75),V(NODE0_60_76),V(NODE0_60_77),V(NODE0_60_78),V(NODE0_60_79),V(NODE0_60_80),V(NODE0_60_81),V(NODE0_60_82),V(NODE0_60_83),V(NODE0_60_84),V(NODE0_60_85),V(NODE0_60_86),V(NODE0_60_87),V(NODE0_60_88),V(NODE0_60_89),V(NODE0_60_90),V(NODE0_60_91),V(NODE0_60_92),V(NODE0_60_93),V(NODE0_60_94),V(NODE0_60_95),V(NODE0_60_96),V(NODE0_60_97),V(NODE0_60_98),V(NODE0_60_99),V(NODE0_61_0),V(NODE0_61_1),V(NODE0_61_2),V(NODE0_61_3),V(NODE0_61_4),V(NODE0_61_5),V(NODE0_61_6),V(NODE0_61_7),V(NODE0_61_8),V(NODE0_61_9),V(NODE0_61_10),V(NODE0_61_11),V(NODE0_61_12),V(NODE0_61_13),V(NODE0_61_14),V(NODE0_61_15),V(NODE0_61_16),V(NODE0_61_17),V(NODE0_61_18),V(NODE0_61_19),V(NODE0_61_20),V(NODE0_61_21),V(NODE0_61_22),V(NODE0_61_23),V(NODE0_61_24),V(NODE0_61_25),V(NODE0_61_26),V(NODE0_61_27),V(NODE0_61_28),V(NODE0_61_29),V(NODE0_61_30),V(NODE0_61_31),V(NODE0_61_32),V(NODE0_61_33),V(NODE0_61_34),V(NODE0_61_35),V(NODE0_61_36),V(NODE0_61_37),V(NODE0_61_38),V(NODE0_61_39),V(NODE0_61_40),V(NODE0_61_41),V(NODE0_61_42),V(NODE0_61_43),V(NODE0_61_44),V(NODE0_61_45),V(NODE0_61_46),V(NODE0_61_47),V(NODE0_61_48),V(NODE0_61_49),V(NODE0_61_50),V(NODE0_61_51),V(NODE0_61_52),V(NODE0_61_53),V(NODE0_61_54),V(NODE0_61_55),V(NODE0_61_56),V(NODE0_61_57),V(NODE0_61_58),V(NODE0_61_59),V(NODE0_61_60),V(NODE0_61_61),V(NODE0_61_62),V(NODE0_61_63),V(NODE0_61_64),V(NODE0_61_65),V(NODE0_61_66),V(NODE0_61_67),V(NODE0_61_68),V(NODE0_61_69),V(NODE0_61_70),V(NODE0_61_71),V(NODE0_61_72),V(NODE0_61_73),V(NODE0_61_74),V(NODE0_61_75),V(NODE0_61_76),V(NODE0_61_77),V(NODE0_61_78),V(NODE0_61_79),V(NODE0_61_80),V(NODE0_61_81),V(NODE0_61_82),V(NODE0_61_83),V(NODE0_61_84),V(NODE0_61_85),V(NODE0_61_86),V(NODE0_61_87),V(NODE0_61_88),V(NODE0_61_89),V(NODE0_61_90),V(NODE0_61_91),V(NODE0_61_92),V(NODE0_61_93),V(NODE0_61_94),V(NODE0_61_95),V(NODE0_61_96),V(NODE0_61_97),V(NODE0_61_98),V(NODE0_61_99),V(NODE0_62_0),V(NODE0_62_1),V(NODE0_62_2),V(NODE0_62_3),V(NODE0_62_4),V(NODE0_62_5),V(NODE0_62_6),V(NODE0_62_7),V(NODE0_62_8),V(NODE0_62_9),V(NODE0_62_10),V(NODE0_62_11),V(NODE0_62_12),V(NODE0_62_13),V(NODE0_62_14),V(NODE0_62_15),V(NODE0_62_16),V(NODE0_62_17),V(NODE0_62_18),V(NODE0_62_19),V(NODE0_62_20),V(NODE0_62_21),V(NODE0_62_22),V(NODE0_62_23),V(NODE0_62_24),V(NODE0_62_25),V(NODE0_62_26),V(NODE0_62_27),V(NODE0_62_28),V(NODE0_62_29),V(NODE0_62_30),V(NODE0_62_31),V(NODE0_62_32),V(NODE0_62_33),V(NODE0_62_34),V(NODE0_62_35),V(NODE0_62_36),V(NODE0_62_37),V(NODE0_62_38),V(NODE0_62_39),V(NODE0_62_40),V(NODE0_62_41),V(NODE0_62_42),V(NODE0_62_43),V(NODE0_62_44),V(NODE0_62_45),V(NODE0_62_46),V(NODE0_62_47),V(NODE0_62_48),V(NODE0_62_49),V(NODE0_62_50),V(NODE0_62_51),V(NODE0_62_52),V(NODE0_62_53),V(NODE0_62_54),V(NODE0_62_55),V(NODE0_62_56),V(NODE0_62_57),V(NODE0_62_58),V(NODE0_62_59),V(NODE0_62_60),V(NODE0_62_61),V(NODE0_62_62),V(NODE0_62_63),V(NODE0_62_64),V(NODE0_62_65),V(NODE0_62_66),V(NODE0_62_67),V(NODE0_62_68),V(NODE0_62_69),V(NODE0_62_70),V(NODE0_62_71),V(NODE0_62_72),V(NODE0_62_73),V(NODE0_62_74),V(NODE0_62_75),V(NODE0_62_76),V(NODE0_62_77),V(NODE0_62_78),V(NODE0_62_79),V(NODE0_62_80),V(NODE0_62_81),V(NODE0_62_82),V(NODE0_62_83),V(NODE0_62_84),V(NODE0_62_85),V(NODE0_62_86),V(NODE0_62_87),V(NODE0_62_88),V(NODE0_62_89),V(NODE0_62_90),V(NODE0_62_91),V(NODE0_62_92),V(NODE0_62_93),V(NODE0_62_94),V(NODE0_62_95),V(NODE0_62_96),V(NODE0_62_97),V(NODE0_62_98),V(NODE0_62_99),V(NODE0_63_0),V(NODE0_63_1),V(NODE0_63_2),V(NODE0_63_3),V(NODE0_63_4),V(NODE0_63_5),V(NODE0_63_6),V(NODE0_63_7),V(NODE0_63_8),V(NODE0_63_9),V(NODE0_63_10),V(NODE0_63_11),V(NODE0_63_12),V(NODE0_63_13),V(NODE0_63_14),V(NODE0_63_15),V(NODE0_63_16),V(NODE0_63_17),V(NODE0_63_18),V(NODE0_63_19),V(NODE0_63_20),V(NODE0_63_21),V(NODE0_63_22),V(NODE0_63_23),V(NODE0_63_24),V(NODE0_63_25),V(NODE0_63_26),V(NODE0_63_27),V(NODE0_63_28),V(NODE0_63_29),V(NODE0_63_30),V(NODE0_63_31),V(NODE0_63_32),V(NODE0_63_33),V(NODE0_63_34),V(NODE0_63_35),V(NODE0_63_36),V(NODE0_63_37),V(NODE0_63_38),V(NODE0_63_39),V(NODE0_63_40),V(NODE0_63_41),V(NODE0_63_42),V(NODE0_63_43),V(NODE0_63_44),V(NODE0_63_45),V(NODE0_63_46),V(NODE0_63_47),V(NODE0_63_48),V(NODE0_63_49),V(NODE0_63_50),V(NODE0_63_51),V(NODE0_63_52),V(NODE0_63_53),V(NODE0_63_54),V(NODE0_63_55),V(NODE0_63_56),V(NODE0_63_57),V(NODE0_63_58),V(NODE0_63_59),V(NODE0_63_60),V(NODE0_63_61),V(NODE0_63_62),V(NODE0_63_63),V(NODE0_63_64),V(NODE0_63_65),V(NODE0_63_66),V(NODE0_63_67),V(NODE0_63_68),V(NODE0_63_69),V(NODE0_63_70),V(NODE0_63_71),V(NODE0_63_72),V(NODE0_63_73),V(NODE0_63_74),V(NODE0_63_75),V(NODE0_63_76),V(NODE0_63_77),V(NODE0_63_78),V(NODE0_63_79),V(NODE0_63_80),V(NODE0_63_81),V(NODE0_63_82),V(NODE0_63_83),V(NODE0_63_84),V(NODE0_63_85),V(NODE0_63_86),V(NODE0_63_87),V(NODE0_63_88),V(NODE0_63_89),V(NODE0_63_90),V(NODE0_63_91),V(NODE0_63_92),V(NODE0_63_93),V(NODE0_63_94),V(NODE0_63_95),V(NODE0_63_96),V(NODE0_63_97),V(NODE0_63_98),V(NODE0_63_99),V(NODE0_64_0),V(NODE0_64_1),V(NODE0_64_2),V(NODE0_64_3),V(NODE0_64_4),V(NODE0_64_5),V(NODE0_64_6),V(NODE0_64_7),V(NODE0_64_8),V(NODE0_64_9),V(NODE0_64_10),V(NODE0_64_11),V(NODE0_64_12),V(NODE0_64_13),V(NODE0_64_14),V(NODE0_64_15),V(NODE0_64_16),V(NODE0_64_17),V(NODE0_64_18),V(NODE0_64_19),V(NODE0_64_20),V(NODE0_64_21),V(NODE0_64_22),V(NODE0_64_23),V(NODE0_64_24),V(NODE0_64_25),V(NODE0_64_26),V(NODE0_64_27),V(NODE0_64_28),V(NODE0_64_29),V(NODE0_64_30),V(NODE0_64_31),V(NODE0_64_32),V(NODE0_64_33),V(NODE0_64_34),V(NODE0_64_35),V(NODE0_64_36),V(NODE0_64_37),V(NODE0_64_38),V(NODE0_64_39),V(NODE0_64_40),V(NODE0_64_41),V(NODE0_64_42),V(NODE0_64_43),V(NODE0_64_44),V(NODE0_64_45),V(NODE0_64_46),V(NODE0_64_47),V(NODE0_64_48),V(NODE0_64_49),V(NODE0_64_50),V(NODE0_64_51),V(NODE0_64_52),V(NODE0_64_53),V(NODE0_64_54),V(NODE0_64_55),V(NODE0_64_56),V(NODE0_64_57),V(NODE0_64_58),V(NODE0_64_59),V(NODE0_64_60),V(NODE0_64_61),V(NODE0_64_62),V(NODE0_64_63),V(NODE0_64_64),V(NODE0_64_65),V(NODE0_64_66),V(NODE0_64_67),V(NODE0_64_68),V(NODE0_64_69),V(NODE0_64_70),V(NODE0_64_71),V(NODE0_64_72),V(NODE0_64_73),V(NODE0_64_74),V(NODE0_64_75),V(NODE0_64_76),V(NODE0_64_77),V(NODE0_64_78),V(NODE0_64_79),V(NODE0_64_80),V(NODE0_64_81),V(NODE0_64_82),V(NODE0_64_83),V(NODE0_64_84),V(NODE0_64_85),V(NODE0_64_86),V(NODE0_64_87),V(NODE0_64_88),V(NODE0_64_89),V(NODE0_64_90),V(NODE0_64_91),V(NODE0_64_92),V(NODE0_64_93),V(NODE0_64_94),V(NODE0_64_95),V(NODE0_64_96),V(NODE0_64_97),V(NODE0_64_98),V(NODE0_64_99),V(NODE0_65_0),V(NODE0_65_1),V(NODE0_65_2),V(NODE0_65_3),V(NODE0_65_4),V(NODE0_65_5),V(NODE0_65_6),V(NODE0_65_7),V(NODE0_65_8),V(NODE0_65_9),V(NODE0_65_10),V(NODE0_65_11),V(NODE0_65_12),V(NODE0_65_13),V(NODE0_65_14),V(NODE0_65_15),V(NODE0_65_16),V(NODE0_65_17),V(NODE0_65_18),V(NODE0_65_19),V(NODE0_65_20),V(NODE0_65_21),V(NODE0_65_22),V(NODE0_65_23),V(NODE0_65_24),V(NODE0_65_25),V(NODE0_65_26),V(NODE0_65_27),V(NODE0_65_28),V(NODE0_65_29),V(NODE0_65_30),V(NODE0_65_31),V(NODE0_65_32),V(NODE0_65_33),V(NODE0_65_34),V(NODE0_65_35),V(NODE0_65_36),V(NODE0_65_37),V(NODE0_65_38),V(NODE0_65_39),V(NODE0_65_40),V(NODE0_65_41),V(NODE0_65_42),V(NODE0_65_43),V(NODE0_65_44),V(NODE0_65_45),V(NODE0_65_46),V(NODE0_65_47),V(NODE0_65_48),V(NODE0_65_49),V(NODE0_65_50),V(NODE0_65_51),V(NODE0_65_52),V(NODE0_65_53),V(NODE0_65_54),V(NODE0_65_55),V(NODE0_65_56),V(NODE0_65_57),V(NODE0_65_58),V(NODE0_65_59),V(NODE0_65_60),V(NODE0_65_61),V(NODE0_65_62),V(NODE0_65_63),V(NODE0_65_64),V(NODE0_65_65),V(NODE0_65_66),V(NODE0_65_67),V(NODE0_65_68),V(NODE0_65_69),V(NODE0_65_70),V(NODE0_65_71),V(NODE0_65_72),V(NODE0_65_73),V(NODE0_65_74),V(NODE0_65_75),V(NODE0_65_76),V(NODE0_65_77),V(NODE0_65_78),V(NODE0_65_79),V(NODE0_65_80),V(NODE0_65_81),V(NODE0_65_82),V(NODE0_65_83),V(NODE0_65_84),V(NODE0_65_85),V(NODE0_65_86),V(NODE0_65_87),V(NODE0_65_88),V(NODE0_65_89),V(NODE0_65_90),V(NODE0_65_91),V(NODE0_65_92),V(NODE0_65_93),V(NODE0_65_94),V(NODE0_65_95),V(NODE0_65_96),V(NODE0_65_97),V(NODE0_65_98),V(NODE0_65_99),V(NODE0_66_0),V(NODE0_66_1),V(NODE0_66_2),V(NODE0_66_3),V(NODE0_66_4),V(NODE0_66_5),V(NODE0_66_6),V(NODE0_66_7),V(NODE0_66_8),V(NODE0_66_9),V(NODE0_66_10),V(NODE0_66_11),V(NODE0_66_12),V(NODE0_66_13),V(NODE0_66_14),V(NODE0_66_15),V(NODE0_66_16),V(NODE0_66_17),V(NODE0_66_18),V(NODE0_66_19),V(NODE0_66_20),V(NODE0_66_21),V(NODE0_66_22),V(NODE0_66_23),V(NODE0_66_24),V(NODE0_66_25),V(NODE0_66_26),V(NODE0_66_27),V(NODE0_66_28),V(NODE0_66_29),V(NODE0_66_30),V(NODE0_66_31),V(NODE0_66_32),V(NODE0_66_33),V(NODE0_66_34),V(NODE0_66_35),V(NODE0_66_36),V(NODE0_66_37),V(NODE0_66_38),V(NODE0_66_39),V(NODE0_66_40),V(NODE0_66_41),V(NODE0_66_42),V(NODE0_66_43),V(NODE0_66_44),V(NODE0_66_45),V(NODE0_66_46),V(NODE0_66_47),V(NODE0_66_48),V(NODE0_66_49),V(NODE0_66_50),V(NODE0_66_51),V(NODE0_66_52),V(NODE0_66_53),V(NODE0_66_54),V(NODE0_66_55),V(NODE0_66_56),V(NODE0_66_57),V(NODE0_66_58),V(NODE0_66_59),V(NODE0_66_60),V(NODE0_66_61),V(NODE0_66_62),V(NODE0_66_63),V(NODE0_66_64),V(NODE0_66_65),V(NODE0_66_66),V(NODE0_66_67),V(NODE0_66_68),V(NODE0_66_69),V(NODE0_66_70),V(NODE0_66_71),V(NODE0_66_72),V(NODE0_66_73),V(NODE0_66_74),V(NODE0_66_75),V(NODE0_66_76),V(NODE0_66_77),V(NODE0_66_78),V(NODE0_66_79),V(NODE0_66_80),V(NODE0_66_81),V(NODE0_66_82),V(NODE0_66_83),V(NODE0_66_84),V(NODE0_66_85),V(NODE0_66_86),V(NODE0_66_87),V(NODE0_66_88),V(NODE0_66_89),V(NODE0_66_90),V(NODE0_66_91),V(NODE0_66_92),V(NODE0_66_93),V(NODE0_66_94),V(NODE0_66_95),V(NODE0_66_96),V(NODE0_66_97),V(NODE0_66_98),V(NODE0_66_99),V(NODE0_67_0),V(NODE0_67_1),V(NODE0_67_2),V(NODE0_67_3),V(NODE0_67_4),V(NODE0_67_5),V(NODE0_67_6),V(NODE0_67_7),V(NODE0_67_8),V(NODE0_67_9),V(NODE0_67_10),V(NODE0_67_11),V(NODE0_67_12),V(NODE0_67_13),V(NODE0_67_14),V(NODE0_67_15),V(NODE0_67_16),V(NODE0_67_17),V(NODE0_67_18),V(NODE0_67_19),V(NODE0_67_20),V(NODE0_67_21),V(NODE0_67_22),V(NODE0_67_23),V(NODE0_67_24),V(NODE0_67_25),V(NODE0_67_26),V(NODE0_67_27),V(NODE0_67_28),V(NODE0_67_29),V(NODE0_67_30),V(NODE0_67_31),V(NODE0_67_32),V(NODE0_67_33),V(NODE0_67_34),V(NODE0_67_35),V(NODE0_67_36),V(NODE0_67_37),V(NODE0_67_38),V(NODE0_67_39),V(NODE0_67_40),V(NODE0_67_41),V(NODE0_67_42),V(NODE0_67_43),V(NODE0_67_44),V(NODE0_67_45),V(NODE0_67_46),V(NODE0_67_47),V(NODE0_67_48),V(NODE0_67_49),V(NODE0_67_50),V(NODE0_67_51),V(NODE0_67_52),V(NODE0_67_53),V(NODE0_67_54),V(NODE0_67_55),V(NODE0_67_56),V(NODE0_67_57),V(NODE0_67_58),V(NODE0_67_59),V(NODE0_67_60),V(NODE0_67_61),V(NODE0_67_62),V(NODE0_67_63),V(NODE0_67_64),V(NODE0_67_65),V(NODE0_67_66),V(NODE0_67_67),V(NODE0_67_68),V(NODE0_67_69),V(NODE0_67_70),V(NODE0_67_71),V(NODE0_67_72),V(NODE0_67_73),V(NODE0_67_74),V(NODE0_67_75),V(NODE0_67_76),V(NODE0_67_77),V(NODE0_67_78),V(NODE0_67_79),V(NODE0_67_80),V(NODE0_67_81),V(NODE0_67_82),V(NODE0_67_83),V(NODE0_67_84),V(NODE0_67_85),V(NODE0_67_86),V(NODE0_67_87),V(NODE0_67_88),V(NODE0_67_89),V(NODE0_67_90),V(NODE0_67_91),V(NODE0_67_92),V(NODE0_67_93),V(NODE0_67_94),V(NODE0_67_95),V(NODE0_67_96),V(NODE0_67_97),V(NODE0_67_98),V(NODE0_67_99),V(NODE0_68_0),V(NODE0_68_1),V(NODE0_68_2),V(NODE0_68_3),V(NODE0_68_4),V(NODE0_68_5),V(NODE0_68_6),V(NODE0_68_7),V(NODE0_68_8),V(NODE0_68_9),V(NODE0_68_10),V(NODE0_68_11),V(NODE0_68_12),V(NODE0_68_13),V(NODE0_68_14),V(NODE0_68_15),V(NODE0_68_16),V(NODE0_68_17),V(NODE0_68_18),V(NODE0_68_19),V(NODE0_68_20),V(NODE0_68_21),V(NODE0_68_22),V(NODE0_68_23),V(NODE0_68_24),V(NODE0_68_25),V(NODE0_68_26),V(NODE0_68_27),V(NODE0_68_28),V(NODE0_68_29),V(NODE0_68_30),V(NODE0_68_31),V(NODE0_68_32),V(NODE0_68_33),V(NODE0_68_34),V(NODE0_68_35),V(NODE0_68_36),V(NODE0_68_37),V(NODE0_68_38),V(NODE0_68_39),V(NODE0_68_40),V(NODE0_68_41),V(NODE0_68_42),V(NODE0_68_43),V(NODE0_68_44),V(NODE0_68_45),V(NODE0_68_46),V(NODE0_68_47),V(NODE0_68_48),V(NODE0_68_49),V(NODE0_68_50),V(NODE0_68_51),V(NODE0_68_52),V(NODE0_68_53),V(NODE0_68_54),V(NODE0_68_55),V(NODE0_68_56),V(NODE0_68_57),V(NODE0_68_58),V(NODE0_68_59),V(NODE0_68_60),V(NODE0_68_61),V(NODE0_68_62),V(NODE0_68_63),V(NODE0_68_64),V(NODE0_68_65),V(NODE0_68_66),V(NODE0_68_67),V(NODE0_68_68),V(NODE0_68_69),V(NODE0_68_70),V(NODE0_68_71),V(NODE0_68_72),V(NODE0_68_73),V(NODE0_68_74),V(NODE0_68_75),V(NODE0_68_76),V(NODE0_68_77),V(NODE0_68_78),V(NODE0_68_79),V(NODE0_68_80),V(NODE0_68_81),V(NODE0_68_82),V(NODE0_68_83),V(NODE0_68_84),V(NODE0_68_85),V(NODE0_68_86),V(NODE0_68_87),V(NODE0_68_88),V(NODE0_68_89),V(NODE0_68_90),V(NODE0_68_91),V(NODE0_68_92),V(NODE0_68_93),V(NODE0_68_94),V(NODE0_68_95),V(NODE0_68_96),V(NODE0_68_97),V(NODE0_68_98),V(NODE0_68_99),V(NODE0_69_0),V(NODE0_69_1),V(NODE0_69_2),V(NODE0_69_3),V(NODE0_69_4),V(NODE0_69_5),V(NODE0_69_6),V(NODE0_69_7),V(NODE0_69_8),V(NODE0_69_9),V(NODE0_69_10),V(NODE0_69_11),V(NODE0_69_12),V(NODE0_69_13),V(NODE0_69_14),V(NODE0_69_15),V(NODE0_69_16),V(NODE0_69_17),V(NODE0_69_18),V(NODE0_69_19),V(NODE0_69_20),V(NODE0_69_21),V(NODE0_69_22),V(NODE0_69_23),V(NODE0_69_24),V(NODE0_69_25),V(NODE0_69_26),V(NODE0_69_27),V(NODE0_69_28),V(NODE0_69_29),V(NODE0_69_30),V(NODE0_69_31),V(NODE0_69_32),V(NODE0_69_33),V(NODE0_69_34),V(NODE0_69_35),V(NODE0_69_36),V(NODE0_69_37),V(NODE0_69_38),V(NODE0_69_39),V(NODE0_69_40),V(NODE0_69_41),V(NODE0_69_42),V(NODE0_69_43),V(NODE0_69_44),V(NODE0_69_45),V(NODE0_69_46),V(NODE0_69_47),V(NODE0_69_48),V(NODE0_69_49),V(NODE0_69_50),V(NODE0_69_51),V(NODE0_69_52),V(NODE0_69_53),V(NODE0_69_54),V(NODE0_69_55),V(NODE0_69_56),V(NODE0_69_57),V(NODE0_69_58),V(NODE0_69_59),V(NODE0_69_60),V(NODE0_69_61),V(NODE0_69_62),V(NODE0_69_63),V(NODE0_69_64),V(NODE0_69_65),V(NODE0_69_66),V(NODE0_69_67),V(NODE0_69_68),V(NODE0_69_69),V(NODE0_69_70),V(NODE0_69_71),V(NODE0_69_72),V(NODE0_69_73),V(NODE0_69_74),V(NODE0_69_75),V(NODE0_69_76),V(NODE0_69_77),V(NODE0_69_78),V(NODE0_69_79),V(NODE0_69_80),V(NODE0_69_81),V(NODE0_69_82),V(NODE0_69_83),V(NODE0_69_84),V(NODE0_69_85),V(NODE0_69_86),V(NODE0_69_87),V(NODE0_69_88),V(NODE0_69_89),V(NODE0_69_90),V(NODE0_69_91),V(NODE0_69_92),V(NODE0_69_93),V(NODE0_69_94),V(NODE0_69_95),V(NODE0_69_96),V(NODE0_69_97),V(NODE0_69_98),V(NODE0_69_99),V(NODE0_70_0),V(NODE0_70_1),V(NODE0_70_2),V(NODE0_70_3),V(NODE0_70_4),V(NODE0_70_5),V(NODE0_70_6),V(NODE0_70_7),V(NODE0_70_8),V(NODE0_70_9),V(NODE0_70_10),V(NODE0_70_11),V(NODE0_70_12),V(NODE0_70_13),V(NODE0_70_14),V(NODE0_70_15),V(NODE0_70_16),V(NODE0_70_17),V(NODE0_70_18),V(NODE0_70_19),V(NODE0_70_20),V(NODE0_70_21),V(NODE0_70_22),V(NODE0_70_23),V(NODE0_70_24),V(NODE0_70_25),V(NODE0_70_26),V(NODE0_70_27),V(NODE0_70_28),V(NODE0_70_29),V(NODE0_70_30),V(NODE0_70_31),V(NODE0_70_32),V(NODE0_70_33),V(NODE0_70_34),V(NODE0_70_35),V(NODE0_70_36),V(NODE0_70_37),V(NODE0_70_38),V(NODE0_70_39),V(NODE0_70_40),V(NODE0_70_41),V(NODE0_70_42),V(NODE0_70_43),V(NODE0_70_44),V(NODE0_70_45),V(NODE0_70_46),V(NODE0_70_47),V(NODE0_70_48),V(NODE0_70_49),V(NODE0_70_50),V(NODE0_70_51),V(NODE0_70_52),V(NODE0_70_53),V(NODE0_70_54),V(NODE0_70_55),V(NODE0_70_56),V(NODE0_70_57),V(NODE0_70_58),V(NODE0_70_59),V(NODE0_70_60),V(NODE0_70_61),V(NODE0_70_62),V(NODE0_70_63),V(NODE0_70_64),V(NODE0_70_65),V(NODE0_70_66),V(NODE0_70_67),V(NODE0_70_68),V(NODE0_70_69),V(NODE0_70_70),V(NODE0_70_71),V(NODE0_70_72),V(NODE0_70_73),V(NODE0_70_74),V(NODE0_70_75),V(NODE0_70_76),V(NODE0_70_77),V(NODE0_70_78),V(NODE0_70_79),V(NODE0_70_80),V(NODE0_70_81),V(NODE0_70_82),V(NODE0_70_83),V(NODE0_70_84),V(NODE0_70_85),V(NODE0_70_86),V(NODE0_70_87),V(NODE0_70_88),V(NODE0_70_89),V(NODE0_70_90),V(NODE0_70_91),V(NODE0_70_92),V(NODE0_70_93),V(NODE0_70_94),V(NODE0_70_95),V(NODE0_70_96),V(NODE0_70_97),V(NODE0_70_98),V(NODE0_70_99),V(NODE0_71_0),V(NODE0_71_1),V(NODE0_71_2),V(NODE0_71_3),V(NODE0_71_4),V(NODE0_71_5),V(NODE0_71_6),V(NODE0_71_7),V(NODE0_71_8),V(NODE0_71_9),V(NODE0_71_10),V(NODE0_71_11),V(NODE0_71_12),V(NODE0_71_13),V(NODE0_71_14),V(NODE0_71_15),V(NODE0_71_16),V(NODE0_71_17),V(NODE0_71_18),V(NODE0_71_19),V(NODE0_71_20),V(NODE0_71_21),V(NODE0_71_22),V(NODE0_71_23),V(NODE0_71_24),V(NODE0_71_25),V(NODE0_71_26),V(NODE0_71_27),V(NODE0_71_28),V(NODE0_71_29),V(NODE0_71_30),V(NODE0_71_31),V(NODE0_71_32),V(NODE0_71_33),V(NODE0_71_34),V(NODE0_71_35),V(NODE0_71_36),V(NODE0_71_37),V(NODE0_71_38),V(NODE0_71_39),V(NODE0_71_40),V(NODE0_71_41),V(NODE0_71_42),V(NODE0_71_43),V(NODE0_71_44),V(NODE0_71_45),V(NODE0_71_46),V(NODE0_71_47),V(NODE0_71_48),V(NODE0_71_49),V(NODE0_71_50),V(NODE0_71_51),V(NODE0_71_52),V(NODE0_71_53),V(NODE0_71_54),V(NODE0_71_55),V(NODE0_71_56),V(NODE0_71_57),V(NODE0_71_58),V(NODE0_71_59),V(NODE0_71_60),V(NODE0_71_61),V(NODE0_71_62),V(NODE0_71_63),V(NODE0_71_64),V(NODE0_71_65),V(NODE0_71_66),V(NODE0_71_67),V(NODE0_71_68),V(NODE0_71_69),V(NODE0_71_70),V(NODE0_71_71),V(NODE0_71_72),V(NODE0_71_73),V(NODE0_71_74),V(NODE0_71_75),V(NODE0_71_76),V(NODE0_71_77),V(NODE0_71_78),V(NODE0_71_79),V(NODE0_71_80),V(NODE0_71_81),V(NODE0_71_82),V(NODE0_71_83),V(NODE0_71_84),V(NODE0_71_85),V(NODE0_71_86),V(NODE0_71_87),V(NODE0_71_88),V(NODE0_71_89),V(NODE0_71_90),V(NODE0_71_91),V(NODE0_71_92),V(NODE0_71_93),V(NODE0_71_94),V(NODE0_71_95),V(NODE0_71_96),V(NODE0_71_97),V(NODE0_71_98),V(NODE0_71_99),V(NODE0_72_0),V(NODE0_72_1),V(NODE0_72_2),V(NODE0_72_3),V(NODE0_72_4),V(NODE0_72_5),V(NODE0_72_6),V(NODE0_72_7),V(NODE0_72_8),V(NODE0_72_9),V(NODE0_72_10),V(NODE0_72_11),V(NODE0_72_12),V(NODE0_72_13),V(NODE0_72_14),V(NODE0_72_15),V(NODE0_72_16),V(NODE0_72_17),V(NODE0_72_18),V(NODE0_72_19),V(NODE0_72_20),V(NODE0_72_21),V(NODE0_72_22),V(NODE0_72_23),V(NODE0_72_24),V(NODE0_72_25),V(NODE0_72_26),V(NODE0_72_27),V(NODE0_72_28),V(NODE0_72_29),V(NODE0_72_30),V(NODE0_72_31),V(NODE0_72_32),V(NODE0_72_33),V(NODE0_72_34),V(NODE0_72_35),V(NODE0_72_36),V(NODE0_72_37),V(NODE0_72_38),V(NODE0_72_39),V(NODE0_72_40),V(NODE0_72_41),V(NODE0_72_42),V(NODE0_72_43),V(NODE0_72_44),V(NODE0_72_45),V(NODE0_72_46),V(NODE0_72_47),V(NODE0_72_48),V(NODE0_72_49),V(NODE0_72_50),V(NODE0_72_51),V(NODE0_72_52),V(NODE0_72_53),V(NODE0_72_54),V(NODE0_72_55),V(NODE0_72_56),V(NODE0_72_57),V(NODE0_72_58),V(NODE0_72_59),V(NODE0_72_60),V(NODE0_72_61),V(NODE0_72_62),V(NODE0_72_63),V(NODE0_72_64),V(NODE0_72_65),V(NODE0_72_66),V(NODE0_72_67),V(NODE0_72_68),V(NODE0_72_69),V(NODE0_72_70),V(NODE0_72_71),V(NODE0_72_72),V(NODE0_72_73),V(NODE0_72_74),V(NODE0_72_75),V(NODE0_72_76),V(NODE0_72_77),V(NODE0_72_78),V(NODE0_72_79),V(NODE0_72_80),V(NODE0_72_81),V(NODE0_72_82),V(NODE0_72_83),V(NODE0_72_84),V(NODE0_72_85),V(NODE0_72_86),V(NODE0_72_87),V(NODE0_72_88),V(NODE0_72_89),V(NODE0_72_90),V(NODE0_72_91),V(NODE0_72_92),V(NODE0_72_93),V(NODE0_72_94),V(NODE0_72_95),V(NODE0_72_96),V(NODE0_72_97),V(NODE0_72_98),V(NODE0_72_99),V(NODE0_73_0),V(NODE0_73_1),V(NODE0_73_2),V(NODE0_73_3),V(NODE0_73_4),V(NODE0_73_5),V(NODE0_73_6),V(NODE0_73_7),V(NODE0_73_8),V(NODE0_73_9),V(NODE0_73_10),V(NODE0_73_11),V(NODE0_73_12),V(NODE0_73_13),V(NODE0_73_14),V(NODE0_73_15),V(NODE0_73_16),V(NODE0_73_17),V(NODE0_73_18),V(NODE0_73_19),V(NODE0_73_20),V(NODE0_73_21),V(NODE0_73_22),V(NODE0_73_23),V(NODE0_73_24),V(NODE0_73_25),V(NODE0_73_26),V(NODE0_73_27),V(NODE0_73_28),V(NODE0_73_29),V(NODE0_73_30),V(NODE0_73_31),V(NODE0_73_32),V(NODE0_73_33),V(NODE0_73_34),V(NODE0_73_35),V(NODE0_73_36),V(NODE0_73_37),V(NODE0_73_38),V(NODE0_73_39),V(NODE0_73_40),V(NODE0_73_41),V(NODE0_73_42),V(NODE0_73_43),V(NODE0_73_44),V(NODE0_73_45),V(NODE0_73_46),V(NODE0_73_47),V(NODE0_73_48),V(NODE0_73_49),V(NODE0_73_50),V(NODE0_73_51),V(NODE0_73_52),V(NODE0_73_53),V(NODE0_73_54),V(NODE0_73_55),V(NODE0_73_56),V(NODE0_73_57),V(NODE0_73_58),V(NODE0_73_59),V(NODE0_73_60),V(NODE0_73_61),V(NODE0_73_62),V(NODE0_73_63),V(NODE0_73_64),V(NODE0_73_65),V(NODE0_73_66),V(NODE0_73_67),V(NODE0_73_68),V(NODE0_73_69),V(NODE0_73_70),V(NODE0_73_71),V(NODE0_73_72),V(NODE0_73_73),V(NODE0_73_74),V(NODE0_73_75),V(NODE0_73_76),V(NODE0_73_77),V(NODE0_73_78),V(NODE0_73_79),V(NODE0_73_80),V(NODE0_73_81),V(NODE0_73_82),V(NODE0_73_83),V(NODE0_73_84),V(NODE0_73_85),V(NODE0_73_86),V(NODE0_73_87),V(NODE0_73_88),V(NODE0_73_89),V(NODE0_73_90),V(NODE0_73_91),V(NODE0_73_92),V(NODE0_73_93),V(NODE0_73_94),V(NODE0_73_95),V(NODE0_73_96),V(NODE0_73_97),V(NODE0_73_98),V(NODE0_73_99),V(NODE0_74_0),V(NODE0_74_1),V(NODE0_74_2),V(NODE0_74_3),V(NODE0_74_4),V(NODE0_74_5),V(NODE0_74_6),V(NODE0_74_7),V(NODE0_74_8),V(NODE0_74_9),V(NODE0_74_10),V(NODE0_74_11),V(NODE0_74_12),V(NODE0_74_13),V(NODE0_74_14),V(NODE0_74_15),V(NODE0_74_16),V(NODE0_74_17),V(NODE0_74_18),V(NODE0_74_19),V(NODE0_74_20),V(NODE0_74_21),V(NODE0_74_22),V(NODE0_74_23),V(NODE0_74_24),V(NODE0_74_25),V(NODE0_74_26),V(NODE0_74_27),V(NODE0_74_28),V(NODE0_74_29),V(NODE0_74_30),V(NODE0_74_31),V(NODE0_74_32),V(NODE0_74_33),V(NODE0_74_34),V(NODE0_74_35),V(NODE0_74_36),V(NODE0_74_37),V(NODE0_74_38),V(NODE0_74_39),V(NODE0_74_40),V(NODE0_74_41),V(NODE0_74_42),V(NODE0_74_43),V(NODE0_74_44),V(NODE0_74_45),V(NODE0_74_46),V(NODE0_74_47),V(NODE0_74_48),V(NODE0_74_49),V(NODE0_74_50),V(NODE0_74_51),V(NODE0_74_52),V(NODE0_74_53),V(NODE0_74_54),V(NODE0_74_55),V(NODE0_74_56),V(NODE0_74_57),V(NODE0_74_58),V(NODE0_74_59),V(NODE0_74_60),V(NODE0_74_61),V(NODE0_74_62),V(NODE0_74_63),V(NODE0_74_64),V(NODE0_74_65),V(NODE0_74_66),V(NODE0_74_67),V(NODE0_74_68),V(NODE0_74_69),V(NODE0_74_70),V(NODE0_74_71),V(NODE0_74_72),V(NODE0_74_73),V(NODE0_74_74),V(NODE0_74_75),V(NODE0_74_76),V(NODE0_74_77),V(NODE0_74_78),V(NODE0_74_79),V(NODE0_74_80),V(NODE0_74_81),V(NODE0_74_82),V(NODE0_74_83),V(NODE0_74_84),V(NODE0_74_85),V(NODE0_74_86),V(NODE0_74_87),V(NODE0_74_88),V(NODE0_74_89),V(NODE0_74_90),V(NODE0_74_91),V(NODE0_74_92),V(NODE0_74_93),V(NODE0_74_94),V(NODE0_74_95),V(NODE0_74_96),V(NODE0_74_97),V(NODE0_74_98),V(NODE0_74_99),V(NODE0_75_0),V(NODE0_75_1),V(NODE0_75_2),V(NODE0_75_3),V(NODE0_75_4),V(NODE0_75_5),V(NODE0_75_6),V(NODE0_75_7),V(NODE0_75_8),V(NODE0_75_9),V(NODE0_75_10),V(NODE0_75_11),V(NODE0_75_12),V(NODE0_75_13),V(NODE0_75_14),V(NODE0_75_15),V(NODE0_75_16),V(NODE0_75_17),V(NODE0_75_18),V(NODE0_75_19),V(NODE0_75_20),V(NODE0_75_21),V(NODE0_75_22),V(NODE0_75_23),V(NODE0_75_24),V(NODE0_75_25),V(NODE0_75_26),V(NODE0_75_27),V(NODE0_75_28),V(NODE0_75_29),V(NODE0_75_30),V(NODE0_75_31),V(NODE0_75_32),V(NODE0_75_33),V(NODE0_75_34),V(NODE0_75_35),V(NODE0_75_36),V(NODE0_75_37),V(NODE0_75_38),V(NODE0_75_39),V(NODE0_75_40),V(NODE0_75_41),V(NODE0_75_42),V(NODE0_75_43),V(NODE0_75_44),V(NODE0_75_45),V(NODE0_75_46),V(NODE0_75_47),V(NODE0_75_48),V(NODE0_75_49),V(NODE0_75_50),V(NODE0_75_51),V(NODE0_75_52),V(NODE0_75_53),V(NODE0_75_54),V(NODE0_75_55),V(NODE0_75_56),V(NODE0_75_57),V(NODE0_75_58),V(NODE0_75_59),V(NODE0_75_60),V(NODE0_75_61),V(NODE0_75_62),V(NODE0_75_63),V(NODE0_75_64),V(NODE0_75_65),V(NODE0_75_66),V(NODE0_75_67),V(NODE0_75_68),V(NODE0_75_69),V(NODE0_75_70),V(NODE0_75_71),V(NODE0_75_72),V(NODE0_75_73),V(NODE0_75_74),V(NODE0_75_75),V(NODE0_75_76),V(NODE0_75_77),V(NODE0_75_78),V(NODE0_75_79),V(NODE0_75_80),V(NODE0_75_81),V(NODE0_75_82),V(NODE0_75_83),V(NODE0_75_84),V(NODE0_75_85),V(NODE0_75_86),V(NODE0_75_87),V(NODE0_75_88),V(NODE0_75_89),V(NODE0_75_90),V(NODE0_75_91),V(NODE0_75_92),V(NODE0_75_93),V(NODE0_75_94),V(NODE0_75_95),V(NODE0_75_96),V(NODE0_75_97),V(NODE0_75_98),V(NODE0_75_99),V(NODE0_76_0),V(NODE0_76_1),V(NODE0_76_2),V(NODE0_76_3),V(NODE0_76_4),V(NODE0_76_5),V(NODE0_76_6),V(NODE0_76_7),V(NODE0_76_8),V(NODE0_76_9),V(NODE0_76_10),V(NODE0_76_11),V(NODE0_76_12),V(NODE0_76_13),V(NODE0_76_14),V(NODE0_76_15),V(NODE0_76_16),V(NODE0_76_17),V(NODE0_76_18),V(NODE0_76_19),V(NODE0_76_20),V(NODE0_76_21),V(NODE0_76_22),V(NODE0_76_23),V(NODE0_76_24),V(NODE0_76_25),V(NODE0_76_26),V(NODE0_76_27),V(NODE0_76_28),V(NODE0_76_29),V(NODE0_76_30),V(NODE0_76_31),V(NODE0_76_32),V(NODE0_76_33),V(NODE0_76_34),V(NODE0_76_35),V(NODE0_76_36),V(NODE0_76_37),V(NODE0_76_38),V(NODE0_76_39),V(NODE0_76_40),V(NODE0_76_41),V(NODE0_76_42),V(NODE0_76_43),V(NODE0_76_44),V(NODE0_76_45),V(NODE0_76_46),V(NODE0_76_47),V(NODE0_76_48),V(NODE0_76_49),V(NODE0_76_50),V(NODE0_76_51),V(NODE0_76_52),V(NODE0_76_53),V(NODE0_76_54),V(NODE0_76_55),V(NODE0_76_56),V(NODE0_76_57),V(NODE0_76_58),V(NODE0_76_59),V(NODE0_76_60),V(NODE0_76_61),V(NODE0_76_62),V(NODE0_76_63),V(NODE0_76_64),V(NODE0_76_65),V(NODE0_76_66),V(NODE0_76_67),V(NODE0_76_68),V(NODE0_76_69),V(NODE0_76_70),V(NODE0_76_71),V(NODE0_76_72),V(NODE0_76_73),V(NODE0_76_74),V(NODE0_76_75),V(NODE0_76_76),V(NODE0_76_77),V(NODE0_76_78),V(NODE0_76_79),V(NODE0_76_80),V(NODE0_76_81),V(NODE0_76_82),V(NODE0_76_83),V(NODE0_76_84),V(NODE0_76_85),V(NODE0_76_86),V(NODE0_76_87),V(NODE0_76_88),V(NODE0_76_89),V(NODE0_76_90),V(NODE0_76_91),V(NODE0_76_92),V(NODE0_76_93),V(NODE0_76_94),V(NODE0_76_95),V(NODE0_76_96),V(NODE0_76_97),V(NODE0_76_98),V(NODE0_76_99),V(NODE0_77_0),V(NODE0_77_1),V(NODE0_77_2),V(NODE0_77_3),V(NODE0_77_4),V(NODE0_77_5),V(NODE0_77_6),V(NODE0_77_7),V(NODE0_77_8),V(NODE0_77_9),V(NODE0_77_10),V(NODE0_77_11),V(NODE0_77_12),V(NODE0_77_13),V(NODE0_77_14),V(NODE0_77_15),V(NODE0_77_16),V(NODE0_77_17),V(NODE0_77_18),V(NODE0_77_19),V(NODE0_77_20),V(NODE0_77_21),V(NODE0_77_22),V(NODE0_77_23),V(NODE0_77_24),V(NODE0_77_25),V(NODE0_77_26),V(NODE0_77_27),V(NODE0_77_28),V(NODE0_77_29),V(NODE0_77_30),V(NODE0_77_31),V(NODE0_77_32),V(NODE0_77_33),V(NODE0_77_34),V(NODE0_77_35),V(NODE0_77_36),V(NODE0_77_37),V(NODE0_77_38),V(NODE0_77_39),V(NODE0_77_40),V(NODE0_77_41),V(NODE0_77_42),V(NODE0_77_43),V(NODE0_77_44),V(NODE0_77_45),V(NODE0_77_46),V(NODE0_77_47),V(NODE0_77_48),V(NODE0_77_49),V(NODE0_77_50),V(NODE0_77_51),V(NODE0_77_52),V(NODE0_77_53),V(NODE0_77_54),V(NODE0_77_55),V(NODE0_77_56),V(NODE0_77_57),V(NODE0_77_58),V(NODE0_77_59),V(NODE0_77_60),V(NODE0_77_61),V(NODE0_77_62),V(NODE0_77_63),V(NODE0_77_64),V(NODE0_77_65),V(NODE0_77_66),V(NODE0_77_67),V(NODE0_77_68),V(NODE0_77_69),V(NODE0_77_70),V(NODE0_77_71),V(NODE0_77_72),V(NODE0_77_73),V(NODE0_77_74),V(NODE0_77_75),V(NODE0_77_76),V(NODE0_77_77),V(NODE0_77_78),V(NODE0_77_79),V(NODE0_77_80),V(NODE0_77_81),V(NODE0_77_82),V(NODE0_77_83),V(NODE0_77_84),V(NODE0_77_85),V(NODE0_77_86),V(NODE0_77_87),V(NODE0_77_88),V(NODE0_77_89),V(NODE0_77_90),V(NODE0_77_91),V(NODE0_77_92),V(NODE0_77_93),V(NODE0_77_94),V(NODE0_77_95),V(NODE0_77_96),V(NODE0_77_97),V(NODE0_77_98),V(NODE0_77_99),V(NODE0_78_0),V(NODE0_78_1),V(NODE0_78_2),V(NODE0_78_3),V(NODE0_78_4),V(NODE0_78_5),V(NODE0_78_6),V(NODE0_78_7),V(NODE0_78_8),V(NODE0_78_9),V(NODE0_78_10),V(NODE0_78_11),V(NODE0_78_12),V(NODE0_78_13),V(NODE0_78_14),V(NODE0_78_15),V(NODE0_78_16),V(NODE0_78_17),V(NODE0_78_18),V(NODE0_78_19),V(NODE0_78_20),V(NODE0_78_21),V(NODE0_78_22),V(NODE0_78_23),V(NODE0_78_24),V(NODE0_78_25),V(NODE0_78_26),V(NODE0_78_27),V(NODE0_78_28),V(NODE0_78_29),V(NODE0_78_30),V(NODE0_78_31),V(NODE0_78_32),V(NODE0_78_33),V(NODE0_78_34),V(NODE0_78_35),V(NODE0_78_36),V(NODE0_78_37),V(NODE0_78_38),V(NODE0_78_39),V(NODE0_78_40),V(NODE0_78_41),V(NODE0_78_42),V(NODE0_78_43),V(NODE0_78_44),V(NODE0_78_45),V(NODE0_78_46),V(NODE0_78_47),V(NODE0_78_48),V(NODE0_78_49),V(NODE0_78_50),V(NODE0_78_51),V(NODE0_78_52),V(NODE0_78_53),V(NODE0_78_54),V(NODE0_78_55),V(NODE0_78_56),V(NODE0_78_57),V(NODE0_78_58),V(NODE0_78_59),V(NODE0_78_60),V(NODE0_78_61),V(NODE0_78_62),V(NODE0_78_63),V(NODE0_78_64),V(NODE0_78_65),V(NODE0_78_66),V(NODE0_78_67),V(NODE0_78_68),V(NODE0_78_69),V(NODE0_78_70),V(NODE0_78_71),V(NODE0_78_72),V(NODE0_78_73),V(NODE0_78_74),V(NODE0_78_75),V(NODE0_78_76),V(NODE0_78_77),V(NODE0_78_78),V(NODE0_78_79),V(NODE0_78_80),V(NODE0_78_81),V(NODE0_78_82),V(NODE0_78_83),V(NODE0_78_84),V(NODE0_78_85),V(NODE0_78_86),V(NODE0_78_87),V(NODE0_78_88),V(NODE0_78_89),V(NODE0_78_90),V(NODE0_78_91),V(NODE0_78_92),V(NODE0_78_93),V(NODE0_78_94),V(NODE0_78_95),V(NODE0_78_96),V(NODE0_78_97),V(NODE0_78_98),V(NODE0_78_99),V(NODE0_79_0),V(NODE0_79_1),V(NODE0_79_2),V(NODE0_79_3),V(NODE0_79_4),V(NODE0_79_5),V(NODE0_79_6),V(NODE0_79_7),V(NODE0_79_8),V(NODE0_79_9),V(NODE0_79_10),V(NODE0_79_11),V(NODE0_79_12),V(NODE0_79_13),V(NODE0_79_14),V(NODE0_79_15),V(NODE0_79_16),V(NODE0_79_17),V(NODE0_79_18),V(NODE0_79_19),V(NODE0_79_20),V(NODE0_79_21),V(NODE0_79_22),V(NODE0_79_23),V(NODE0_79_24),V(NODE0_79_25),V(NODE0_79_26),V(NODE0_79_27),V(NODE0_79_28),V(NODE0_79_29),V(NODE0_79_30),V(NODE0_79_31),V(NODE0_79_32),V(NODE0_79_33),V(NODE0_79_34),V(NODE0_79_35),V(NODE0_79_36),V(NODE0_79_37),V(NODE0_79_38),V(NODE0_79_39),V(NODE0_79_40),V(NODE0_79_41),V(NODE0_79_42),V(NODE0_79_43),V(NODE0_79_44),V(NODE0_79_45),V(NODE0_79_46),V(NODE0_79_47),V(NODE0_79_48),V(NODE0_79_49),V(NODE0_79_50),V(NODE0_79_51),V(NODE0_79_52),V(NODE0_79_53),V(NODE0_79_54),V(NODE0_79_55),V(NODE0_79_56),V(NODE0_79_57),V(NODE0_79_58),V(NODE0_79_59),V(NODE0_79_60),V(NODE0_79_61),V(NODE0_79_62),V(NODE0_79_63),V(NODE0_79_64),V(NODE0_79_65),V(NODE0_79_66),V(NODE0_79_67),V(NODE0_79_68),V(NODE0_79_69),V(NODE0_79_70),V(NODE0_79_71),V(NODE0_79_72),V(NODE0_79_73),V(NODE0_79_74),V(NODE0_79_75),V(NODE0_79_76),V(NODE0_79_77),V(NODE0_79_78),V(NODE0_79_79),V(NODE0_79_80),V(NODE0_79_81),V(NODE0_79_82),V(NODE0_79_83),V(NODE0_79_84),V(NODE0_79_85),V(NODE0_79_86),V(NODE0_79_87),V(NODE0_79_88),V(NODE0_79_89),V(NODE0_79_90),V(NODE0_79_91),V(NODE0_79_92),V(NODE0_79_93),V(NODE0_79_94),V(NODE0_79_95),V(NODE0_79_96),V(NODE0_79_97),V(NODE0_79_98),V(NODE0_79_99),V(NODE0_80_0),V(NODE0_80_1),V(NODE0_80_2),V(NODE0_80_3),V(NODE0_80_4),V(NODE0_80_5),V(NODE0_80_6),V(NODE0_80_7),V(NODE0_80_8),V(NODE0_80_9),V(NODE0_80_10),V(NODE0_80_11),V(NODE0_80_12),V(NODE0_80_13),V(NODE0_80_14),V(NODE0_80_15),V(NODE0_80_16),V(NODE0_80_17),V(NODE0_80_18),V(NODE0_80_19),V(NODE0_80_20),V(NODE0_80_21),V(NODE0_80_22),V(NODE0_80_23),V(NODE0_80_24),V(NODE0_80_25),V(NODE0_80_26),V(NODE0_80_27),V(NODE0_80_28),V(NODE0_80_29),V(NODE0_80_30),V(NODE0_80_31),V(NODE0_80_32),V(NODE0_80_33),V(NODE0_80_34),V(NODE0_80_35),V(NODE0_80_36),V(NODE0_80_37),V(NODE0_80_38),V(NODE0_80_39),V(NODE0_80_40),V(NODE0_80_41),V(NODE0_80_42),V(NODE0_80_43),V(NODE0_80_44),V(NODE0_80_45),V(NODE0_80_46),V(NODE0_80_47),V(NODE0_80_48),V(NODE0_80_49),V(NODE0_80_50),V(NODE0_80_51),V(NODE0_80_52),V(NODE0_80_53),V(NODE0_80_54),V(NODE0_80_55),V(NODE0_80_56),V(NODE0_80_57),V(NODE0_80_58),V(NODE0_80_59),V(NODE0_80_60),V(NODE0_80_61),V(NODE0_80_62),V(NODE0_80_63),V(NODE0_80_64),V(NODE0_80_65),V(NODE0_80_66),V(NODE0_80_67),V(NODE0_80_68),V(NODE0_80_69),V(NODE0_80_70),V(NODE0_80_71),V(NODE0_80_72),V(NODE0_80_73),V(NODE0_80_74),V(NODE0_80_75),V(NODE0_80_76),V(NODE0_80_77),V(NODE0_80_78),V(NODE0_80_79),V(NODE0_80_80),V(NODE0_80_81),V(NODE0_80_82),V(NODE0_80_83),V(NODE0_80_84),V(NODE0_80_85),V(NODE0_80_86),V(NODE0_80_87),V(NODE0_80_88),V(NODE0_80_89),V(NODE0_80_90),V(NODE0_80_91),V(NODE0_80_92),V(NODE0_80_93),V(NODE0_80_94),V(NODE0_80_95),V(NODE0_80_96),V(NODE0_80_97),V(NODE0_80_98),V(NODE0_80_99),V(NODE0_81_0),V(NODE0_81_1),V(NODE0_81_2),V(NODE0_81_3),V(NODE0_81_4),V(NODE0_81_5),V(NODE0_81_6),V(NODE0_81_7),V(NODE0_81_8),V(NODE0_81_9),V(NODE0_81_10),V(NODE0_81_11),V(NODE0_81_12),V(NODE0_81_13),V(NODE0_81_14),V(NODE0_81_15),V(NODE0_81_16),V(NODE0_81_17),V(NODE0_81_18),V(NODE0_81_19),V(NODE0_81_20),V(NODE0_81_21),V(NODE0_81_22),V(NODE0_81_23),V(NODE0_81_24),V(NODE0_81_25),V(NODE0_81_26),V(NODE0_81_27),V(NODE0_81_28),V(NODE0_81_29),V(NODE0_81_30),V(NODE0_81_31),V(NODE0_81_32),V(NODE0_81_33),V(NODE0_81_34),V(NODE0_81_35),V(NODE0_81_36),V(NODE0_81_37),V(NODE0_81_38),V(NODE0_81_39),V(NODE0_81_40),V(NODE0_81_41),V(NODE0_81_42),V(NODE0_81_43),V(NODE0_81_44),V(NODE0_81_45),V(NODE0_81_46),V(NODE0_81_47),V(NODE0_81_48),V(NODE0_81_49),V(NODE0_81_50),V(NODE0_81_51),V(NODE0_81_52),V(NODE0_81_53),V(NODE0_81_54),V(NODE0_81_55),V(NODE0_81_56),V(NODE0_81_57),V(NODE0_81_58),V(NODE0_81_59),V(NODE0_81_60),V(NODE0_81_61),V(NODE0_81_62),V(NODE0_81_63),V(NODE0_81_64),V(NODE0_81_65),V(NODE0_81_66),V(NODE0_81_67),V(NODE0_81_68),V(NODE0_81_69),V(NODE0_81_70),V(NODE0_81_71),V(NODE0_81_72),V(NODE0_81_73),V(NODE0_81_74),V(NODE0_81_75),V(NODE0_81_76),V(NODE0_81_77),V(NODE0_81_78),V(NODE0_81_79),V(NODE0_81_80),V(NODE0_81_81),V(NODE0_81_82),V(NODE0_81_83),V(NODE0_81_84),V(NODE0_81_85),V(NODE0_81_86),V(NODE0_81_87),V(NODE0_81_88),V(NODE0_81_89),V(NODE0_81_90),V(NODE0_81_91),V(NODE0_81_92),V(NODE0_81_93),V(NODE0_81_94),V(NODE0_81_95),V(NODE0_81_96),V(NODE0_81_97),V(NODE0_81_98),V(NODE0_81_99),V(NODE0_82_0),V(NODE0_82_1),V(NODE0_82_2),V(NODE0_82_3),V(NODE0_82_4),V(NODE0_82_5),V(NODE0_82_6),V(NODE0_82_7),V(NODE0_82_8),V(NODE0_82_9),V(NODE0_82_10),V(NODE0_82_11),V(NODE0_82_12),V(NODE0_82_13),V(NODE0_82_14),V(NODE0_82_15),V(NODE0_82_16),V(NODE0_82_17),V(NODE0_82_18),V(NODE0_82_19),V(NODE0_82_20),V(NODE0_82_21),V(NODE0_82_22),V(NODE0_82_23),V(NODE0_82_24),V(NODE0_82_25),V(NODE0_82_26),V(NODE0_82_27),V(NODE0_82_28),V(NODE0_82_29),V(NODE0_82_30),V(NODE0_82_31),V(NODE0_82_32),V(NODE0_82_33),V(NODE0_82_34),V(NODE0_82_35),V(NODE0_82_36),V(NODE0_82_37),V(NODE0_82_38),V(NODE0_82_39),V(NODE0_82_40),V(NODE0_82_41),V(NODE0_82_42),V(NODE0_82_43),V(NODE0_82_44),V(NODE0_82_45),V(NODE0_82_46),V(NODE0_82_47),V(NODE0_82_48),V(NODE0_82_49),V(NODE0_82_50),V(NODE0_82_51),V(NODE0_82_52),V(NODE0_82_53),V(NODE0_82_54),V(NODE0_82_55),V(NODE0_82_56),V(NODE0_82_57),V(NODE0_82_58),V(NODE0_82_59),V(NODE0_82_60),V(NODE0_82_61),V(NODE0_82_62),V(NODE0_82_63),V(NODE0_82_64),V(NODE0_82_65),V(NODE0_82_66),V(NODE0_82_67),V(NODE0_82_68),V(NODE0_82_69),V(NODE0_82_70),V(NODE0_82_71),V(NODE0_82_72),V(NODE0_82_73),V(NODE0_82_74),V(NODE0_82_75),V(NODE0_82_76),V(NODE0_82_77),V(NODE0_82_78),V(NODE0_82_79),V(NODE0_82_80),V(NODE0_82_81),V(NODE0_82_82),V(NODE0_82_83),V(NODE0_82_84),V(NODE0_82_85),V(NODE0_82_86),V(NODE0_82_87),V(NODE0_82_88),V(NODE0_82_89),V(NODE0_82_90),V(NODE0_82_91),V(NODE0_82_92),V(NODE0_82_93),V(NODE0_82_94),V(NODE0_82_95),V(NODE0_82_96),V(NODE0_82_97),V(NODE0_82_98),V(NODE0_82_99),V(NODE0_83_0),V(NODE0_83_1),V(NODE0_83_2),V(NODE0_83_3),V(NODE0_83_4),V(NODE0_83_5),V(NODE0_83_6),V(NODE0_83_7),V(NODE0_83_8),V(NODE0_83_9),V(NODE0_83_10),V(NODE0_83_11),V(NODE0_83_12),V(NODE0_83_13),V(NODE0_83_14),V(NODE0_83_15),V(NODE0_83_16),V(NODE0_83_17),V(NODE0_83_18),V(NODE0_83_19),V(NODE0_83_20),V(NODE0_83_21),V(NODE0_83_22),V(NODE0_83_23),V(NODE0_83_24),V(NODE0_83_25),V(NODE0_83_26),V(NODE0_83_27),V(NODE0_83_28),V(NODE0_83_29),V(NODE0_83_30),V(NODE0_83_31),V(NODE0_83_32),V(NODE0_83_33),V(NODE0_83_34),V(NODE0_83_35),V(NODE0_83_36),V(NODE0_83_37),V(NODE0_83_38),V(NODE0_83_39),V(NODE0_83_40),V(NODE0_83_41),V(NODE0_83_42),V(NODE0_83_43),V(NODE0_83_44),V(NODE0_83_45),V(NODE0_83_46),V(NODE0_83_47),V(NODE0_83_48),V(NODE0_83_49),V(NODE0_83_50),V(NODE0_83_51),V(NODE0_83_52),V(NODE0_83_53),V(NODE0_83_54),V(NODE0_83_55),V(NODE0_83_56),V(NODE0_83_57),V(NODE0_83_58),V(NODE0_83_59),V(NODE0_83_60),V(NODE0_83_61),V(NODE0_83_62),V(NODE0_83_63),V(NODE0_83_64),V(NODE0_83_65),V(NODE0_83_66),V(NODE0_83_67),V(NODE0_83_68),V(NODE0_83_69),V(NODE0_83_70),V(NODE0_83_71),V(NODE0_83_72),V(NODE0_83_73),V(NODE0_83_74),V(NODE0_83_75),V(NODE0_83_76),V(NODE0_83_77),V(NODE0_83_78),V(NODE0_83_79),V(NODE0_83_80),V(NODE0_83_81),V(NODE0_83_82),V(NODE0_83_83),V(NODE0_83_84),V(NODE0_83_85),V(NODE0_83_86),V(NODE0_83_87),V(NODE0_83_88),V(NODE0_83_89),V(NODE0_83_90),V(NODE0_83_91),V(NODE0_83_92),V(NODE0_83_93),V(NODE0_83_94),V(NODE0_83_95),V(NODE0_83_96),V(NODE0_83_97),V(NODE0_83_98),V(NODE0_83_99),V(NODE0_84_0),V(NODE0_84_1),V(NODE0_84_2),V(NODE0_84_3),V(NODE0_84_4),V(NODE0_84_5),V(NODE0_84_6),V(NODE0_84_7),V(NODE0_84_8),V(NODE0_84_9),V(NODE0_84_10),V(NODE0_84_11),V(NODE0_84_12),V(NODE0_84_13),V(NODE0_84_14),V(NODE0_84_15),V(NODE0_84_16),V(NODE0_84_17),V(NODE0_84_18),V(NODE0_84_19),V(NODE0_84_20),V(NODE0_84_21),V(NODE0_84_22),V(NODE0_84_23),V(NODE0_84_24),V(NODE0_84_25),V(NODE0_84_26),V(NODE0_84_27),V(NODE0_84_28),V(NODE0_84_29),V(NODE0_84_30),V(NODE0_84_31),V(NODE0_84_32),V(NODE0_84_33),V(NODE0_84_34),V(NODE0_84_35),V(NODE0_84_36),V(NODE0_84_37),V(NODE0_84_38),V(NODE0_84_39),V(NODE0_84_40),V(NODE0_84_41),V(NODE0_84_42),V(NODE0_84_43),V(NODE0_84_44),V(NODE0_84_45),V(NODE0_84_46),V(NODE0_84_47),V(NODE0_84_48),V(NODE0_84_49),V(NODE0_84_50),V(NODE0_84_51),V(NODE0_84_52),V(NODE0_84_53),V(NODE0_84_54),V(NODE0_84_55),V(NODE0_84_56),V(NODE0_84_57),V(NODE0_84_58),V(NODE0_84_59),V(NODE0_84_60),V(NODE0_84_61),V(NODE0_84_62),V(NODE0_84_63),V(NODE0_84_64),V(NODE0_84_65),V(NODE0_84_66),V(NODE0_84_67),V(NODE0_84_68),V(NODE0_84_69),V(NODE0_84_70),V(NODE0_84_71),V(NODE0_84_72),V(NODE0_84_73),V(NODE0_84_74),V(NODE0_84_75),V(NODE0_84_76),V(NODE0_84_77),V(NODE0_84_78),V(NODE0_84_79),V(NODE0_84_80),V(NODE0_84_81),V(NODE0_84_82),V(NODE0_84_83),V(NODE0_84_84),V(NODE0_84_85),V(NODE0_84_86),V(NODE0_84_87),V(NODE0_84_88),V(NODE0_84_89),V(NODE0_84_90),V(NODE0_84_91),V(NODE0_84_92),V(NODE0_84_93),V(NODE0_84_94),V(NODE0_84_95),V(NODE0_84_96),V(NODE0_84_97),V(NODE0_84_98),V(NODE0_84_99),V(NODE0_85_0),V(NODE0_85_1),V(NODE0_85_2),V(NODE0_85_3),V(NODE0_85_4),V(NODE0_85_5),V(NODE0_85_6),V(NODE0_85_7),V(NODE0_85_8),V(NODE0_85_9),V(NODE0_85_10),V(NODE0_85_11),V(NODE0_85_12),V(NODE0_85_13),V(NODE0_85_14),V(NODE0_85_15),V(NODE0_85_16),V(NODE0_85_17),V(NODE0_85_18),V(NODE0_85_19),V(NODE0_85_20),V(NODE0_85_21),V(NODE0_85_22),V(NODE0_85_23),V(NODE0_85_24),V(NODE0_85_25),V(NODE0_85_26),V(NODE0_85_27),V(NODE0_85_28),V(NODE0_85_29),V(NODE0_85_30),V(NODE0_85_31),V(NODE0_85_32),V(NODE0_85_33),V(NODE0_85_34),V(NODE0_85_35),V(NODE0_85_36),V(NODE0_85_37),V(NODE0_85_38),V(NODE0_85_39),V(NODE0_85_40),V(NODE0_85_41),V(NODE0_85_42),V(NODE0_85_43),V(NODE0_85_44),V(NODE0_85_45),V(NODE0_85_46),V(NODE0_85_47),V(NODE0_85_48),V(NODE0_85_49),V(NODE0_85_50),V(NODE0_85_51),V(NODE0_85_52),V(NODE0_85_53),V(NODE0_85_54),V(NODE0_85_55),V(NODE0_85_56),V(NODE0_85_57),V(NODE0_85_58),V(NODE0_85_59),V(NODE0_85_60),V(NODE0_85_61),V(NODE0_85_62),V(NODE0_85_63),V(NODE0_85_64),V(NODE0_85_65),V(NODE0_85_66),V(NODE0_85_67),V(NODE0_85_68),V(NODE0_85_69),V(NODE0_85_70),V(NODE0_85_71),V(NODE0_85_72),V(NODE0_85_73),V(NODE0_85_74),V(NODE0_85_75),V(NODE0_85_76),V(NODE0_85_77),V(NODE0_85_78),V(NODE0_85_79),V(NODE0_85_80),V(NODE0_85_81),V(NODE0_85_82),V(NODE0_85_83),V(NODE0_85_84),V(NODE0_85_85),V(NODE0_85_86),V(NODE0_85_87),V(NODE0_85_88),V(NODE0_85_89),V(NODE0_85_90),V(NODE0_85_91),V(NODE0_85_92),V(NODE0_85_93),V(NODE0_85_94),V(NODE0_85_95),V(NODE0_85_96),V(NODE0_85_97),V(NODE0_85_98),V(NODE0_85_99),V(NODE0_86_0),V(NODE0_86_1),V(NODE0_86_2),V(NODE0_86_3),V(NODE0_86_4),V(NODE0_86_5),V(NODE0_86_6),V(NODE0_86_7),V(NODE0_86_8),V(NODE0_86_9),V(NODE0_86_10),V(NODE0_86_11),V(NODE0_86_12),V(NODE0_86_13),V(NODE0_86_14),V(NODE0_86_15),V(NODE0_86_16),V(NODE0_86_17),V(NODE0_86_18),V(NODE0_86_19),V(NODE0_86_20),V(NODE0_86_21),V(NODE0_86_22),V(NODE0_86_23),V(NODE0_86_24),V(NODE0_86_25),V(NODE0_86_26),V(NODE0_86_27),V(NODE0_86_28),V(NODE0_86_29),V(NODE0_86_30),V(NODE0_86_31),V(NODE0_86_32),V(NODE0_86_33),V(NODE0_86_34),V(NODE0_86_35),V(NODE0_86_36),V(NODE0_86_37),V(NODE0_86_38),V(NODE0_86_39),V(NODE0_86_40),V(NODE0_86_41),V(NODE0_86_42),V(NODE0_86_43),V(NODE0_86_44),V(NODE0_86_45),V(NODE0_86_46),V(NODE0_86_47),V(NODE0_86_48),V(NODE0_86_49),V(NODE0_86_50),V(NODE0_86_51),V(NODE0_86_52),V(NODE0_86_53),V(NODE0_86_54),V(NODE0_86_55),V(NODE0_86_56),V(NODE0_86_57),V(NODE0_86_58),V(NODE0_86_59),V(NODE0_86_60),V(NODE0_86_61),V(NODE0_86_62),V(NODE0_86_63),V(NODE0_86_64),V(NODE0_86_65),V(NODE0_86_66),V(NODE0_86_67),V(NODE0_86_68),V(NODE0_86_69),V(NODE0_86_70),V(NODE0_86_71),V(NODE0_86_72),V(NODE0_86_73),V(NODE0_86_74),V(NODE0_86_75),V(NODE0_86_76),V(NODE0_86_77),V(NODE0_86_78),V(NODE0_86_79),V(NODE0_86_80),V(NODE0_86_81),V(NODE0_86_82),V(NODE0_86_83),V(NODE0_86_84),V(NODE0_86_85),V(NODE0_86_86),V(NODE0_86_87),V(NODE0_86_88),V(NODE0_86_89),V(NODE0_86_90),V(NODE0_86_91),V(NODE0_86_92),V(NODE0_86_93),V(NODE0_86_94),V(NODE0_86_95),V(NODE0_86_96),V(NODE0_86_97),V(NODE0_86_98),V(NODE0_86_99),V(NODE0_87_0),V(NODE0_87_1),V(NODE0_87_2),V(NODE0_87_3),V(NODE0_87_4),V(NODE0_87_5),V(NODE0_87_6),V(NODE0_87_7),V(NODE0_87_8),V(NODE0_87_9),V(NODE0_87_10),V(NODE0_87_11),V(NODE0_87_12),V(NODE0_87_13),V(NODE0_87_14),V(NODE0_87_15),V(NODE0_87_16),V(NODE0_87_17),V(NODE0_87_18),V(NODE0_87_19),V(NODE0_87_20),V(NODE0_87_21),V(NODE0_87_22),V(NODE0_87_23),V(NODE0_87_24),V(NODE0_87_25),V(NODE0_87_26),V(NODE0_87_27),V(NODE0_87_28),V(NODE0_87_29),V(NODE0_87_30),V(NODE0_87_31),V(NODE0_87_32),V(NODE0_87_33),V(NODE0_87_34),V(NODE0_87_35),V(NODE0_87_36),V(NODE0_87_37),V(NODE0_87_38),V(NODE0_87_39),V(NODE0_87_40),V(NODE0_87_41),V(NODE0_87_42),V(NODE0_87_43),V(NODE0_87_44),V(NODE0_87_45),V(NODE0_87_46),V(NODE0_87_47),V(NODE0_87_48),V(NODE0_87_49),V(NODE0_87_50),V(NODE0_87_51),V(NODE0_87_52),V(NODE0_87_53),V(NODE0_87_54),V(NODE0_87_55),V(NODE0_87_56),V(NODE0_87_57),V(NODE0_87_58),V(NODE0_87_59),V(NODE0_87_60),V(NODE0_87_61),V(NODE0_87_62),V(NODE0_87_63),V(NODE0_87_64),V(NODE0_87_65),V(NODE0_87_66),V(NODE0_87_67),V(NODE0_87_68),V(NODE0_87_69),V(NODE0_87_70),V(NODE0_87_71),V(NODE0_87_72),V(NODE0_87_73),V(NODE0_87_74),V(NODE0_87_75),V(NODE0_87_76),V(NODE0_87_77),V(NODE0_87_78),V(NODE0_87_79),V(NODE0_87_80),V(NODE0_87_81),V(NODE0_87_82),V(NODE0_87_83),V(NODE0_87_84),V(NODE0_87_85),V(NODE0_87_86),V(NODE0_87_87),V(NODE0_87_88),V(NODE0_87_89),V(NODE0_87_90),V(NODE0_87_91),V(NODE0_87_92),V(NODE0_87_93),V(NODE0_87_94),V(NODE0_87_95),V(NODE0_87_96),V(NODE0_87_97),V(NODE0_87_98),V(NODE0_87_99),V(NODE0_88_0),V(NODE0_88_1),V(NODE0_88_2),V(NODE0_88_3),V(NODE0_88_4),V(NODE0_88_5),V(NODE0_88_6),V(NODE0_88_7),V(NODE0_88_8),V(NODE0_88_9),V(NODE0_88_10),V(NODE0_88_11),V(NODE0_88_12),V(NODE0_88_13),V(NODE0_88_14),V(NODE0_88_15),V(NODE0_88_16),V(NODE0_88_17),V(NODE0_88_18),V(NODE0_88_19),V(NODE0_88_20),V(NODE0_88_21),V(NODE0_88_22),V(NODE0_88_23),V(NODE0_88_24),V(NODE0_88_25),V(NODE0_88_26),V(NODE0_88_27),V(NODE0_88_28),V(NODE0_88_29),V(NODE0_88_30),V(NODE0_88_31),V(NODE0_88_32),V(NODE0_88_33),V(NODE0_88_34),V(NODE0_88_35),V(NODE0_88_36),V(NODE0_88_37),V(NODE0_88_38),V(NODE0_88_39),V(NODE0_88_40),V(NODE0_88_41),V(NODE0_88_42),V(NODE0_88_43),V(NODE0_88_44),V(NODE0_88_45),V(NODE0_88_46),V(NODE0_88_47),V(NODE0_88_48),V(NODE0_88_49),V(NODE0_88_50),V(NODE0_88_51),V(NODE0_88_52),V(NODE0_88_53),V(NODE0_88_54),V(NODE0_88_55),V(NODE0_88_56),V(NODE0_88_57),V(NODE0_88_58),V(NODE0_88_59),V(NODE0_88_60),V(NODE0_88_61),V(NODE0_88_62),V(NODE0_88_63),V(NODE0_88_64),V(NODE0_88_65),V(NODE0_88_66),V(NODE0_88_67),V(NODE0_88_68),V(NODE0_88_69),V(NODE0_88_70),V(NODE0_88_71),V(NODE0_88_72),V(NODE0_88_73),V(NODE0_88_74),V(NODE0_88_75),V(NODE0_88_76),V(NODE0_88_77),V(NODE0_88_78),V(NODE0_88_79),V(NODE0_88_80),V(NODE0_88_81),V(NODE0_88_82),V(NODE0_88_83),V(NODE0_88_84),V(NODE0_88_85),V(NODE0_88_86),V(NODE0_88_87),V(NODE0_88_88),V(NODE0_88_89),V(NODE0_88_90),V(NODE0_88_91),V(NODE0_88_92),V(NODE0_88_93),V(NODE0_88_94),V(NODE0_88_95),V(NODE0_88_96),V(NODE0_88_97),V(NODE0_88_98),V(NODE0_88_99),V(NODE0_89_0),V(NODE0_89_1),V(NODE0_89_2),V(NODE0_89_3),V(NODE0_89_4),V(NODE0_89_5),V(NODE0_89_6),V(NODE0_89_7),V(NODE0_89_8),V(NODE0_89_9),V(NODE0_89_10),V(NODE0_89_11),V(NODE0_89_12),V(NODE0_89_13),V(NODE0_89_14),V(NODE0_89_15),V(NODE0_89_16),V(NODE0_89_17),V(NODE0_89_18),V(NODE0_89_19),V(NODE0_89_20),V(NODE0_89_21),V(NODE0_89_22),V(NODE0_89_23),V(NODE0_89_24),V(NODE0_89_25),V(NODE0_89_26),V(NODE0_89_27),V(NODE0_89_28),V(NODE0_89_29),V(NODE0_89_30),V(NODE0_89_31),V(NODE0_89_32),V(NODE0_89_33),V(NODE0_89_34),V(NODE0_89_35),V(NODE0_89_36),V(NODE0_89_37),V(NODE0_89_38),V(NODE0_89_39),V(NODE0_89_40),V(NODE0_89_41),V(NODE0_89_42),V(NODE0_89_43),V(NODE0_89_44),V(NODE0_89_45),V(NODE0_89_46),V(NODE0_89_47),V(NODE0_89_48),V(NODE0_89_49),V(NODE0_89_50),V(NODE0_89_51),V(NODE0_89_52),V(NODE0_89_53),V(NODE0_89_54),V(NODE0_89_55),V(NODE0_89_56),V(NODE0_89_57),V(NODE0_89_58),V(NODE0_89_59),V(NODE0_89_60),V(NODE0_89_61),V(NODE0_89_62),V(NODE0_89_63),V(NODE0_89_64),V(NODE0_89_65),V(NODE0_89_66),V(NODE0_89_67),V(NODE0_89_68),V(NODE0_89_69),V(NODE0_89_70),V(NODE0_89_71),V(NODE0_89_72),V(NODE0_89_73),V(NODE0_89_74),V(NODE0_89_75),V(NODE0_89_76),V(NODE0_89_77),V(NODE0_89_78),V(NODE0_89_79),V(NODE0_89_80),V(NODE0_89_81),V(NODE0_89_82),V(NODE0_89_83),V(NODE0_89_84),V(NODE0_89_85),V(NODE0_89_86),V(NODE0_89_87),V(NODE0_89_88),V(NODE0_89_89),V(NODE0_89_90),V(NODE0_89_91),V(NODE0_89_92),V(NODE0_89_93),V(NODE0_89_94),V(NODE0_89_95),V(NODE0_89_96),V(NODE0_89_97),V(NODE0_89_98),V(NODE0_89_99),V(NODE0_90_0),V(NODE0_90_1),V(NODE0_90_2),V(NODE0_90_3),V(NODE0_90_4),V(NODE0_90_5),V(NODE0_90_6),V(NODE0_90_7),V(NODE0_90_8),V(NODE0_90_9),V(NODE0_90_10),V(NODE0_90_11),V(NODE0_90_12),V(NODE0_90_13),V(NODE0_90_14),V(NODE0_90_15),V(NODE0_90_16),V(NODE0_90_17),V(NODE0_90_18),V(NODE0_90_19),V(NODE0_90_20),V(NODE0_90_21),V(NODE0_90_22),V(NODE0_90_23),V(NODE0_90_24),V(NODE0_90_25),V(NODE0_90_26),V(NODE0_90_27),V(NODE0_90_28),V(NODE0_90_29),V(NODE0_90_30),V(NODE0_90_31),V(NODE0_90_32),V(NODE0_90_33),V(NODE0_90_34),V(NODE0_90_35),V(NODE0_90_36),V(NODE0_90_37),V(NODE0_90_38),V(NODE0_90_39),V(NODE0_90_40),V(NODE0_90_41),V(NODE0_90_42),V(NODE0_90_43),V(NODE0_90_44),V(NODE0_90_45),V(NODE0_90_46),V(NODE0_90_47),V(NODE0_90_48),V(NODE0_90_49),V(NODE0_90_50),V(NODE0_90_51),V(NODE0_90_52),V(NODE0_90_53),V(NODE0_90_54),V(NODE0_90_55),V(NODE0_90_56),V(NODE0_90_57),V(NODE0_90_58),V(NODE0_90_59),V(NODE0_90_60),V(NODE0_90_61),V(NODE0_90_62),V(NODE0_90_63),V(NODE0_90_64),V(NODE0_90_65),V(NODE0_90_66),V(NODE0_90_67),V(NODE0_90_68),V(NODE0_90_69),V(NODE0_90_70),V(NODE0_90_71),V(NODE0_90_72),V(NODE0_90_73),V(NODE0_90_74),V(NODE0_90_75),V(NODE0_90_76),V(NODE0_90_77),V(NODE0_90_78),V(NODE0_90_79),V(NODE0_90_80),V(NODE0_90_81),V(NODE0_90_82),V(NODE0_90_83),V(NODE0_90_84),V(NODE0_90_85),V(NODE0_90_86),V(NODE0_90_87),V(NODE0_90_88),V(NODE0_90_89),V(NODE0_90_90),V(NODE0_90_91),V(NODE0_90_92),V(NODE0_90_93),V(NODE0_90_94),V(NODE0_90_95),V(NODE0_90_96),V(NODE0_90_97),V(NODE0_90_98),V(NODE0_90_99),V(NODE0_91_0),V(NODE0_91_1),V(NODE0_91_2),V(NODE0_91_3),V(NODE0_91_4),V(NODE0_91_5),V(NODE0_91_6),V(NODE0_91_7),V(NODE0_91_8),V(NODE0_91_9),V(NODE0_91_10),V(NODE0_91_11),V(NODE0_91_12),V(NODE0_91_13),V(NODE0_91_14),V(NODE0_91_15),V(NODE0_91_16),V(NODE0_91_17),V(NODE0_91_18),V(NODE0_91_19),V(NODE0_91_20),V(NODE0_91_21),V(NODE0_91_22),V(NODE0_91_23),V(NODE0_91_24),V(NODE0_91_25),V(NODE0_91_26),V(NODE0_91_27),V(NODE0_91_28),V(NODE0_91_29),V(NODE0_91_30),V(NODE0_91_31),V(NODE0_91_32),V(NODE0_91_33),V(NODE0_91_34),V(NODE0_91_35),V(NODE0_91_36),V(NODE0_91_37),V(NODE0_91_38),V(NODE0_91_39),V(NODE0_91_40),V(NODE0_91_41),V(NODE0_91_42),V(NODE0_91_43),V(NODE0_91_44),V(NODE0_91_45),V(NODE0_91_46),V(NODE0_91_47),V(NODE0_91_48),V(NODE0_91_49),V(NODE0_91_50),V(NODE0_91_51),V(NODE0_91_52),V(NODE0_91_53),V(NODE0_91_54),V(NODE0_91_55),V(NODE0_91_56),V(NODE0_91_57),V(NODE0_91_58),V(NODE0_91_59),V(NODE0_91_60),V(NODE0_91_61),V(NODE0_91_62),V(NODE0_91_63),V(NODE0_91_64),V(NODE0_91_65),V(NODE0_91_66),V(NODE0_91_67),V(NODE0_91_68),V(NODE0_91_69),V(NODE0_91_70),V(NODE0_91_71),V(NODE0_91_72),V(NODE0_91_73),V(NODE0_91_74),V(NODE0_91_75),V(NODE0_91_76),V(NODE0_91_77),V(NODE0_91_78),V(NODE0_91_79),V(NODE0_91_80),V(NODE0_91_81),V(NODE0_91_82),V(NODE0_91_83),V(NODE0_91_84),V(NODE0_91_85),V(NODE0_91_86),V(NODE0_91_87),V(NODE0_91_88),V(NODE0_91_89),V(NODE0_91_90),V(NODE0_91_91),V(NODE0_91_92),V(NODE0_91_93),V(NODE0_91_94),V(NODE0_91_95),V(NODE0_91_96),V(NODE0_91_97),V(NODE0_91_98),V(NODE0_91_99),V(NODE0_92_0),V(NODE0_92_1),V(NODE0_92_2),V(NODE0_92_3),V(NODE0_92_4),V(NODE0_92_5),V(NODE0_92_6),V(NODE0_92_7),V(NODE0_92_8),V(NODE0_92_9),V(NODE0_92_10),V(NODE0_92_11),V(NODE0_92_12),V(NODE0_92_13),V(NODE0_92_14),V(NODE0_92_15),V(NODE0_92_16),V(NODE0_92_17),V(NODE0_92_18),V(NODE0_92_19),V(NODE0_92_20),V(NODE0_92_21),V(NODE0_92_22),V(NODE0_92_23),V(NODE0_92_24),V(NODE0_92_25),V(NODE0_92_26),V(NODE0_92_27),V(NODE0_92_28),V(NODE0_92_29),V(NODE0_92_30),V(NODE0_92_31),V(NODE0_92_32),V(NODE0_92_33),V(NODE0_92_34),V(NODE0_92_35),V(NODE0_92_36),V(NODE0_92_37),V(NODE0_92_38),V(NODE0_92_39),V(NODE0_92_40),V(NODE0_92_41),V(NODE0_92_42),V(NODE0_92_43),V(NODE0_92_44),V(NODE0_92_45),V(NODE0_92_46),V(NODE0_92_47),V(NODE0_92_48),V(NODE0_92_49),V(NODE0_92_50),V(NODE0_92_51),V(NODE0_92_52),V(NODE0_92_53),V(NODE0_92_54),V(NODE0_92_55),V(NODE0_92_56),V(NODE0_92_57),V(NODE0_92_58),V(NODE0_92_59),V(NODE0_92_60),V(NODE0_92_61),V(NODE0_92_62),V(NODE0_92_63),V(NODE0_92_64),V(NODE0_92_65),V(NODE0_92_66),V(NODE0_92_67),V(NODE0_92_68),V(NODE0_92_69),V(NODE0_92_70),V(NODE0_92_71),V(NODE0_92_72),V(NODE0_92_73),V(NODE0_92_74),V(NODE0_92_75),V(NODE0_92_76),V(NODE0_92_77),V(NODE0_92_78),V(NODE0_92_79),V(NODE0_92_80),V(NODE0_92_81),V(NODE0_92_82),V(NODE0_92_83),V(NODE0_92_84),V(NODE0_92_85),V(NODE0_92_86),V(NODE0_92_87),V(NODE0_92_88),V(NODE0_92_89),V(NODE0_92_90),V(NODE0_92_91),V(NODE0_92_92),V(NODE0_92_93),V(NODE0_92_94),V(NODE0_92_95),V(NODE0_92_96),V(NODE0_92_97),V(NODE0_92_98),V(NODE0_92_99),V(NODE0_93_0),V(NODE0_93_1),V(NODE0_93_2),V(NODE0_93_3),V(NODE0_93_4),V(NODE0_93_5),V(NODE0_93_6),V(NODE0_93_7),V(NODE0_93_8),V(NODE0_93_9),V(NODE0_93_10),V(NODE0_93_11),V(NODE0_93_12),V(NODE0_93_13),V(NODE0_93_14),V(NODE0_93_15),V(NODE0_93_16),V(NODE0_93_17),V(NODE0_93_18),V(NODE0_93_19),V(NODE0_93_20),V(NODE0_93_21),V(NODE0_93_22),V(NODE0_93_23),V(NODE0_93_24),V(NODE0_93_25),V(NODE0_93_26),V(NODE0_93_27),V(NODE0_93_28),V(NODE0_93_29),V(NODE0_93_30),V(NODE0_93_31),V(NODE0_93_32),V(NODE0_93_33),V(NODE0_93_34),V(NODE0_93_35),V(NODE0_93_36),V(NODE0_93_37),V(NODE0_93_38),V(NODE0_93_39),V(NODE0_93_40),V(NODE0_93_41),V(NODE0_93_42),V(NODE0_93_43),V(NODE0_93_44),V(NODE0_93_45),V(NODE0_93_46),V(NODE0_93_47),V(NODE0_93_48),V(NODE0_93_49),V(NODE0_93_50),V(NODE0_93_51),V(NODE0_93_52),V(NODE0_93_53),V(NODE0_93_54),V(NODE0_93_55),V(NODE0_93_56),V(NODE0_93_57),V(NODE0_93_58),V(NODE0_93_59),V(NODE0_93_60),V(NODE0_93_61),V(NODE0_93_62),V(NODE0_93_63),V(NODE0_93_64),V(NODE0_93_65),V(NODE0_93_66),V(NODE0_93_67),V(NODE0_93_68),V(NODE0_93_69),V(NODE0_93_70),V(NODE0_93_71),V(NODE0_93_72),V(NODE0_93_73),V(NODE0_93_74),V(NODE0_93_75),V(NODE0_93_76),V(NODE0_93_77),V(NODE0_93_78),V(NODE0_93_79),V(NODE0_93_80),V(NODE0_93_81),V(NODE0_93_82),V(NODE0_93_83),V(NODE0_93_84),V(NODE0_93_85),V(NODE0_93_86),V(NODE0_93_87),V(NODE0_93_88),V(NODE0_93_89),V(NODE0_93_90),V(NODE0_93_91),V(NODE0_93_92),V(NODE0_93_93),V(NODE0_93_94),V(NODE0_93_95),V(NODE0_93_96),V(NODE0_93_97),V(NODE0_93_98),V(NODE0_93_99),V(NODE0_94_0),V(NODE0_94_1),V(NODE0_94_2),V(NODE0_94_3),V(NODE0_94_4),V(NODE0_94_5),V(NODE0_94_6),V(NODE0_94_7),V(NODE0_94_8),V(NODE0_94_9),V(NODE0_94_10),V(NODE0_94_11),V(NODE0_94_12),V(NODE0_94_13),V(NODE0_94_14),V(NODE0_94_15),V(NODE0_94_16),V(NODE0_94_17),V(NODE0_94_18),V(NODE0_94_19),V(NODE0_94_20),V(NODE0_94_21),V(NODE0_94_22),V(NODE0_94_23),V(NODE0_94_24),V(NODE0_94_25),V(NODE0_94_26),V(NODE0_94_27),V(NODE0_94_28),V(NODE0_94_29),V(NODE0_94_30),V(NODE0_94_31),V(NODE0_94_32),V(NODE0_94_33),V(NODE0_94_34),V(NODE0_94_35),V(NODE0_94_36),V(NODE0_94_37),V(NODE0_94_38),V(NODE0_94_39),V(NODE0_94_40),V(NODE0_94_41),V(NODE0_94_42),V(NODE0_94_43),V(NODE0_94_44),V(NODE0_94_45),V(NODE0_94_46),V(NODE0_94_47),V(NODE0_94_48),V(NODE0_94_49),V(NODE0_94_50),V(NODE0_94_51),V(NODE0_94_52),V(NODE0_94_53),V(NODE0_94_54),V(NODE0_94_55),V(NODE0_94_56),V(NODE0_94_57),V(NODE0_94_58),V(NODE0_94_59),V(NODE0_94_60),V(NODE0_94_61),V(NODE0_94_62),V(NODE0_94_63),V(NODE0_94_64),V(NODE0_94_65),V(NODE0_94_66),V(NODE0_94_67),V(NODE0_94_68),V(NODE0_94_69),V(NODE0_94_70),V(NODE0_94_71),V(NODE0_94_72),V(NODE0_94_73),V(NODE0_94_74),V(NODE0_94_75),V(NODE0_94_76),V(NODE0_94_77),V(NODE0_94_78),V(NODE0_94_79),V(NODE0_94_80),V(NODE0_94_81),V(NODE0_94_82),V(NODE0_94_83),V(NODE0_94_84),V(NODE0_94_85),V(NODE0_94_86),V(NODE0_94_87),V(NODE0_94_88),V(NODE0_94_89),V(NODE0_94_90),V(NODE0_94_91),V(NODE0_94_92),V(NODE0_94_93),V(NODE0_94_94),V(NODE0_94_95),V(NODE0_94_96),V(NODE0_94_97),V(NODE0_94_98),V(NODE0_94_99),V(NODE0_95_0),V(NODE0_95_1),V(NODE0_95_2),V(NODE0_95_3),V(NODE0_95_4),V(NODE0_95_5),V(NODE0_95_6),V(NODE0_95_7),V(NODE0_95_8),V(NODE0_95_9),V(NODE0_95_10),V(NODE0_95_11),V(NODE0_95_12),V(NODE0_95_13),V(NODE0_95_14),V(NODE0_95_15),V(NODE0_95_16),V(NODE0_95_17),V(NODE0_95_18),V(NODE0_95_19),V(NODE0_95_20),V(NODE0_95_21),V(NODE0_95_22),V(NODE0_95_23),V(NODE0_95_24),V(NODE0_95_25),V(NODE0_95_26),V(NODE0_95_27),V(NODE0_95_28),V(NODE0_95_29),V(NODE0_95_30),V(NODE0_95_31),V(NODE0_95_32),V(NODE0_95_33),V(NODE0_95_34),V(NODE0_95_35),V(NODE0_95_36),V(NODE0_95_37),V(NODE0_95_38),V(NODE0_95_39),V(NODE0_95_40),V(NODE0_95_41),V(NODE0_95_42),V(NODE0_95_43),V(NODE0_95_44),V(NODE0_95_45),V(NODE0_95_46),V(NODE0_95_47),V(NODE0_95_48),V(NODE0_95_49),V(NODE0_95_50),V(NODE0_95_51),V(NODE0_95_52),V(NODE0_95_53),V(NODE0_95_54),V(NODE0_95_55),V(NODE0_95_56),V(NODE0_95_57),V(NODE0_95_58),V(NODE0_95_59),V(NODE0_95_60),V(NODE0_95_61),V(NODE0_95_62),V(NODE0_95_63),V(NODE0_95_64),V(NODE0_95_65),V(NODE0_95_66),V(NODE0_95_67),V(NODE0_95_68),V(NODE0_95_69),V(NODE0_95_70),V(NODE0_95_71),V(NODE0_95_72),V(NODE0_95_73),V(NODE0_95_74),V(NODE0_95_75),V(NODE0_95_76),V(NODE0_95_77),V(NODE0_95_78),V(NODE0_95_79),V(NODE0_95_80),V(NODE0_95_81),V(NODE0_95_82),V(NODE0_95_83),V(NODE0_95_84),V(NODE0_95_85),V(NODE0_95_86),V(NODE0_95_87),V(NODE0_95_88),V(NODE0_95_89),V(NODE0_95_90),V(NODE0_95_91),V(NODE0_95_92),V(NODE0_95_93),V(NODE0_95_94),V(NODE0_95_95),V(NODE0_95_96),V(NODE0_95_97),V(NODE0_95_98),V(NODE0_95_99),V(NODE0_96_0),V(NODE0_96_1),V(NODE0_96_2),V(NODE0_96_3),V(NODE0_96_4),V(NODE0_96_5),V(NODE0_96_6),V(NODE0_96_7),V(NODE0_96_8),V(NODE0_96_9),V(NODE0_96_10),V(NODE0_96_11),V(NODE0_96_12),V(NODE0_96_13),V(NODE0_96_14),V(NODE0_96_15),V(NODE0_96_16),V(NODE0_96_17),V(NODE0_96_18),V(NODE0_96_19),V(NODE0_96_20),V(NODE0_96_21),V(NODE0_96_22),V(NODE0_96_23),V(NODE0_96_24),V(NODE0_96_25),V(NODE0_96_26),V(NODE0_96_27),V(NODE0_96_28),V(NODE0_96_29),V(NODE0_96_30),V(NODE0_96_31),V(NODE0_96_32),V(NODE0_96_33),V(NODE0_96_34),V(NODE0_96_35),V(NODE0_96_36),V(NODE0_96_37),V(NODE0_96_38),V(NODE0_96_39),V(NODE0_96_40),V(NODE0_96_41),V(NODE0_96_42),V(NODE0_96_43),V(NODE0_96_44),V(NODE0_96_45),V(NODE0_96_46),V(NODE0_96_47),V(NODE0_96_48),V(NODE0_96_49),V(NODE0_96_50),V(NODE0_96_51),V(NODE0_96_52),V(NODE0_96_53),V(NODE0_96_54),V(NODE0_96_55),V(NODE0_96_56),V(NODE0_96_57),V(NODE0_96_58),V(NODE0_96_59),V(NODE0_96_60),V(NODE0_96_61),V(NODE0_96_62),V(NODE0_96_63),V(NODE0_96_64),V(NODE0_96_65),V(NODE0_96_66),V(NODE0_96_67),V(NODE0_96_68),V(NODE0_96_69),V(NODE0_96_70),V(NODE0_96_71),V(NODE0_96_72),V(NODE0_96_73),V(NODE0_96_74),V(NODE0_96_75),V(NODE0_96_76),V(NODE0_96_77),V(NODE0_96_78),V(NODE0_96_79),V(NODE0_96_80),V(NODE0_96_81),V(NODE0_96_82),V(NODE0_96_83),V(NODE0_96_84),V(NODE0_96_85),V(NODE0_96_86),V(NODE0_96_87),V(NODE0_96_88),V(NODE0_96_89),V(NODE0_96_90),V(NODE0_96_91),V(NODE0_96_92),V(NODE0_96_93),V(NODE0_96_94),V(NODE0_96_95),V(NODE0_96_96),V(NODE0_96_97),V(NODE0_96_98),V(NODE0_96_99),V(NODE0_97_0),V(NODE0_97_1),V(NODE0_97_2),V(NODE0_97_3),V(NODE0_97_4),V(NODE0_97_5),V(NODE0_97_6),V(NODE0_97_7),V(NODE0_97_8),V(NODE0_97_9),V(NODE0_97_10),V(NODE0_97_11),V(NODE0_97_12),V(NODE0_97_13),V(NODE0_97_14),V(NODE0_97_15),V(NODE0_97_16),V(NODE0_97_17),V(NODE0_97_18),V(NODE0_97_19),V(NODE0_97_20),V(NODE0_97_21),V(NODE0_97_22),V(NODE0_97_23),V(NODE0_97_24),V(NODE0_97_25),V(NODE0_97_26),V(NODE0_97_27),V(NODE0_97_28),V(NODE0_97_29),V(NODE0_97_30),V(NODE0_97_31),V(NODE0_97_32),V(NODE0_97_33),V(NODE0_97_34),V(NODE0_97_35),V(NODE0_97_36),V(NODE0_97_37),V(NODE0_97_38),V(NODE0_97_39),V(NODE0_97_40),V(NODE0_97_41),V(NODE0_97_42),V(NODE0_97_43),V(NODE0_97_44),V(NODE0_97_45),V(NODE0_97_46),V(NODE0_97_47),V(NODE0_97_48),V(NODE0_97_49),V(NODE0_97_50),V(NODE0_97_51),V(NODE0_97_52),V(NODE0_97_53),V(NODE0_97_54),V(NODE0_97_55),V(NODE0_97_56),V(NODE0_97_57),V(NODE0_97_58),V(NODE0_97_59),V(NODE0_97_60),V(NODE0_97_61),V(NODE0_97_62),V(NODE0_97_63),V(NODE0_97_64),V(NODE0_97_65),V(NODE0_97_66),V(NODE0_97_67),V(NODE0_97_68),V(NODE0_97_69),V(NODE0_97_70),V(NODE0_97_71),V(NODE0_97_72),V(NODE0_97_73),V(NODE0_97_74),V(NODE0_97_75),V(NODE0_97_76),V(NODE0_97_77),V(NODE0_97_78),V(NODE0_97_79),V(NODE0_97_80),V(NODE0_97_81),V(NODE0_97_82),V(NODE0_97_83),V(NODE0_97_84),V(NODE0_97_85),V(NODE0_97_86),V(NODE0_97_87),V(NODE0_97_88),V(NODE0_97_89),V(NODE0_97_90),V(NODE0_97_91),V(NODE0_97_92),V(NODE0_97_93),V(NODE0_97_94),V(NODE0_97_95),V(NODE0_97_96),V(NODE0_97_97),V(NODE0_97_98),V(NODE0_97_99),V(NODE0_98_0),V(NODE0_98_1),V(NODE0_98_2),V(NODE0_98_3),V(NODE0_98_4),V(NODE0_98_5),V(NODE0_98_6),V(NODE0_98_7),V(NODE0_98_8),V(NODE0_98_9),V(NODE0_98_10),V(NODE0_98_11),V(NODE0_98_12),V(NODE0_98_13),V(NODE0_98_14),V(NODE0_98_15),V(NODE0_98_16),V(NODE0_98_17),V(NODE0_98_18),V(NODE0_98_19),V(NODE0_98_20),V(NODE0_98_21),V(NODE0_98_22),V(NODE0_98_23),V(NODE0_98_24),V(NODE0_98_25),V(NODE0_98_26),V(NODE0_98_27),V(NODE0_98_28),V(NODE0_98_29),V(NODE0_98_30),V(NODE0_98_31),V(NODE0_98_32),V(NODE0_98_33),V(NODE0_98_34),V(NODE0_98_35),V(NODE0_98_36),V(NODE0_98_37),V(NODE0_98_38),V(NODE0_98_39),V(NODE0_98_40),V(NODE0_98_41),V(NODE0_98_42),V(NODE0_98_43),V(NODE0_98_44),V(NODE0_98_45),V(NODE0_98_46),V(NODE0_98_47),V(NODE0_98_48),V(NODE0_98_49),V(NODE0_98_50),V(NODE0_98_51),V(NODE0_98_52),V(NODE0_98_53),V(NODE0_98_54),V(NODE0_98_55),V(NODE0_98_56),V(NODE0_98_57),V(NODE0_98_58),V(NODE0_98_59),V(NODE0_98_60),V(NODE0_98_61),V(NODE0_98_62),V(NODE0_98_63),V(NODE0_98_64),V(NODE0_98_65),V(NODE0_98_66),V(NODE0_98_67),V(NODE0_98_68),V(NODE0_98_69),V(NODE0_98_70),V(NODE0_98_71),V(NODE0_98_72),V(NODE0_98_73),V(NODE0_98_74),V(NODE0_98_75),V(NODE0_98_76),V(NODE0_98_77),V(NODE0_98_78),V(NODE0_98_79),V(NODE0_98_80),V(NODE0_98_81),V(NODE0_98_82),V(NODE0_98_83),V(NODE0_98_84),V(NODE0_98_85),V(NODE0_98_86),V(NODE0_98_87),V(NODE0_98_88),V(NODE0_98_89),V(NODE0_98_90),V(NODE0_98_91),V(NODE0_98_92),V(NODE0_98_93),V(NODE0_98_94),V(NODE0_98_95),V(NODE0_98_96),V(NODE0_98_97),V(NODE0_98_98),V(NODE0_98_99),V(NODE0_99_0),V(NODE0_99_1),V(NODE0_99_2),V(NODE0_99_3),V(NODE0_99_4),V(NODE0_99_5),V(NODE0_99_6),V(NODE0_99_7),V(NODE0_99_8),V(NODE0_99_9),V(NODE0_99_10),V(NODE0_99_11),V(NODE0_99_12),V(NODE0_99_13),V(NODE0_99_14),V(NODE0_99_15),V(NODE0_99_16),V(NODE0_99_17),V(NODE0_99_18),V(NODE0_99_19),V(NODE0_99_20),V(NODE0_99_21),V(NODE0_99_22),V(NODE0_99_23),V(NODE0_99_24),V(NODE0_99_25),V(NODE0_99_26),V(NODE0_99_27),V(NODE0_99_28),V(NODE0_99_29),V(NODE0_99_30),V(NODE0_99_31),V(NODE0_99_32),V(NODE0_99_33),V(NODE0_99_34),V(NODE0_99_35),V(NODE0_99_36),V(NODE0_99_37),V(NODE0_99_38),V(NODE0_99_39),V(NODE0_99_40),V(NODE0_99_41),V(NODE0_99_42),V(NODE0_99_43),V(NODE0_99_44),V(NODE0_99_45),V(NODE0_99_46),V(NODE0_99_47),V(NODE0_99_48),V(NODE0_99_49),V(NODE0_99_50),V(NODE0_99_51),V(NODE0_99_52),V(NODE0_99_53),V(NODE0_99_54),V(NODE0_99_55),V(NODE0_99_56),V(NODE0_99_57),V(NODE0_99_58),V(NODE0_99_59),V(NODE0_99_60),V(NODE0_99_61),V(NODE0_99_62),V(NODE0_99_63),V(NODE0_99_64),V(NODE0_99_65),V(NODE0_99_66),V(NODE0_99_67),V(NODE0_99_68),V(NODE0_99_69),V(NODE0_99_70),V(NODE0_99_71),V(NODE0_99_72),V(NODE0_99_73),V(NODE0_99_74),V(NODE0_99_75),V(NODE0_99_76),V(NODE0_99_77),V(NODE0_99_78),V(NODE0_99_79),V(NODE0_99_80),V(NODE0_99_81),V(NODE0_99_82),V(NODE0_99_83),V(NODE0_99_84),V(NODE0_99_85),V(NODE0_99_86),V(NODE0_99_87),V(NODE0_99_88),V(NODE0_99_89),V(NODE0_99_90),V(NODE0_99_91),V(NODE0_99_92),V(NODE0_99_93),V(NODE0_99_94),V(NODE0_99_95),V(NODE0_99_96),V(NODE0_99_97),V(NODE0_99_98),V(NODE0_99_99),V(NODE1_0_0),V(NODE1_0_1),V(NODE1_0_2),V(NODE1_0_3),V(NODE1_0_4),V(NODE1_0_5),V(NODE1_0_6),V(NODE1_0_7),V(NODE1_0_8),V(NODE1_0_9),V(NODE1_0_10),V(NODE1_0_11),V(NODE1_0_12),V(NODE1_0_13),V(NODE1_0_14),V(NODE1_0_15),V(NODE1_0_16),V(NODE1_0_17),V(NODE1_0_18),V(NODE1_0_19),V(NODE1_0_20),V(NODE1_0_21),V(NODE1_0_22),V(NODE1_0_23),V(NODE1_0_24),V(NODE1_0_25),V(NODE1_0_26),V(NODE1_0_27),V(NODE1_0_28),V(NODE1_0_29),V(NODE1_0_30),V(NODE1_0_31),V(NODE1_0_32),V(NODE1_0_33),V(NODE1_0_34),V(NODE1_0_35),V(NODE1_0_36),V(NODE1_0_37),V(NODE1_0_38),V(NODE1_0_39),V(NODE1_0_40),V(NODE1_0_41),V(NODE1_0_42),V(NODE1_0_43),V(NODE1_0_44),V(NODE1_0_45),V(NODE1_0_46),V(NODE1_0_47),V(NODE1_0_48),V(NODE1_0_49),V(NODE1_0_50),V(NODE1_0_51),V(NODE1_0_52),V(NODE1_0_53),V(NODE1_0_54),V(NODE1_0_55),V(NODE1_0_56),V(NODE1_0_57),V(NODE1_0_58),V(NODE1_0_59),V(NODE1_0_60),V(NODE1_0_61),V(NODE1_0_62),V(NODE1_0_63),V(NODE1_0_64),V(NODE1_0_65),V(NODE1_0_66),V(NODE1_0_67),V(NODE1_0_68),V(NODE1_0_69),V(NODE1_0_70),V(NODE1_0_71),V(NODE1_0_72),V(NODE1_0_73),V(NODE1_0_74),V(NODE1_0_75),V(NODE1_0_76),V(NODE1_0_77),V(NODE1_0_78),V(NODE1_0_79),V(NODE1_0_80),V(NODE1_0_81),V(NODE1_0_82),V(NODE1_0_83),V(NODE1_0_84),V(NODE1_0_85),V(NODE1_0_86),V(NODE1_0_87),V(NODE1_0_88),V(NODE1_0_89),V(NODE1_0_90),V(NODE1_0_91),V(NODE1_0_92),V(NODE1_0_93),V(NODE1_0_94),V(NODE1_0_95),V(NODE1_0_96),V(NODE1_0_97),V(NODE1_0_98),V(NODE1_0_99),V(NODE1_1_0),V(NODE1_1_1),V(NODE1_1_2),V(NODE1_1_3),V(NODE1_1_4),V(NODE1_1_5),V(NODE1_1_6),V(NODE1_1_7),V(NODE1_1_8),V(NODE1_1_9),V(NODE1_1_10),V(NODE1_1_11),V(NODE1_1_12),V(NODE1_1_13),V(NODE1_1_14),V(NODE1_1_15),V(NODE1_1_16),V(NODE1_1_17),V(NODE1_1_18),V(NODE1_1_19),V(NODE1_1_20),V(NODE1_1_21),V(NODE1_1_22),V(NODE1_1_23),V(NODE1_1_24),V(NODE1_1_25),V(NODE1_1_26),V(NODE1_1_27),V(NODE1_1_28),V(NODE1_1_29),V(NODE1_1_30),V(NODE1_1_31),V(NODE1_1_32),V(NODE1_1_33),V(NODE1_1_34),V(NODE1_1_35),V(NODE1_1_36),V(NODE1_1_37),V(NODE1_1_38),V(NODE1_1_39),V(NODE1_1_40),V(NODE1_1_41),V(NODE1_1_42),V(NODE1_1_43),V(NODE1_1_44),V(NODE1_1_45),V(NODE1_1_46),V(NODE1_1_47),V(NODE1_1_48),V(NODE1_1_49),V(NODE1_1_50),V(NODE1_1_51),V(NODE1_1_52),V(NODE1_1_53),V(NODE1_1_54),V(NODE1_1_55),V(NODE1_1_56),V(NODE1_1_57),V(NODE1_1_58),V(NODE1_1_59),V(NODE1_1_60),V(NODE1_1_61),V(NODE1_1_62),V(NODE1_1_63),V(NODE1_1_64),V(NODE1_1_65),V(NODE1_1_66),V(NODE1_1_67),V(NODE1_1_68),V(NODE1_1_69),V(NODE1_1_70),V(NODE1_1_71),V(NODE1_1_72),V(NODE1_1_73),V(NODE1_1_74),V(NODE1_1_75),V(NODE1_1_76),V(NODE1_1_77),V(NODE1_1_78),V(NODE1_1_79),V(NODE1_1_80),V(NODE1_1_81),V(NODE1_1_82),V(NODE1_1_83),V(NODE1_1_84),V(NODE1_1_85),V(NODE1_1_86),V(NODE1_1_87),V(NODE1_1_88),V(NODE1_1_89),V(NODE1_1_90),V(NODE1_1_91),V(NODE1_1_92),V(NODE1_1_93),V(NODE1_1_94),V(NODE1_1_95),V(NODE1_1_96),V(NODE1_1_97),V(NODE1_1_98),V(NODE1_1_99),V(NODE1_2_0),V(NODE1_2_1),V(NODE1_2_2),V(NODE1_2_3),V(NODE1_2_4),V(NODE1_2_5),V(NODE1_2_6),V(NODE1_2_7),V(NODE1_2_8),V(NODE1_2_9),V(NODE1_2_10),V(NODE1_2_11),V(NODE1_2_12),V(NODE1_2_13),V(NODE1_2_14),V(NODE1_2_15),V(NODE1_2_16),V(NODE1_2_17),V(NODE1_2_18),V(NODE1_2_19),V(NODE1_2_20),V(NODE1_2_21),V(NODE1_2_22),V(NODE1_2_23),V(NODE1_2_24),V(NODE1_2_25),V(NODE1_2_26),V(NODE1_2_27),V(NODE1_2_28),V(NODE1_2_29),V(NODE1_2_30),V(NODE1_2_31),V(NODE1_2_32),V(NODE1_2_33),V(NODE1_2_34),V(NODE1_2_35),V(NODE1_2_36),V(NODE1_2_37),V(NODE1_2_38),V(NODE1_2_39),V(NODE1_2_40),V(NODE1_2_41),V(NODE1_2_42),V(NODE1_2_43),V(NODE1_2_44),V(NODE1_2_45),V(NODE1_2_46),V(NODE1_2_47),V(NODE1_2_48),V(NODE1_2_49),V(NODE1_2_50),V(NODE1_2_51),V(NODE1_2_52),V(NODE1_2_53),V(NODE1_2_54),V(NODE1_2_55),V(NODE1_2_56),V(NODE1_2_57),V(NODE1_2_58),V(NODE1_2_59),V(NODE1_2_60),V(NODE1_2_61),V(NODE1_2_62),V(NODE1_2_63),V(NODE1_2_64),V(NODE1_2_65),V(NODE1_2_66),V(NODE1_2_67),V(NODE1_2_68),V(NODE1_2_69),V(NODE1_2_70),V(NODE1_2_71),V(NODE1_2_72),V(NODE1_2_73),V(NODE1_2_74),V(NODE1_2_75),V(NODE1_2_76),V(NODE1_2_77),V(NODE1_2_78),V(NODE1_2_79),V(NODE1_2_80),V(NODE1_2_81),V(NODE1_2_82),V(NODE1_2_83),V(NODE1_2_84),V(NODE1_2_85),V(NODE1_2_86),V(NODE1_2_87),V(NODE1_2_88),V(NODE1_2_89),V(NODE1_2_90),V(NODE1_2_91),V(NODE1_2_92),V(NODE1_2_93),V(NODE1_2_94),V(NODE1_2_95),V(NODE1_2_96),V(NODE1_2_97),V(NODE1_2_98),V(NODE1_2_99),V(NODE1_3_0),V(NODE1_3_1),V(NODE1_3_2),V(NODE1_3_3),V(NODE1_3_4),V(NODE1_3_5),V(NODE1_3_6),V(NODE1_3_7),V(NODE1_3_8),V(NODE1_3_9),V(NODE1_3_10),V(NODE1_3_11),V(NODE1_3_12),V(NODE1_3_13),V(NODE1_3_14),V(NODE1_3_15),V(NODE1_3_16),V(NODE1_3_17),V(NODE1_3_18),V(NODE1_3_19),V(NODE1_3_20),V(NODE1_3_21),V(NODE1_3_22),V(NODE1_3_23),V(NODE1_3_24),V(NODE1_3_25),V(NODE1_3_26),V(NODE1_3_27),V(NODE1_3_28),V(NODE1_3_29),V(NODE1_3_30),V(NODE1_3_31),V(NODE1_3_32),V(NODE1_3_33),V(NODE1_3_34),V(NODE1_3_35),V(NODE1_3_36),V(NODE1_3_37),V(NODE1_3_38),V(NODE1_3_39),V(NODE1_3_40),V(NODE1_3_41),V(NODE1_3_42),V(NODE1_3_43),V(NODE1_3_44),V(NODE1_3_45),V(NODE1_3_46),V(NODE1_3_47),V(NODE1_3_48),V(NODE1_3_49),V(NODE1_3_50),V(NODE1_3_51),V(NODE1_3_52),V(NODE1_3_53),V(NODE1_3_54),V(NODE1_3_55),V(NODE1_3_56),V(NODE1_3_57),V(NODE1_3_58),V(NODE1_3_59),V(NODE1_3_60),V(NODE1_3_61),V(NODE1_3_62),V(NODE1_3_63),V(NODE1_3_64),V(NODE1_3_65),V(NODE1_3_66),V(NODE1_3_67),V(NODE1_3_68),V(NODE1_3_69),V(NODE1_3_70),V(NODE1_3_71),V(NODE1_3_72),V(NODE1_3_73),V(NODE1_3_74),V(NODE1_3_75),V(NODE1_3_76),V(NODE1_3_77),V(NODE1_3_78),V(NODE1_3_79),V(NODE1_3_80),V(NODE1_3_81),V(NODE1_3_82),V(NODE1_3_83),V(NODE1_3_84),V(NODE1_3_85),V(NODE1_3_86),V(NODE1_3_87),V(NODE1_3_88),V(NODE1_3_89),V(NODE1_3_90),V(NODE1_3_91),V(NODE1_3_92),V(NODE1_3_93),V(NODE1_3_94),V(NODE1_3_95),V(NODE1_3_96),V(NODE1_3_97),V(NODE1_3_98),V(NODE1_3_99),V(NODE1_4_0),V(NODE1_4_1),V(NODE1_4_2),V(NODE1_4_3),V(NODE1_4_4),V(NODE1_4_5),V(NODE1_4_6),V(NODE1_4_7),V(NODE1_4_8),V(NODE1_4_9),V(NODE1_4_10),V(NODE1_4_11),V(NODE1_4_12),V(NODE1_4_13),V(NODE1_4_14),V(NODE1_4_15),V(NODE1_4_16),V(NODE1_4_17),V(NODE1_4_18),V(NODE1_4_19),V(NODE1_4_20),V(NODE1_4_21),V(NODE1_4_22),V(NODE1_4_23),V(NODE1_4_24),V(NODE1_4_25),V(NODE1_4_26),V(NODE1_4_27),V(NODE1_4_28),V(NODE1_4_29),V(NODE1_4_30),V(NODE1_4_31),V(NODE1_4_32),V(NODE1_4_33),V(NODE1_4_34),V(NODE1_4_35),V(NODE1_4_36),V(NODE1_4_37),V(NODE1_4_38),V(NODE1_4_39),V(NODE1_4_40),V(NODE1_4_41),V(NODE1_4_42),V(NODE1_4_43),V(NODE1_4_44),V(NODE1_4_45),V(NODE1_4_46),V(NODE1_4_47),V(NODE1_4_48),V(NODE1_4_49),V(NODE1_4_50),V(NODE1_4_51),V(NODE1_4_52),V(NODE1_4_53),V(NODE1_4_54),V(NODE1_4_55),V(NODE1_4_56),V(NODE1_4_57),V(NODE1_4_58),V(NODE1_4_59),V(NODE1_4_60),V(NODE1_4_61),V(NODE1_4_62),V(NODE1_4_63),V(NODE1_4_64),V(NODE1_4_65),V(NODE1_4_66),V(NODE1_4_67),V(NODE1_4_68),V(NODE1_4_69),V(NODE1_4_70),V(NODE1_4_71),V(NODE1_4_72),V(NODE1_4_73),V(NODE1_4_74),V(NODE1_4_75),V(NODE1_4_76),V(NODE1_4_77),V(NODE1_4_78),V(NODE1_4_79),V(NODE1_4_80),V(NODE1_4_81),V(NODE1_4_82),V(NODE1_4_83),V(NODE1_4_84),V(NODE1_4_85),V(NODE1_4_86),V(NODE1_4_87),V(NODE1_4_88),V(NODE1_4_89),V(NODE1_4_90),V(NODE1_4_91),V(NODE1_4_92),V(NODE1_4_93),V(NODE1_4_94),V(NODE1_4_95),V(NODE1_4_96),V(NODE1_4_97),V(NODE1_4_98),V(NODE1_4_99),V(NODE1_5_0),V(NODE1_5_1),V(NODE1_5_2),V(NODE1_5_3),V(NODE1_5_4),V(NODE1_5_5),V(NODE1_5_6),V(NODE1_5_7),V(NODE1_5_8),V(NODE1_5_9),V(NODE1_5_10),V(NODE1_5_11),V(NODE1_5_12),V(NODE1_5_13),V(NODE1_5_14),V(NODE1_5_15),V(NODE1_5_16),V(NODE1_5_17),V(NODE1_5_18),V(NODE1_5_19),V(NODE1_5_20),V(NODE1_5_21),V(NODE1_5_22),V(NODE1_5_23),V(NODE1_5_24),V(NODE1_5_25),V(NODE1_5_26),V(NODE1_5_27),V(NODE1_5_28),V(NODE1_5_29),V(NODE1_5_30),V(NODE1_5_31),V(NODE1_5_32),V(NODE1_5_33),V(NODE1_5_34),V(NODE1_5_35),V(NODE1_5_36),V(NODE1_5_37),V(NODE1_5_38),V(NODE1_5_39),V(NODE1_5_40),V(NODE1_5_41),V(NODE1_5_42),V(NODE1_5_43),V(NODE1_5_44),V(NODE1_5_45),V(NODE1_5_46),V(NODE1_5_47),V(NODE1_5_48),V(NODE1_5_49),V(NODE1_5_50),V(NODE1_5_51),V(NODE1_5_52),V(NODE1_5_53),V(NODE1_5_54),V(NODE1_5_55),V(NODE1_5_56),V(NODE1_5_57),V(NODE1_5_58),V(NODE1_5_59),V(NODE1_5_60),V(NODE1_5_61),V(NODE1_5_62),V(NODE1_5_63),V(NODE1_5_64),V(NODE1_5_65),V(NODE1_5_66),V(NODE1_5_67),V(NODE1_5_68),V(NODE1_5_69),V(NODE1_5_70),V(NODE1_5_71),V(NODE1_5_72),V(NODE1_5_73),V(NODE1_5_74),V(NODE1_5_75),V(NODE1_5_76),V(NODE1_5_77),V(NODE1_5_78),V(NODE1_5_79),V(NODE1_5_80),V(NODE1_5_81),V(NODE1_5_82),V(NODE1_5_83),V(NODE1_5_84),V(NODE1_5_85),V(NODE1_5_86),V(NODE1_5_87),V(NODE1_5_88),V(NODE1_5_89),V(NODE1_5_90),V(NODE1_5_91),V(NODE1_5_92),V(NODE1_5_93),V(NODE1_5_94),V(NODE1_5_95),V(NODE1_5_96),V(NODE1_5_97),V(NODE1_5_98),V(NODE1_5_99),V(NODE1_6_0),V(NODE1_6_1),V(NODE1_6_2),V(NODE1_6_3),V(NODE1_6_4),V(NODE1_6_5),V(NODE1_6_6),V(NODE1_6_7),V(NODE1_6_8),V(NODE1_6_9),V(NODE1_6_10),V(NODE1_6_11),V(NODE1_6_12),V(NODE1_6_13),V(NODE1_6_14),V(NODE1_6_15),V(NODE1_6_16),V(NODE1_6_17),V(NODE1_6_18),V(NODE1_6_19),V(NODE1_6_20),V(NODE1_6_21),V(NODE1_6_22),V(NODE1_6_23),V(NODE1_6_24),V(NODE1_6_25),V(NODE1_6_26),V(NODE1_6_27),V(NODE1_6_28),V(NODE1_6_29),V(NODE1_6_30),V(NODE1_6_31),V(NODE1_6_32),V(NODE1_6_33),V(NODE1_6_34),V(NODE1_6_35),V(NODE1_6_36),V(NODE1_6_37),V(NODE1_6_38),V(NODE1_6_39),V(NODE1_6_40),V(NODE1_6_41),V(NODE1_6_42),V(NODE1_6_43),V(NODE1_6_44),V(NODE1_6_45),V(NODE1_6_46),V(NODE1_6_47),V(NODE1_6_48),V(NODE1_6_49),V(NODE1_6_50),V(NODE1_6_51),V(NODE1_6_52),V(NODE1_6_53),V(NODE1_6_54),V(NODE1_6_55),V(NODE1_6_56),V(NODE1_6_57),V(NODE1_6_58),V(NODE1_6_59),V(NODE1_6_60),V(NODE1_6_61),V(NODE1_6_62),V(NODE1_6_63),V(NODE1_6_64),V(NODE1_6_65),V(NODE1_6_66),V(NODE1_6_67),V(NODE1_6_68),V(NODE1_6_69),V(NODE1_6_70),V(NODE1_6_71),V(NODE1_6_72),V(NODE1_6_73),V(NODE1_6_74),V(NODE1_6_75),V(NODE1_6_76),V(NODE1_6_77),V(NODE1_6_78),V(NODE1_6_79),V(NODE1_6_80),V(NODE1_6_81),V(NODE1_6_82),V(NODE1_6_83),V(NODE1_6_84),V(NODE1_6_85),V(NODE1_6_86),V(NODE1_6_87),V(NODE1_6_88),V(NODE1_6_89),V(NODE1_6_90),V(NODE1_6_91),V(NODE1_6_92),V(NODE1_6_93),V(NODE1_6_94),V(NODE1_6_95),V(NODE1_6_96),V(NODE1_6_97),V(NODE1_6_98),V(NODE1_6_99),V(NODE1_7_0),V(NODE1_7_1),V(NODE1_7_2),V(NODE1_7_3),V(NODE1_7_4),V(NODE1_7_5),V(NODE1_7_6),V(NODE1_7_7),V(NODE1_7_8),V(NODE1_7_9),V(NODE1_7_10),V(NODE1_7_11),V(NODE1_7_12),V(NODE1_7_13),V(NODE1_7_14),V(NODE1_7_15),V(NODE1_7_16),V(NODE1_7_17),V(NODE1_7_18),V(NODE1_7_19),V(NODE1_7_20),V(NODE1_7_21),V(NODE1_7_22),V(NODE1_7_23),V(NODE1_7_24),V(NODE1_7_25),V(NODE1_7_26),V(NODE1_7_27),V(NODE1_7_28),V(NODE1_7_29),V(NODE1_7_30),V(NODE1_7_31),V(NODE1_7_32),V(NODE1_7_33),V(NODE1_7_34),V(NODE1_7_35),V(NODE1_7_36),V(NODE1_7_37),V(NODE1_7_38),V(NODE1_7_39),V(NODE1_7_40),V(NODE1_7_41),V(NODE1_7_42),V(NODE1_7_43),V(NODE1_7_44),V(NODE1_7_45),V(NODE1_7_46),V(NODE1_7_47),V(NODE1_7_48),V(NODE1_7_49),V(NODE1_7_50),V(NODE1_7_51),V(NODE1_7_52),V(NODE1_7_53),V(NODE1_7_54),V(NODE1_7_55),V(NODE1_7_56),V(NODE1_7_57),V(NODE1_7_58),V(NODE1_7_59),V(NODE1_7_60),V(NODE1_7_61),V(NODE1_7_62),V(NODE1_7_63),V(NODE1_7_64),V(NODE1_7_65),V(NODE1_7_66),V(NODE1_7_67),V(NODE1_7_68),V(NODE1_7_69),V(NODE1_7_70),V(NODE1_7_71),V(NODE1_7_72),V(NODE1_7_73),V(NODE1_7_74),V(NODE1_7_75),V(NODE1_7_76),V(NODE1_7_77),V(NODE1_7_78),V(NODE1_7_79),V(NODE1_7_80),V(NODE1_7_81),V(NODE1_7_82),V(NODE1_7_83),V(NODE1_7_84),V(NODE1_7_85),V(NODE1_7_86),V(NODE1_7_87),V(NODE1_7_88),V(NODE1_7_89),V(NODE1_7_90),V(NODE1_7_91),V(NODE1_7_92),V(NODE1_7_93),V(NODE1_7_94),V(NODE1_7_95),V(NODE1_7_96),V(NODE1_7_97),V(NODE1_7_98),V(NODE1_7_99),V(NODE1_8_0),V(NODE1_8_1),V(NODE1_8_2),V(NODE1_8_3),V(NODE1_8_4),V(NODE1_8_5),V(NODE1_8_6),V(NODE1_8_7),V(NODE1_8_8),V(NODE1_8_9),V(NODE1_8_10),V(NODE1_8_11),V(NODE1_8_12),V(NODE1_8_13),V(NODE1_8_14),V(NODE1_8_15),V(NODE1_8_16),V(NODE1_8_17),V(NODE1_8_18),V(NODE1_8_19),V(NODE1_8_20),V(NODE1_8_21),V(NODE1_8_22),V(NODE1_8_23),V(NODE1_8_24),V(NODE1_8_25),V(NODE1_8_26),V(NODE1_8_27),V(NODE1_8_28),V(NODE1_8_29),V(NODE1_8_30),V(NODE1_8_31),V(NODE1_8_32),V(NODE1_8_33),V(NODE1_8_34),V(NODE1_8_35),V(NODE1_8_36),V(NODE1_8_37),V(NODE1_8_38),V(NODE1_8_39),V(NODE1_8_40),V(NODE1_8_41),V(NODE1_8_42),V(NODE1_8_43),V(NODE1_8_44),V(NODE1_8_45),V(NODE1_8_46),V(NODE1_8_47),V(NODE1_8_48),V(NODE1_8_49),V(NODE1_8_50),V(NODE1_8_51),V(NODE1_8_52),V(NODE1_8_53),V(NODE1_8_54),V(NODE1_8_55),V(NODE1_8_56),V(NODE1_8_57),V(NODE1_8_58),V(NODE1_8_59),V(NODE1_8_60),V(NODE1_8_61),V(NODE1_8_62),V(NODE1_8_63),V(NODE1_8_64),V(NODE1_8_65),V(NODE1_8_66),V(NODE1_8_67),V(NODE1_8_68),V(NODE1_8_69),V(NODE1_8_70),V(NODE1_8_71),V(NODE1_8_72),V(NODE1_8_73),V(NODE1_8_74),V(NODE1_8_75),V(NODE1_8_76),V(NODE1_8_77),V(NODE1_8_78),V(NODE1_8_79),V(NODE1_8_80),V(NODE1_8_81),V(NODE1_8_82),V(NODE1_8_83),V(NODE1_8_84),V(NODE1_8_85),V(NODE1_8_86),V(NODE1_8_87),V(NODE1_8_88),V(NODE1_8_89),V(NODE1_8_90),V(NODE1_8_91),V(NODE1_8_92),V(NODE1_8_93),V(NODE1_8_94),V(NODE1_8_95),V(NODE1_8_96),V(NODE1_8_97),V(NODE1_8_98),V(NODE1_8_99),V(NODE1_9_0),V(NODE1_9_1),V(NODE1_9_2),V(NODE1_9_3),V(NODE1_9_4),V(NODE1_9_5),V(NODE1_9_6),V(NODE1_9_7),V(NODE1_9_8),V(NODE1_9_9),V(NODE1_9_10),V(NODE1_9_11),V(NODE1_9_12),V(NODE1_9_13),V(NODE1_9_14),V(NODE1_9_15),V(NODE1_9_16),V(NODE1_9_17),V(NODE1_9_18),V(NODE1_9_19),V(NODE1_9_20),V(NODE1_9_21),V(NODE1_9_22),V(NODE1_9_23),V(NODE1_9_24),V(NODE1_9_25),V(NODE1_9_26),V(NODE1_9_27),V(NODE1_9_28),V(NODE1_9_29),V(NODE1_9_30),V(NODE1_9_31),V(NODE1_9_32),V(NODE1_9_33),V(NODE1_9_34),V(NODE1_9_35),V(NODE1_9_36),V(NODE1_9_37),V(NODE1_9_38),V(NODE1_9_39),V(NODE1_9_40),V(NODE1_9_41),V(NODE1_9_42),V(NODE1_9_43),V(NODE1_9_44),V(NODE1_9_45),V(NODE1_9_46),V(NODE1_9_47),V(NODE1_9_48),V(NODE1_9_49),V(NODE1_9_50),V(NODE1_9_51),V(NODE1_9_52),V(NODE1_9_53),V(NODE1_9_54),V(NODE1_9_55),V(NODE1_9_56),V(NODE1_9_57),V(NODE1_9_58),V(NODE1_9_59),V(NODE1_9_60),V(NODE1_9_61),V(NODE1_9_62),V(NODE1_9_63),V(NODE1_9_64),V(NODE1_9_65),V(NODE1_9_66),V(NODE1_9_67),V(NODE1_9_68),V(NODE1_9_69),V(NODE1_9_70),V(NODE1_9_71),V(NODE1_9_72),V(NODE1_9_73),V(NODE1_9_74),V(NODE1_9_75),V(NODE1_9_76),V(NODE1_9_77),V(NODE1_9_78),V(NODE1_9_79),V(NODE1_9_80),V(NODE1_9_81),V(NODE1_9_82),V(NODE1_9_83),V(NODE1_9_84),V(NODE1_9_85),V(NODE1_9_86),V(NODE1_9_87),V(NODE1_9_88),V(NODE1_9_89),V(NODE1_9_90),V(NODE1_9_91),V(NODE1_9_92),V(NODE1_9_93),V(NODE1_9_94),V(NODE1_9_95),V(NODE1_9_96),V(NODE1_9_97),V(NODE1_9_98),V(NODE1_9_99),V(NODE1_10_0),V(NODE1_10_1),V(NODE1_10_2),V(NODE1_10_3),V(NODE1_10_4),V(NODE1_10_5),V(NODE1_10_6),V(NODE1_10_7),V(NODE1_10_8),V(NODE1_10_9),V(NODE1_10_10),V(NODE1_10_11),V(NODE1_10_12),V(NODE1_10_13),V(NODE1_10_14),V(NODE1_10_15),V(NODE1_10_16),V(NODE1_10_17),V(NODE1_10_18),V(NODE1_10_19),V(NODE1_10_20),V(NODE1_10_21),V(NODE1_10_22),V(NODE1_10_23),V(NODE1_10_24),V(NODE1_10_25),V(NODE1_10_26),V(NODE1_10_27),V(NODE1_10_28),V(NODE1_10_29),V(NODE1_10_30),V(NODE1_10_31),V(NODE1_10_32),V(NODE1_10_33),V(NODE1_10_34),V(NODE1_10_35),V(NODE1_10_36),V(NODE1_10_37),V(NODE1_10_38),V(NODE1_10_39),V(NODE1_10_40),V(NODE1_10_41),V(NODE1_10_42),V(NODE1_10_43),V(NODE1_10_44),V(NODE1_10_45),V(NODE1_10_46),V(NODE1_10_47),V(NODE1_10_48),V(NODE1_10_49),V(NODE1_10_50),V(NODE1_10_51),V(NODE1_10_52),V(NODE1_10_53),V(NODE1_10_54),V(NODE1_10_55),V(NODE1_10_56),V(NODE1_10_57),V(NODE1_10_58),V(NODE1_10_59),V(NODE1_10_60),V(NODE1_10_61),V(NODE1_10_62),V(NODE1_10_63),V(NODE1_10_64),V(NODE1_10_65),V(NODE1_10_66),V(NODE1_10_67),V(NODE1_10_68),V(NODE1_10_69),V(NODE1_10_70),V(NODE1_10_71),V(NODE1_10_72),V(NODE1_10_73),V(NODE1_10_74),V(NODE1_10_75),V(NODE1_10_76),V(NODE1_10_77),V(NODE1_10_78),V(NODE1_10_79),V(NODE1_10_80),V(NODE1_10_81),V(NODE1_10_82),V(NODE1_10_83),V(NODE1_10_84),V(NODE1_10_85),V(NODE1_10_86),V(NODE1_10_87),V(NODE1_10_88),V(NODE1_10_89),V(NODE1_10_90),V(NODE1_10_91),V(NODE1_10_92),V(NODE1_10_93),V(NODE1_10_94),V(NODE1_10_95),V(NODE1_10_96),V(NODE1_10_97),V(NODE1_10_98),V(NODE1_10_99),V(NODE1_11_0),V(NODE1_11_1),V(NODE1_11_2),V(NODE1_11_3),V(NODE1_11_4),V(NODE1_11_5),V(NODE1_11_6),V(NODE1_11_7),V(NODE1_11_8),V(NODE1_11_9),V(NODE1_11_10),V(NODE1_11_11),V(NODE1_11_12),V(NODE1_11_13),V(NODE1_11_14),V(NODE1_11_15),V(NODE1_11_16),V(NODE1_11_17),V(NODE1_11_18),V(NODE1_11_19),V(NODE1_11_20),V(NODE1_11_21),V(NODE1_11_22),V(NODE1_11_23),V(NODE1_11_24),V(NODE1_11_25),V(NODE1_11_26),V(NODE1_11_27),V(NODE1_11_28),V(NODE1_11_29),V(NODE1_11_30),V(NODE1_11_31),V(NODE1_11_32),V(NODE1_11_33),V(NODE1_11_34),V(NODE1_11_35),V(NODE1_11_36),V(NODE1_11_37),V(NODE1_11_38),V(NODE1_11_39),V(NODE1_11_40),V(NODE1_11_41),V(NODE1_11_42),V(NODE1_11_43),V(NODE1_11_44),V(NODE1_11_45),V(NODE1_11_46),V(NODE1_11_47),V(NODE1_11_48),V(NODE1_11_49),V(NODE1_11_50),V(NODE1_11_51),V(NODE1_11_52),V(NODE1_11_53),V(NODE1_11_54),V(NODE1_11_55),V(NODE1_11_56),V(NODE1_11_57),V(NODE1_11_58),V(NODE1_11_59),V(NODE1_11_60),V(NODE1_11_61),V(NODE1_11_62),V(NODE1_11_63),V(NODE1_11_64),V(NODE1_11_65),V(NODE1_11_66),V(NODE1_11_67),V(NODE1_11_68),V(NODE1_11_69),V(NODE1_11_70),V(NODE1_11_71),V(NODE1_11_72),V(NODE1_11_73),V(NODE1_11_74),V(NODE1_11_75),V(NODE1_11_76),V(NODE1_11_77),V(NODE1_11_78),V(NODE1_11_79),V(NODE1_11_80),V(NODE1_11_81),V(NODE1_11_82),V(NODE1_11_83),V(NODE1_11_84),V(NODE1_11_85),V(NODE1_11_86),V(NODE1_11_87),V(NODE1_11_88),V(NODE1_11_89),V(NODE1_11_90),V(NODE1_11_91),V(NODE1_11_92),V(NODE1_11_93),V(NODE1_11_94),V(NODE1_11_95),V(NODE1_11_96),V(NODE1_11_97),V(NODE1_11_98),V(NODE1_11_99),V(NODE1_12_0),V(NODE1_12_1),V(NODE1_12_2),V(NODE1_12_3),V(NODE1_12_4),V(NODE1_12_5),V(NODE1_12_6),V(NODE1_12_7),V(NODE1_12_8),V(NODE1_12_9),V(NODE1_12_10),V(NODE1_12_11),V(NODE1_12_12),V(NODE1_12_13),V(NODE1_12_14),V(NODE1_12_15),V(NODE1_12_16),V(NODE1_12_17),V(NODE1_12_18),V(NODE1_12_19),V(NODE1_12_20),V(NODE1_12_21),V(NODE1_12_22),V(NODE1_12_23),V(NODE1_12_24),V(NODE1_12_25),V(NODE1_12_26),V(NODE1_12_27),V(NODE1_12_28),V(NODE1_12_29),V(NODE1_12_30),V(NODE1_12_31),V(NODE1_12_32),V(NODE1_12_33),V(NODE1_12_34),V(NODE1_12_35),V(NODE1_12_36),V(NODE1_12_37),V(NODE1_12_38),V(NODE1_12_39),V(NODE1_12_40),V(NODE1_12_41),V(NODE1_12_42),V(NODE1_12_43),V(NODE1_12_44),V(NODE1_12_45),V(NODE1_12_46),V(NODE1_12_47),V(NODE1_12_48),V(NODE1_12_49),V(NODE1_12_50),V(NODE1_12_51),V(NODE1_12_52),V(NODE1_12_53),V(NODE1_12_54),V(NODE1_12_55),V(NODE1_12_56),V(NODE1_12_57),V(NODE1_12_58),V(NODE1_12_59),V(NODE1_12_60),V(NODE1_12_61),V(NODE1_12_62),V(NODE1_12_63),V(NODE1_12_64),V(NODE1_12_65),V(NODE1_12_66),V(NODE1_12_67),V(NODE1_12_68),V(NODE1_12_69),V(NODE1_12_70),V(NODE1_12_71),V(NODE1_12_72),V(NODE1_12_73),V(NODE1_12_74),V(NODE1_12_75),V(NODE1_12_76),V(NODE1_12_77),V(NODE1_12_78),V(NODE1_12_79),V(NODE1_12_80),V(NODE1_12_81),V(NODE1_12_82),V(NODE1_12_83),V(NODE1_12_84),V(NODE1_12_85),V(NODE1_12_86),V(NODE1_12_87),V(NODE1_12_88),V(NODE1_12_89),V(NODE1_12_90),V(NODE1_12_91),V(NODE1_12_92),V(NODE1_12_93),V(NODE1_12_94),V(NODE1_12_95),V(NODE1_12_96),V(NODE1_12_97),V(NODE1_12_98),V(NODE1_12_99),V(NODE1_13_0),V(NODE1_13_1),V(NODE1_13_2),V(NODE1_13_3),V(NODE1_13_4),V(NODE1_13_5),V(NODE1_13_6),V(NODE1_13_7),V(NODE1_13_8),V(NODE1_13_9),V(NODE1_13_10),V(NODE1_13_11),V(NODE1_13_12),V(NODE1_13_13),V(NODE1_13_14),V(NODE1_13_15),V(NODE1_13_16),V(NODE1_13_17),V(NODE1_13_18),V(NODE1_13_19),V(NODE1_13_20),V(NODE1_13_21),V(NODE1_13_22),V(NODE1_13_23),V(NODE1_13_24),V(NODE1_13_25),V(NODE1_13_26),V(NODE1_13_27),V(NODE1_13_28),V(NODE1_13_29),V(NODE1_13_30),V(NODE1_13_31),V(NODE1_13_32),V(NODE1_13_33),V(NODE1_13_34),V(NODE1_13_35),V(NODE1_13_36),V(NODE1_13_37),V(NODE1_13_38),V(NODE1_13_39),V(NODE1_13_40),V(NODE1_13_41),V(NODE1_13_42),V(NODE1_13_43),V(NODE1_13_44),V(NODE1_13_45),V(NODE1_13_46),V(NODE1_13_47),V(NODE1_13_48),V(NODE1_13_49),V(NODE1_13_50),V(NODE1_13_51),V(NODE1_13_52),V(NODE1_13_53),V(NODE1_13_54),V(NODE1_13_55),V(NODE1_13_56),V(NODE1_13_57),V(NODE1_13_58),V(NODE1_13_59),V(NODE1_13_60),V(NODE1_13_61),V(NODE1_13_62),V(NODE1_13_63),V(NODE1_13_64),V(NODE1_13_65),V(NODE1_13_66),V(NODE1_13_67),V(NODE1_13_68),V(NODE1_13_69),V(NODE1_13_70),V(NODE1_13_71),V(NODE1_13_72),V(NODE1_13_73),V(NODE1_13_74),V(NODE1_13_75),V(NODE1_13_76),V(NODE1_13_77),V(NODE1_13_78),V(NODE1_13_79),V(NODE1_13_80),V(NODE1_13_81),V(NODE1_13_82),V(NODE1_13_83),V(NODE1_13_84),V(NODE1_13_85),V(NODE1_13_86),V(NODE1_13_87),V(NODE1_13_88),V(NODE1_13_89),V(NODE1_13_90),V(NODE1_13_91),V(NODE1_13_92),V(NODE1_13_93),V(NODE1_13_94),V(NODE1_13_95),V(NODE1_13_96),V(NODE1_13_97),V(NODE1_13_98),V(NODE1_13_99),V(NODE1_14_0),V(NODE1_14_1),V(NODE1_14_2),V(NODE1_14_3),V(NODE1_14_4),V(NODE1_14_5),V(NODE1_14_6),V(NODE1_14_7),V(NODE1_14_8),V(NODE1_14_9),V(NODE1_14_10),V(NODE1_14_11),V(NODE1_14_12),V(NODE1_14_13),V(NODE1_14_14),V(NODE1_14_15),V(NODE1_14_16),V(NODE1_14_17),V(NODE1_14_18),V(NODE1_14_19),V(NODE1_14_20),V(NODE1_14_21),V(NODE1_14_22),V(NODE1_14_23),V(NODE1_14_24),V(NODE1_14_25),V(NODE1_14_26),V(NODE1_14_27),V(NODE1_14_28),V(NODE1_14_29),V(NODE1_14_30),V(NODE1_14_31),V(NODE1_14_32),V(NODE1_14_33),V(NODE1_14_34),V(NODE1_14_35),V(NODE1_14_36),V(NODE1_14_37),V(NODE1_14_38),V(NODE1_14_39),V(NODE1_14_40),V(NODE1_14_41),V(NODE1_14_42),V(NODE1_14_43),V(NODE1_14_44),V(NODE1_14_45),V(NODE1_14_46),V(NODE1_14_47),V(NODE1_14_48),V(NODE1_14_49),V(NODE1_14_50),V(NODE1_14_51),V(NODE1_14_52),V(NODE1_14_53),V(NODE1_14_54),V(NODE1_14_55),V(NODE1_14_56),V(NODE1_14_57),V(NODE1_14_58),V(NODE1_14_59),V(NODE1_14_60),V(NODE1_14_61),V(NODE1_14_62),V(NODE1_14_63),V(NODE1_14_64),V(NODE1_14_65),V(NODE1_14_66),V(NODE1_14_67),V(NODE1_14_68),V(NODE1_14_69),V(NODE1_14_70),V(NODE1_14_71),V(NODE1_14_72),V(NODE1_14_73),V(NODE1_14_74),V(NODE1_14_75),V(NODE1_14_76),V(NODE1_14_77),V(NODE1_14_78),V(NODE1_14_79),V(NODE1_14_80),V(NODE1_14_81),V(NODE1_14_82),V(NODE1_14_83),V(NODE1_14_84),V(NODE1_14_85),V(NODE1_14_86),V(NODE1_14_87),V(NODE1_14_88),V(NODE1_14_89),V(NODE1_14_90),V(NODE1_14_91),V(NODE1_14_92),V(NODE1_14_93),V(NODE1_14_94),V(NODE1_14_95),V(NODE1_14_96),V(NODE1_14_97),V(NODE1_14_98),V(NODE1_14_99),V(NODE1_15_0),V(NODE1_15_1),V(NODE1_15_2),V(NODE1_15_3),V(NODE1_15_4),V(NODE1_15_5),V(NODE1_15_6),V(NODE1_15_7),V(NODE1_15_8),V(NODE1_15_9),V(NODE1_15_10),V(NODE1_15_11),V(NODE1_15_12),V(NODE1_15_13),V(NODE1_15_14),V(NODE1_15_15),V(NODE1_15_16),V(NODE1_15_17),V(NODE1_15_18),V(NODE1_15_19),V(NODE1_15_20),V(NODE1_15_21),V(NODE1_15_22),V(NODE1_15_23),V(NODE1_15_24),V(NODE1_15_25),V(NODE1_15_26),V(NODE1_15_27),V(NODE1_15_28),V(NODE1_15_29),V(NODE1_15_30),V(NODE1_15_31),V(NODE1_15_32),V(NODE1_15_33),V(NODE1_15_34),V(NODE1_15_35),V(NODE1_15_36),V(NODE1_15_37),V(NODE1_15_38),V(NODE1_15_39),V(NODE1_15_40),V(NODE1_15_41),V(NODE1_15_42),V(NODE1_15_43),V(NODE1_15_44),V(NODE1_15_45),V(NODE1_15_46),V(NODE1_15_47),V(NODE1_15_48),V(NODE1_15_49),V(NODE1_15_50),V(NODE1_15_51),V(NODE1_15_52),V(NODE1_15_53),V(NODE1_15_54),V(NODE1_15_55),V(NODE1_15_56),V(NODE1_15_57),V(NODE1_15_58),V(NODE1_15_59),V(NODE1_15_60),V(NODE1_15_61),V(NODE1_15_62),V(NODE1_15_63),V(NODE1_15_64),V(NODE1_15_65),V(NODE1_15_66),V(NODE1_15_67),V(NODE1_15_68),V(NODE1_15_69),V(NODE1_15_70),V(NODE1_15_71),V(NODE1_15_72),V(NODE1_15_73),V(NODE1_15_74),V(NODE1_15_75),V(NODE1_15_76),V(NODE1_15_77),V(NODE1_15_78),V(NODE1_15_79),V(NODE1_15_80),V(NODE1_15_81),V(NODE1_15_82),V(NODE1_15_83),V(NODE1_15_84),V(NODE1_15_85),V(NODE1_15_86),V(NODE1_15_87),V(NODE1_15_88),V(NODE1_15_89),V(NODE1_15_90),V(NODE1_15_91),V(NODE1_15_92),V(NODE1_15_93),V(NODE1_15_94),V(NODE1_15_95),V(NODE1_15_96),V(NODE1_15_97),V(NODE1_15_98),V(NODE1_15_99),V(NODE1_16_0),V(NODE1_16_1),V(NODE1_16_2),V(NODE1_16_3),V(NODE1_16_4),V(NODE1_16_5),V(NODE1_16_6),V(NODE1_16_7),V(NODE1_16_8),V(NODE1_16_9),V(NODE1_16_10),V(NODE1_16_11),V(NODE1_16_12),V(NODE1_16_13),V(NODE1_16_14),V(NODE1_16_15),V(NODE1_16_16),V(NODE1_16_17),V(NODE1_16_18),V(NODE1_16_19),V(NODE1_16_20),V(NODE1_16_21),V(NODE1_16_22),V(NODE1_16_23),V(NODE1_16_24),V(NODE1_16_25),V(NODE1_16_26),V(NODE1_16_27),V(NODE1_16_28),V(NODE1_16_29),V(NODE1_16_30),V(NODE1_16_31),V(NODE1_16_32),V(NODE1_16_33),V(NODE1_16_34),V(NODE1_16_35),V(NODE1_16_36),V(NODE1_16_37),V(NODE1_16_38),V(NODE1_16_39),V(NODE1_16_40),V(NODE1_16_41),V(NODE1_16_42),V(NODE1_16_43),V(NODE1_16_44),V(NODE1_16_45),V(NODE1_16_46),V(NODE1_16_47),V(NODE1_16_48),V(NODE1_16_49),V(NODE1_16_50),V(NODE1_16_51),V(NODE1_16_52),V(NODE1_16_53),V(NODE1_16_54),V(NODE1_16_55),V(NODE1_16_56),V(NODE1_16_57),V(NODE1_16_58),V(NODE1_16_59),V(NODE1_16_60),V(NODE1_16_61),V(NODE1_16_62),V(NODE1_16_63),V(NODE1_16_64),V(NODE1_16_65),V(NODE1_16_66),V(NODE1_16_67),V(NODE1_16_68),V(NODE1_16_69),V(NODE1_16_70),V(NODE1_16_71),V(NODE1_16_72),V(NODE1_16_73),V(NODE1_16_74),V(NODE1_16_75),V(NODE1_16_76),V(NODE1_16_77),V(NODE1_16_78),V(NODE1_16_79),V(NODE1_16_80),V(NODE1_16_81),V(NODE1_16_82),V(NODE1_16_83),V(NODE1_16_84),V(NODE1_16_85),V(NODE1_16_86),V(NODE1_16_87),V(NODE1_16_88),V(NODE1_16_89),V(NODE1_16_90),V(NODE1_16_91),V(NODE1_16_92),V(NODE1_16_93),V(NODE1_16_94),V(NODE1_16_95),V(NODE1_16_96),V(NODE1_16_97),V(NODE1_16_98),V(NODE1_16_99),V(NODE1_17_0),V(NODE1_17_1),V(NODE1_17_2),V(NODE1_17_3),V(NODE1_17_4),V(NODE1_17_5),V(NODE1_17_6),V(NODE1_17_7),V(NODE1_17_8),V(NODE1_17_9),V(NODE1_17_10),V(NODE1_17_11),V(NODE1_17_12),V(NODE1_17_13),V(NODE1_17_14),V(NODE1_17_15),V(NODE1_17_16),V(NODE1_17_17),V(NODE1_17_18),V(NODE1_17_19),V(NODE1_17_20),V(NODE1_17_21),V(NODE1_17_22),V(NODE1_17_23),V(NODE1_17_24),V(NODE1_17_25),V(NODE1_17_26),V(NODE1_17_27),V(NODE1_17_28),V(NODE1_17_29),V(NODE1_17_30),V(NODE1_17_31),V(NODE1_17_32),V(NODE1_17_33),V(NODE1_17_34),V(NODE1_17_35),V(NODE1_17_36),V(NODE1_17_37),V(NODE1_17_38),V(NODE1_17_39),V(NODE1_17_40),V(NODE1_17_41),V(NODE1_17_42),V(NODE1_17_43),V(NODE1_17_44),V(NODE1_17_45),V(NODE1_17_46),V(NODE1_17_47),V(NODE1_17_48),V(NODE1_17_49),V(NODE1_17_50),V(NODE1_17_51),V(NODE1_17_52),V(NODE1_17_53),V(NODE1_17_54),V(NODE1_17_55),V(NODE1_17_56),V(NODE1_17_57),V(NODE1_17_58),V(NODE1_17_59),V(NODE1_17_60),V(NODE1_17_61),V(NODE1_17_62),V(NODE1_17_63),V(NODE1_17_64),V(NODE1_17_65),V(NODE1_17_66),V(NODE1_17_67),V(NODE1_17_68),V(NODE1_17_69),V(NODE1_17_70),V(NODE1_17_71),V(NODE1_17_72),V(NODE1_17_73),V(NODE1_17_74),V(NODE1_17_75),V(NODE1_17_76),V(NODE1_17_77),V(NODE1_17_78),V(NODE1_17_79),V(NODE1_17_80),V(NODE1_17_81),V(NODE1_17_82),V(NODE1_17_83),V(NODE1_17_84),V(NODE1_17_85),V(NODE1_17_86),V(NODE1_17_87),V(NODE1_17_88),V(NODE1_17_89),V(NODE1_17_90),V(NODE1_17_91),V(NODE1_17_92),V(NODE1_17_93),V(NODE1_17_94),V(NODE1_17_95),V(NODE1_17_96),V(NODE1_17_97),V(NODE1_17_98),V(NODE1_17_99),V(NODE1_18_0),V(NODE1_18_1),V(NODE1_18_2),V(NODE1_18_3),V(NODE1_18_4),V(NODE1_18_5),V(NODE1_18_6),V(NODE1_18_7),V(NODE1_18_8),V(NODE1_18_9),V(NODE1_18_10),V(NODE1_18_11),V(NODE1_18_12),V(NODE1_18_13),V(NODE1_18_14),V(NODE1_18_15),V(NODE1_18_16),V(NODE1_18_17),V(NODE1_18_18),V(NODE1_18_19),V(NODE1_18_20),V(NODE1_18_21),V(NODE1_18_22),V(NODE1_18_23),V(NODE1_18_24),V(NODE1_18_25),V(NODE1_18_26),V(NODE1_18_27),V(NODE1_18_28),V(NODE1_18_29),V(NODE1_18_30),V(NODE1_18_31),V(NODE1_18_32),V(NODE1_18_33),V(NODE1_18_34),V(NODE1_18_35),V(NODE1_18_36),V(NODE1_18_37),V(NODE1_18_38),V(NODE1_18_39),V(NODE1_18_40),V(NODE1_18_41),V(NODE1_18_42),V(NODE1_18_43),V(NODE1_18_44),V(NODE1_18_45),V(NODE1_18_46),V(NODE1_18_47),V(NODE1_18_48),V(NODE1_18_49),V(NODE1_18_50),V(NODE1_18_51),V(NODE1_18_52),V(NODE1_18_53),V(NODE1_18_54),V(NODE1_18_55),V(NODE1_18_56),V(NODE1_18_57),V(NODE1_18_58),V(NODE1_18_59),V(NODE1_18_60),V(NODE1_18_61),V(NODE1_18_62),V(NODE1_18_63),V(NODE1_18_64),V(NODE1_18_65),V(NODE1_18_66),V(NODE1_18_67),V(NODE1_18_68),V(NODE1_18_69),V(NODE1_18_70),V(NODE1_18_71),V(NODE1_18_72),V(NODE1_18_73),V(NODE1_18_74),V(NODE1_18_75),V(NODE1_18_76),V(NODE1_18_77),V(NODE1_18_78),V(NODE1_18_79),V(NODE1_18_80),V(NODE1_18_81),V(NODE1_18_82),V(NODE1_18_83),V(NODE1_18_84),V(NODE1_18_85),V(NODE1_18_86),V(NODE1_18_87),V(NODE1_18_88),V(NODE1_18_89),V(NODE1_18_90),V(NODE1_18_91),V(NODE1_18_92),V(NODE1_18_93),V(NODE1_18_94),V(NODE1_18_95),V(NODE1_18_96),V(NODE1_18_97),V(NODE1_18_98),V(NODE1_18_99),V(NODE1_19_0),V(NODE1_19_1),V(NODE1_19_2),V(NODE1_19_3),V(NODE1_19_4),V(NODE1_19_5),V(NODE1_19_6),V(NODE1_19_7),V(NODE1_19_8),V(NODE1_19_9),V(NODE1_19_10),V(NODE1_19_11),V(NODE1_19_12),V(NODE1_19_13),V(NODE1_19_14),V(NODE1_19_15),V(NODE1_19_16),V(NODE1_19_17),V(NODE1_19_18),V(NODE1_19_19),V(NODE1_19_20),V(NODE1_19_21),V(NODE1_19_22),V(NODE1_19_23),V(NODE1_19_24),V(NODE1_19_25),V(NODE1_19_26),V(NODE1_19_27),V(NODE1_19_28),V(NODE1_19_29),V(NODE1_19_30),V(NODE1_19_31),V(NODE1_19_32),V(NODE1_19_33),V(NODE1_19_34),V(NODE1_19_35),V(NODE1_19_36),V(NODE1_19_37),V(NODE1_19_38),V(NODE1_19_39),V(NODE1_19_40),V(NODE1_19_41),V(NODE1_19_42),V(NODE1_19_43),V(NODE1_19_44),V(NODE1_19_45),V(NODE1_19_46),V(NODE1_19_47),V(NODE1_19_48),V(NODE1_19_49),V(NODE1_19_50),V(NODE1_19_51),V(NODE1_19_52),V(NODE1_19_53),V(NODE1_19_54),V(NODE1_19_55),V(NODE1_19_56),V(NODE1_19_57),V(NODE1_19_58),V(NODE1_19_59),V(NODE1_19_60),V(NODE1_19_61),V(NODE1_19_62),V(NODE1_19_63),V(NODE1_19_64),V(NODE1_19_65),V(NODE1_19_66),V(NODE1_19_67),V(NODE1_19_68),V(NODE1_19_69),V(NODE1_19_70),V(NODE1_19_71),V(NODE1_19_72),V(NODE1_19_73),V(NODE1_19_74),V(NODE1_19_75),V(NODE1_19_76),V(NODE1_19_77),V(NODE1_19_78),V(NODE1_19_79),V(NODE1_19_80),V(NODE1_19_81),V(NODE1_19_82),V(NODE1_19_83),V(NODE1_19_84),V(NODE1_19_85),V(NODE1_19_86),V(NODE1_19_87),V(NODE1_19_88),V(NODE1_19_89),V(NODE1_19_90),V(NODE1_19_91),V(NODE1_19_92),V(NODE1_19_93),V(NODE1_19_94),V(NODE1_19_95),V(NODE1_19_96),V(NODE1_19_97),V(NODE1_19_98),V(NODE1_19_99),V(NODE1_20_0),V(NODE1_20_1),V(NODE1_20_2),V(NODE1_20_3),V(NODE1_20_4),V(NODE1_20_5),V(NODE1_20_6),V(NODE1_20_7),V(NODE1_20_8),V(NODE1_20_9),V(NODE1_20_10),V(NODE1_20_11),V(NODE1_20_12),V(NODE1_20_13),V(NODE1_20_14),V(NODE1_20_15),V(NODE1_20_16),V(NODE1_20_17),V(NODE1_20_18),V(NODE1_20_19),V(NODE1_20_20),V(NODE1_20_21),V(NODE1_20_22),V(NODE1_20_23),V(NODE1_20_24),V(NODE1_20_25),V(NODE1_20_26),V(NODE1_20_27),V(NODE1_20_28),V(NODE1_20_29),V(NODE1_20_30),V(NODE1_20_31),V(NODE1_20_32),V(NODE1_20_33),V(NODE1_20_34),V(NODE1_20_35),V(NODE1_20_36),V(NODE1_20_37),V(NODE1_20_38),V(NODE1_20_39),V(NODE1_20_40),V(NODE1_20_41),V(NODE1_20_42),V(NODE1_20_43),V(NODE1_20_44),V(NODE1_20_45),V(NODE1_20_46),V(NODE1_20_47),V(NODE1_20_48),V(NODE1_20_49),V(NODE1_20_50),V(NODE1_20_51),V(NODE1_20_52),V(NODE1_20_53),V(NODE1_20_54),V(NODE1_20_55),V(NODE1_20_56),V(NODE1_20_57),V(NODE1_20_58),V(NODE1_20_59),V(NODE1_20_60),V(NODE1_20_61),V(NODE1_20_62),V(NODE1_20_63),V(NODE1_20_64),V(NODE1_20_65),V(NODE1_20_66),V(NODE1_20_67),V(NODE1_20_68),V(NODE1_20_69),V(NODE1_20_70),V(NODE1_20_71),V(NODE1_20_72),V(NODE1_20_73),V(NODE1_20_74),V(NODE1_20_75),V(NODE1_20_76),V(NODE1_20_77),V(NODE1_20_78),V(NODE1_20_79),V(NODE1_20_80),V(NODE1_20_81),V(NODE1_20_82),V(NODE1_20_83),V(NODE1_20_84),V(NODE1_20_85),V(NODE1_20_86),V(NODE1_20_87),V(NODE1_20_88),V(NODE1_20_89),V(NODE1_20_90),V(NODE1_20_91),V(NODE1_20_92),V(NODE1_20_93),V(NODE1_20_94),V(NODE1_20_95),V(NODE1_20_96),V(NODE1_20_97),V(NODE1_20_98),V(NODE1_20_99),V(NODE1_21_0),V(NODE1_21_1),V(NODE1_21_2),V(NODE1_21_3),V(NODE1_21_4),V(NODE1_21_5),V(NODE1_21_6),V(NODE1_21_7),V(NODE1_21_8),V(NODE1_21_9),V(NODE1_21_10),V(NODE1_21_11),V(NODE1_21_12),V(NODE1_21_13),V(NODE1_21_14),V(NODE1_21_15),V(NODE1_21_16),V(NODE1_21_17),V(NODE1_21_18),V(NODE1_21_19),V(NODE1_21_20),V(NODE1_21_21),V(NODE1_21_22),V(NODE1_21_23),V(NODE1_21_24),V(NODE1_21_25),V(NODE1_21_26),V(NODE1_21_27),V(NODE1_21_28),V(NODE1_21_29),V(NODE1_21_30),V(NODE1_21_31),V(NODE1_21_32),V(NODE1_21_33),V(NODE1_21_34),V(NODE1_21_35),V(NODE1_21_36),V(NODE1_21_37),V(NODE1_21_38),V(NODE1_21_39),V(NODE1_21_40),V(NODE1_21_41),V(NODE1_21_42),V(NODE1_21_43),V(NODE1_21_44),V(NODE1_21_45),V(NODE1_21_46),V(NODE1_21_47),V(NODE1_21_48),V(NODE1_21_49),V(NODE1_21_50),V(NODE1_21_51),V(NODE1_21_52),V(NODE1_21_53),V(NODE1_21_54),V(NODE1_21_55),V(NODE1_21_56),V(NODE1_21_57),V(NODE1_21_58),V(NODE1_21_59),V(NODE1_21_60),V(NODE1_21_61),V(NODE1_21_62),V(NODE1_21_63),V(NODE1_21_64),V(NODE1_21_65),V(NODE1_21_66),V(NODE1_21_67),V(NODE1_21_68),V(NODE1_21_69),V(NODE1_21_70),V(NODE1_21_71),V(NODE1_21_72),V(NODE1_21_73),V(NODE1_21_74),V(NODE1_21_75),V(NODE1_21_76),V(NODE1_21_77),V(NODE1_21_78),V(NODE1_21_79),V(NODE1_21_80),V(NODE1_21_81),V(NODE1_21_82),V(NODE1_21_83),V(NODE1_21_84),V(NODE1_21_85),V(NODE1_21_86),V(NODE1_21_87),V(NODE1_21_88),V(NODE1_21_89),V(NODE1_21_90),V(NODE1_21_91),V(NODE1_21_92),V(NODE1_21_93),V(NODE1_21_94),V(NODE1_21_95),V(NODE1_21_96),V(NODE1_21_97),V(NODE1_21_98),V(NODE1_21_99),V(NODE1_22_0),V(NODE1_22_1),V(NODE1_22_2),V(NODE1_22_3),V(NODE1_22_4),V(NODE1_22_5),V(NODE1_22_6),V(NODE1_22_7),V(NODE1_22_8),V(NODE1_22_9),V(NODE1_22_10),V(NODE1_22_11),V(NODE1_22_12),V(NODE1_22_13),V(NODE1_22_14),V(NODE1_22_15),V(NODE1_22_16),V(NODE1_22_17),V(NODE1_22_18),V(NODE1_22_19),V(NODE1_22_20),V(NODE1_22_21),V(NODE1_22_22),V(NODE1_22_23),V(NODE1_22_24),V(NODE1_22_25),V(NODE1_22_26),V(NODE1_22_27),V(NODE1_22_28),V(NODE1_22_29),V(NODE1_22_30),V(NODE1_22_31),V(NODE1_22_32),V(NODE1_22_33),V(NODE1_22_34),V(NODE1_22_35),V(NODE1_22_36),V(NODE1_22_37),V(NODE1_22_38),V(NODE1_22_39),V(NODE1_22_40),V(NODE1_22_41),V(NODE1_22_42),V(NODE1_22_43),V(NODE1_22_44),V(NODE1_22_45),V(NODE1_22_46),V(NODE1_22_47),V(NODE1_22_48),V(NODE1_22_49),V(NODE1_22_50),V(NODE1_22_51),V(NODE1_22_52),V(NODE1_22_53),V(NODE1_22_54),V(NODE1_22_55),V(NODE1_22_56),V(NODE1_22_57),V(NODE1_22_58),V(NODE1_22_59),V(NODE1_22_60),V(NODE1_22_61),V(NODE1_22_62),V(NODE1_22_63),V(NODE1_22_64),V(NODE1_22_65),V(NODE1_22_66),V(NODE1_22_67),V(NODE1_22_68),V(NODE1_22_69),V(NODE1_22_70),V(NODE1_22_71),V(NODE1_22_72),V(NODE1_22_73),V(NODE1_22_74),V(NODE1_22_75),V(NODE1_22_76),V(NODE1_22_77),V(NODE1_22_78),V(NODE1_22_79),V(NODE1_22_80),V(NODE1_22_81),V(NODE1_22_82),V(NODE1_22_83),V(NODE1_22_84),V(NODE1_22_85),V(NODE1_22_86),V(NODE1_22_87),V(NODE1_22_88),V(NODE1_22_89),V(NODE1_22_90),V(NODE1_22_91),V(NODE1_22_92),V(NODE1_22_93),V(NODE1_22_94),V(NODE1_22_95),V(NODE1_22_96),V(NODE1_22_97),V(NODE1_22_98),V(NODE1_22_99),V(NODE1_23_0),V(NODE1_23_1),V(NODE1_23_2),V(NODE1_23_3),V(NODE1_23_4),V(NODE1_23_5),V(NODE1_23_6),V(NODE1_23_7),V(NODE1_23_8),V(NODE1_23_9),V(NODE1_23_10),V(NODE1_23_11),V(NODE1_23_12),V(NODE1_23_13),V(NODE1_23_14),V(NODE1_23_15),V(NODE1_23_16),V(NODE1_23_17),V(NODE1_23_18),V(NODE1_23_19),V(NODE1_23_20),V(NODE1_23_21),V(NODE1_23_22),V(NODE1_23_23),V(NODE1_23_24),V(NODE1_23_25),V(NODE1_23_26),V(NODE1_23_27),V(NODE1_23_28),V(NODE1_23_29),V(NODE1_23_30),V(NODE1_23_31),V(NODE1_23_32),V(NODE1_23_33),V(NODE1_23_34),V(NODE1_23_35),V(NODE1_23_36),V(NODE1_23_37),V(NODE1_23_38),V(NODE1_23_39),V(NODE1_23_40),V(NODE1_23_41),V(NODE1_23_42),V(NODE1_23_43),V(NODE1_23_44),V(NODE1_23_45),V(NODE1_23_46),V(NODE1_23_47),V(NODE1_23_48),V(NODE1_23_49),V(NODE1_23_50),V(NODE1_23_51),V(NODE1_23_52),V(NODE1_23_53),V(NODE1_23_54),V(NODE1_23_55),V(NODE1_23_56),V(NODE1_23_57),V(NODE1_23_58),V(NODE1_23_59),V(NODE1_23_60),V(NODE1_23_61),V(NODE1_23_62),V(NODE1_23_63),V(NODE1_23_64),V(NODE1_23_65),V(NODE1_23_66),V(NODE1_23_67),V(NODE1_23_68),V(NODE1_23_69),V(NODE1_23_70),V(NODE1_23_71),V(NODE1_23_72),V(NODE1_23_73),V(NODE1_23_74),V(NODE1_23_75),V(NODE1_23_76),V(NODE1_23_77),V(NODE1_23_78),V(NODE1_23_79),V(NODE1_23_80),V(NODE1_23_81),V(NODE1_23_82),V(NODE1_23_83),V(NODE1_23_84),V(NODE1_23_85),V(NODE1_23_86),V(NODE1_23_87),V(NODE1_23_88),V(NODE1_23_89),V(NODE1_23_90),V(NODE1_23_91),V(NODE1_23_92),V(NODE1_23_93),V(NODE1_23_94),V(NODE1_23_95),V(NODE1_23_96),V(NODE1_23_97),V(NODE1_23_98),V(NODE1_23_99),V(NODE1_24_0),V(NODE1_24_1),V(NODE1_24_2),V(NODE1_24_3),V(NODE1_24_4),V(NODE1_24_5),V(NODE1_24_6),V(NODE1_24_7),V(NODE1_24_8),V(NODE1_24_9),V(NODE1_24_10),V(NODE1_24_11),V(NODE1_24_12),V(NODE1_24_13),V(NODE1_24_14),V(NODE1_24_15),V(NODE1_24_16),V(NODE1_24_17),V(NODE1_24_18),V(NODE1_24_19),V(NODE1_24_20),V(NODE1_24_21),V(NODE1_24_22),V(NODE1_24_23),V(NODE1_24_24),V(NODE1_24_25),V(NODE1_24_26),V(NODE1_24_27),V(NODE1_24_28),V(NODE1_24_29),V(NODE1_24_30),V(NODE1_24_31),V(NODE1_24_32),V(NODE1_24_33),V(NODE1_24_34),V(NODE1_24_35),V(NODE1_24_36),V(NODE1_24_37),V(NODE1_24_38),V(NODE1_24_39),V(NODE1_24_40),V(NODE1_24_41),V(NODE1_24_42),V(NODE1_24_43),V(NODE1_24_44),V(NODE1_24_45),V(NODE1_24_46),V(NODE1_24_47),V(NODE1_24_48),V(NODE1_24_49),V(NODE1_24_50),V(NODE1_24_51),V(NODE1_24_52),V(NODE1_24_53),V(NODE1_24_54),V(NODE1_24_55),V(NODE1_24_56),V(NODE1_24_57),V(NODE1_24_58),V(NODE1_24_59),V(NODE1_24_60),V(NODE1_24_61),V(NODE1_24_62),V(NODE1_24_63),V(NODE1_24_64),V(NODE1_24_65),V(NODE1_24_66),V(NODE1_24_67),V(NODE1_24_68),V(NODE1_24_69),V(NODE1_24_70),V(NODE1_24_71),V(NODE1_24_72),V(NODE1_24_73),V(NODE1_24_74),V(NODE1_24_75),V(NODE1_24_76),V(NODE1_24_77),V(NODE1_24_78),V(NODE1_24_79),V(NODE1_24_80),V(NODE1_24_81),V(NODE1_24_82),V(NODE1_24_83),V(NODE1_24_84),V(NODE1_24_85),V(NODE1_24_86),V(NODE1_24_87),V(NODE1_24_88),V(NODE1_24_89),V(NODE1_24_90),V(NODE1_24_91),V(NODE1_24_92),V(NODE1_24_93),V(NODE1_24_94),V(NODE1_24_95),V(NODE1_24_96),V(NODE1_24_97),V(NODE1_24_98),V(NODE1_24_99),V(NODE1_25_0),V(NODE1_25_1),V(NODE1_25_2),V(NODE1_25_3),V(NODE1_25_4),V(NODE1_25_5),V(NODE1_25_6),V(NODE1_25_7),V(NODE1_25_8),V(NODE1_25_9),V(NODE1_25_10),V(NODE1_25_11),V(NODE1_25_12),V(NODE1_25_13),V(NODE1_25_14),V(NODE1_25_15),V(NODE1_25_16),V(NODE1_25_17),V(NODE1_25_18),V(NODE1_25_19),V(NODE1_25_20),V(NODE1_25_21),V(NODE1_25_22),V(NODE1_25_23),V(NODE1_25_24),V(NODE1_25_25),V(NODE1_25_26),V(NODE1_25_27),V(NODE1_25_28),V(NODE1_25_29),V(NODE1_25_30),V(NODE1_25_31),V(NODE1_25_32),V(NODE1_25_33),V(NODE1_25_34),V(NODE1_25_35),V(NODE1_25_36),V(NODE1_25_37),V(NODE1_25_38),V(NODE1_25_39),V(NODE1_25_40),V(NODE1_25_41),V(NODE1_25_42),V(NODE1_25_43),V(NODE1_25_44),V(NODE1_25_45),V(NODE1_25_46),V(NODE1_25_47),V(NODE1_25_48),V(NODE1_25_49),V(NODE1_25_50),V(NODE1_25_51),V(NODE1_25_52),V(NODE1_25_53),V(NODE1_25_54),V(NODE1_25_55),V(NODE1_25_56),V(NODE1_25_57),V(NODE1_25_58),V(NODE1_25_59),V(NODE1_25_60),V(NODE1_25_61),V(NODE1_25_62),V(NODE1_25_63),V(NODE1_25_64),V(NODE1_25_65),V(NODE1_25_66),V(NODE1_25_67),V(NODE1_25_68),V(NODE1_25_69),V(NODE1_25_70),V(NODE1_25_71),V(NODE1_25_72),V(NODE1_25_73),V(NODE1_25_74),V(NODE1_25_75),V(NODE1_25_76),V(NODE1_25_77),V(NODE1_25_78),V(NODE1_25_79),V(NODE1_25_80),V(NODE1_25_81),V(NODE1_25_82),V(NODE1_25_83),V(NODE1_25_84),V(NODE1_25_85),V(NODE1_25_86),V(NODE1_25_87),V(NODE1_25_88),V(NODE1_25_89),V(NODE1_25_90),V(NODE1_25_91),V(NODE1_25_92),V(NODE1_25_93),V(NODE1_25_94),V(NODE1_25_95),V(NODE1_25_96),V(NODE1_25_97),V(NODE1_25_98),V(NODE1_25_99),V(NODE1_26_0),V(NODE1_26_1),V(NODE1_26_2),V(NODE1_26_3),V(NODE1_26_4),V(NODE1_26_5),V(NODE1_26_6),V(NODE1_26_7),V(NODE1_26_8),V(NODE1_26_9),V(NODE1_26_10),V(NODE1_26_11),V(NODE1_26_12),V(NODE1_26_13),V(NODE1_26_14),V(NODE1_26_15),V(NODE1_26_16),V(NODE1_26_17),V(NODE1_26_18),V(NODE1_26_19),V(NODE1_26_20),V(NODE1_26_21),V(NODE1_26_22),V(NODE1_26_23),V(NODE1_26_24),V(NODE1_26_25),V(NODE1_26_26),V(NODE1_26_27),V(NODE1_26_28),V(NODE1_26_29),V(NODE1_26_30),V(NODE1_26_31),V(NODE1_26_32),V(NODE1_26_33),V(NODE1_26_34),V(NODE1_26_35),V(NODE1_26_36),V(NODE1_26_37),V(NODE1_26_38),V(NODE1_26_39),V(NODE1_26_40),V(NODE1_26_41),V(NODE1_26_42),V(NODE1_26_43),V(NODE1_26_44),V(NODE1_26_45),V(NODE1_26_46),V(NODE1_26_47),V(NODE1_26_48),V(NODE1_26_49),V(NODE1_26_50),V(NODE1_26_51),V(NODE1_26_52),V(NODE1_26_53),V(NODE1_26_54),V(NODE1_26_55),V(NODE1_26_56),V(NODE1_26_57),V(NODE1_26_58),V(NODE1_26_59),V(NODE1_26_60),V(NODE1_26_61),V(NODE1_26_62),V(NODE1_26_63),V(NODE1_26_64),V(NODE1_26_65),V(NODE1_26_66),V(NODE1_26_67),V(NODE1_26_68),V(NODE1_26_69),V(NODE1_26_70),V(NODE1_26_71),V(NODE1_26_72),V(NODE1_26_73),V(NODE1_26_74),V(NODE1_26_75),V(NODE1_26_76),V(NODE1_26_77),V(NODE1_26_78),V(NODE1_26_79),V(NODE1_26_80),V(NODE1_26_81),V(NODE1_26_82),V(NODE1_26_83),V(NODE1_26_84),V(NODE1_26_85),V(NODE1_26_86),V(NODE1_26_87),V(NODE1_26_88),V(NODE1_26_89),V(NODE1_26_90),V(NODE1_26_91),V(NODE1_26_92),V(NODE1_26_93),V(NODE1_26_94),V(NODE1_26_95),V(NODE1_26_96),V(NODE1_26_97),V(NODE1_26_98),V(NODE1_26_99),V(NODE1_27_0),V(NODE1_27_1),V(NODE1_27_2),V(NODE1_27_3),V(NODE1_27_4),V(NODE1_27_5),V(NODE1_27_6),V(NODE1_27_7),V(NODE1_27_8),V(NODE1_27_9),V(NODE1_27_10),V(NODE1_27_11),V(NODE1_27_12),V(NODE1_27_13),V(NODE1_27_14),V(NODE1_27_15),V(NODE1_27_16),V(NODE1_27_17),V(NODE1_27_18),V(NODE1_27_19),V(NODE1_27_20),V(NODE1_27_21),V(NODE1_27_22),V(NODE1_27_23),V(NODE1_27_24),V(NODE1_27_25),V(NODE1_27_26),V(NODE1_27_27),V(NODE1_27_28),V(NODE1_27_29),V(NODE1_27_30),V(NODE1_27_31),V(NODE1_27_32),V(NODE1_27_33),V(NODE1_27_34),V(NODE1_27_35),V(NODE1_27_36),V(NODE1_27_37),V(NODE1_27_38),V(NODE1_27_39),V(NODE1_27_40),V(NODE1_27_41),V(NODE1_27_42),V(NODE1_27_43),V(NODE1_27_44),V(NODE1_27_45),V(NODE1_27_46),V(NODE1_27_47),V(NODE1_27_48),V(NODE1_27_49),V(NODE1_27_50),V(NODE1_27_51),V(NODE1_27_52),V(NODE1_27_53),V(NODE1_27_54),V(NODE1_27_55),V(NODE1_27_56),V(NODE1_27_57),V(NODE1_27_58),V(NODE1_27_59),V(NODE1_27_60),V(NODE1_27_61),V(NODE1_27_62),V(NODE1_27_63),V(NODE1_27_64),V(NODE1_27_65),V(NODE1_27_66),V(NODE1_27_67),V(NODE1_27_68),V(NODE1_27_69),V(NODE1_27_70),V(NODE1_27_71),V(NODE1_27_72),V(NODE1_27_73),V(NODE1_27_74),V(NODE1_27_75),V(NODE1_27_76),V(NODE1_27_77),V(NODE1_27_78),V(NODE1_27_79),V(NODE1_27_80),V(NODE1_27_81),V(NODE1_27_82),V(NODE1_27_83),V(NODE1_27_84),V(NODE1_27_85),V(NODE1_27_86),V(NODE1_27_87),V(NODE1_27_88),V(NODE1_27_89),V(NODE1_27_90),V(NODE1_27_91),V(NODE1_27_92),V(NODE1_27_93),V(NODE1_27_94),V(NODE1_27_95),V(NODE1_27_96),V(NODE1_27_97),V(NODE1_27_98),V(NODE1_27_99),V(NODE1_28_0),V(NODE1_28_1),V(NODE1_28_2),V(NODE1_28_3),V(NODE1_28_4),V(NODE1_28_5),V(NODE1_28_6),V(NODE1_28_7),V(NODE1_28_8),V(NODE1_28_9),V(NODE1_28_10),V(NODE1_28_11),V(NODE1_28_12),V(NODE1_28_13),V(NODE1_28_14),V(NODE1_28_15),V(NODE1_28_16),V(NODE1_28_17),V(NODE1_28_18),V(NODE1_28_19),V(NODE1_28_20),V(NODE1_28_21),V(NODE1_28_22),V(NODE1_28_23),V(NODE1_28_24),V(NODE1_28_25),V(NODE1_28_26),V(NODE1_28_27),V(NODE1_28_28),V(NODE1_28_29),V(NODE1_28_30),V(NODE1_28_31),V(NODE1_28_32),V(NODE1_28_33),V(NODE1_28_34),V(NODE1_28_35),V(NODE1_28_36),V(NODE1_28_37),V(NODE1_28_38),V(NODE1_28_39),V(NODE1_28_40),V(NODE1_28_41),V(NODE1_28_42),V(NODE1_28_43),V(NODE1_28_44),V(NODE1_28_45),V(NODE1_28_46),V(NODE1_28_47),V(NODE1_28_48),V(NODE1_28_49),V(NODE1_28_50),V(NODE1_28_51),V(NODE1_28_52),V(NODE1_28_53),V(NODE1_28_54),V(NODE1_28_55),V(NODE1_28_56),V(NODE1_28_57),V(NODE1_28_58),V(NODE1_28_59),V(NODE1_28_60),V(NODE1_28_61),V(NODE1_28_62),V(NODE1_28_63),V(NODE1_28_64),V(NODE1_28_65),V(NODE1_28_66),V(NODE1_28_67),V(NODE1_28_68),V(NODE1_28_69),V(NODE1_28_70),V(NODE1_28_71),V(NODE1_28_72),V(NODE1_28_73),V(NODE1_28_74),V(NODE1_28_75),V(NODE1_28_76),V(NODE1_28_77),V(NODE1_28_78),V(NODE1_28_79),V(NODE1_28_80),V(NODE1_28_81),V(NODE1_28_82),V(NODE1_28_83),V(NODE1_28_84),V(NODE1_28_85),V(NODE1_28_86),V(NODE1_28_87),V(NODE1_28_88),V(NODE1_28_89),V(NODE1_28_90),V(NODE1_28_91),V(NODE1_28_92),V(NODE1_28_93),V(NODE1_28_94),V(NODE1_28_95),V(NODE1_28_96),V(NODE1_28_97),V(NODE1_28_98),V(NODE1_28_99),V(NODE1_29_0),V(NODE1_29_1),V(NODE1_29_2),V(NODE1_29_3),V(NODE1_29_4),V(NODE1_29_5),V(NODE1_29_6),V(NODE1_29_7),V(NODE1_29_8),V(NODE1_29_9),V(NODE1_29_10),V(NODE1_29_11),V(NODE1_29_12),V(NODE1_29_13),V(NODE1_29_14),V(NODE1_29_15),V(NODE1_29_16),V(NODE1_29_17),V(NODE1_29_18),V(NODE1_29_19),V(NODE1_29_20),V(NODE1_29_21),V(NODE1_29_22),V(NODE1_29_23),V(NODE1_29_24),V(NODE1_29_25),V(NODE1_29_26),V(NODE1_29_27),V(NODE1_29_28),V(NODE1_29_29),V(NODE1_29_30),V(NODE1_29_31),V(NODE1_29_32),V(NODE1_29_33),V(NODE1_29_34),V(NODE1_29_35),V(NODE1_29_36),V(NODE1_29_37),V(NODE1_29_38),V(NODE1_29_39),V(NODE1_29_40),V(NODE1_29_41),V(NODE1_29_42),V(NODE1_29_43),V(NODE1_29_44),V(NODE1_29_45),V(NODE1_29_46),V(NODE1_29_47),V(NODE1_29_48),V(NODE1_29_49),V(NODE1_29_50),V(NODE1_29_51),V(NODE1_29_52),V(NODE1_29_53),V(NODE1_29_54),V(NODE1_29_55),V(NODE1_29_56),V(NODE1_29_57),V(NODE1_29_58),V(NODE1_29_59),V(NODE1_29_60),V(NODE1_29_61),V(NODE1_29_62),V(NODE1_29_63),V(NODE1_29_64),V(NODE1_29_65),V(NODE1_29_66),V(NODE1_29_67),V(NODE1_29_68),V(NODE1_29_69),V(NODE1_29_70),V(NODE1_29_71),V(NODE1_29_72),V(NODE1_29_73),V(NODE1_29_74),V(NODE1_29_75),V(NODE1_29_76),V(NODE1_29_77),V(NODE1_29_78),V(NODE1_29_79),V(NODE1_29_80),V(NODE1_29_81),V(NODE1_29_82),V(NODE1_29_83),V(NODE1_29_84),V(NODE1_29_85),V(NODE1_29_86),V(NODE1_29_87),V(NODE1_29_88),V(NODE1_29_89),V(NODE1_29_90),V(NODE1_29_91),V(NODE1_29_92),V(NODE1_29_93),V(NODE1_29_94),V(NODE1_29_95),V(NODE1_29_96),V(NODE1_29_97),V(NODE1_29_98),V(NODE1_29_99),V(NODE1_30_0),V(NODE1_30_1),V(NODE1_30_2),V(NODE1_30_3),V(NODE1_30_4),V(NODE1_30_5),V(NODE1_30_6),V(NODE1_30_7),V(NODE1_30_8),V(NODE1_30_9),V(NODE1_30_10),V(NODE1_30_11),V(NODE1_30_12),V(NODE1_30_13),V(NODE1_30_14),V(NODE1_30_15),V(NODE1_30_16),V(NODE1_30_17),V(NODE1_30_18),V(NODE1_30_19),V(NODE1_30_20),V(NODE1_30_21),V(NODE1_30_22),V(NODE1_30_23),V(NODE1_30_24),V(NODE1_30_25),V(NODE1_30_26),V(NODE1_30_27),V(NODE1_30_28),V(NODE1_30_29),V(NODE1_30_30),V(NODE1_30_31),V(NODE1_30_32),V(NODE1_30_33),V(NODE1_30_34),V(NODE1_30_35),V(NODE1_30_36),V(NODE1_30_37),V(NODE1_30_38),V(NODE1_30_39),V(NODE1_30_40),V(NODE1_30_41),V(NODE1_30_42),V(NODE1_30_43),V(NODE1_30_44),V(NODE1_30_45),V(NODE1_30_46),V(NODE1_30_47),V(NODE1_30_48),V(NODE1_30_49),V(NODE1_30_50),V(NODE1_30_51),V(NODE1_30_52),V(NODE1_30_53),V(NODE1_30_54),V(NODE1_30_55),V(NODE1_30_56),V(NODE1_30_57),V(NODE1_30_58),V(NODE1_30_59),V(NODE1_30_60),V(NODE1_30_61),V(NODE1_30_62),V(NODE1_30_63),V(NODE1_30_64),V(NODE1_30_65),V(NODE1_30_66),V(NODE1_30_67),V(NODE1_30_68),V(NODE1_30_69),V(NODE1_30_70),V(NODE1_30_71),V(NODE1_30_72),V(NODE1_30_73),V(NODE1_30_74),V(NODE1_30_75),V(NODE1_30_76),V(NODE1_30_77),V(NODE1_30_78),V(NODE1_30_79),V(NODE1_30_80),V(NODE1_30_81),V(NODE1_30_82),V(NODE1_30_83),V(NODE1_30_84),V(NODE1_30_85),V(NODE1_30_86),V(NODE1_30_87),V(NODE1_30_88),V(NODE1_30_89),V(NODE1_30_90),V(NODE1_30_91),V(NODE1_30_92),V(NODE1_30_93),V(NODE1_30_94),V(NODE1_30_95),V(NODE1_30_96),V(NODE1_30_97),V(NODE1_30_98),V(NODE1_30_99),V(NODE1_31_0),V(NODE1_31_1),V(NODE1_31_2),V(NODE1_31_3),V(NODE1_31_4),V(NODE1_31_5),V(NODE1_31_6),V(NODE1_31_7),V(NODE1_31_8),V(NODE1_31_9),V(NODE1_31_10),V(NODE1_31_11),V(NODE1_31_12),V(NODE1_31_13),V(NODE1_31_14),V(NODE1_31_15),V(NODE1_31_16),V(NODE1_31_17),V(NODE1_31_18),V(NODE1_31_19),V(NODE1_31_20),V(NODE1_31_21),V(NODE1_31_22),V(NODE1_31_23),V(NODE1_31_24),V(NODE1_31_25),V(NODE1_31_26),V(NODE1_31_27),V(NODE1_31_28),V(NODE1_31_29),V(NODE1_31_30),V(NODE1_31_31),V(NODE1_31_32),V(NODE1_31_33),V(NODE1_31_34),V(NODE1_31_35),V(NODE1_31_36),V(NODE1_31_37),V(NODE1_31_38),V(NODE1_31_39),V(NODE1_31_40),V(NODE1_31_41),V(NODE1_31_42),V(NODE1_31_43),V(NODE1_31_44),V(NODE1_31_45),V(NODE1_31_46),V(NODE1_31_47),V(NODE1_31_48),V(NODE1_31_49),V(NODE1_31_50),V(NODE1_31_51),V(NODE1_31_52),V(NODE1_31_53),V(NODE1_31_54),V(NODE1_31_55),V(NODE1_31_56),V(NODE1_31_57),V(NODE1_31_58),V(NODE1_31_59),V(NODE1_31_60),V(NODE1_31_61),V(NODE1_31_62),V(NODE1_31_63),V(NODE1_31_64),V(NODE1_31_65),V(NODE1_31_66),V(NODE1_31_67),V(NODE1_31_68),V(NODE1_31_69),V(NODE1_31_70),V(NODE1_31_71),V(NODE1_31_72),V(NODE1_31_73),V(NODE1_31_74),V(NODE1_31_75),V(NODE1_31_76),V(NODE1_31_77),V(NODE1_31_78),V(NODE1_31_79),V(NODE1_31_80),V(NODE1_31_81),V(NODE1_31_82),V(NODE1_31_83),V(NODE1_31_84),V(NODE1_31_85),V(NODE1_31_86),V(NODE1_31_87),V(NODE1_31_88),V(NODE1_31_89),V(NODE1_31_90),V(NODE1_31_91),V(NODE1_31_92),V(NODE1_31_93),V(NODE1_31_94),V(NODE1_31_95),V(NODE1_31_96),V(NODE1_31_97),V(NODE1_31_98),V(NODE1_31_99),V(NODE1_32_0),V(NODE1_32_1),V(NODE1_32_2),V(NODE1_32_3),V(NODE1_32_4),V(NODE1_32_5),V(NODE1_32_6),V(NODE1_32_7),V(NODE1_32_8),V(NODE1_32_9),V(NODE1_32_10),V(NODE1_32_11),V(NODE1_32_12),V(NODE1_32_13),V(NODE1_32_14),V(NODE1_32_15),V(NODE1_32_16),V(NODE1_32_17),V(NODE1_32_18),V(NODE1_32_19),V(NODE1_32_20),V(NODE1_32_21),V(NODE1_32_22),V(NODE1_32_23),V(NODE1_32_24),V(NODE1_32_25),V(NODE1_32_26),V(NODE1_32_27),V(NODE1_32_28),V(NODE1_32_29),V(NODE1_32_30),V(NODE1_32_31),V(NODE1_32_32),V(NODE1_32_33),V(NODE1_32_34),V(NODE1_32_35),V(NODE1_32_36),V(NODE1_32_37),V(NODE1_32_38),V(NODE1_32_39),V(NODE1_32_40),V(NODE1_32_41),V(NODE1_32_42),V(NODE1_32_43),V(NODE1_32_44),V(NODE1_32_45),V(NODE1_32_46),V(NODE1_32_47),V(NODE1_32_48),V(NODE1_32_49),V(NODE1_32_50),V(NODE1_32_51),V(NODE1_32_52),V(NODE1_32_53),V(NODE1_32_54),V(NODE1_32_55),V(NODE1_32_56),V(NODE1_32_57),V(NODE1_32_58),V(NODE1_32_59),V(NODE1_32_60),V(NODE1_32_61),V(NODE1_32_62),V(NODE1_32_63),V(NODE1_32_64),V(NODE1_32_65),V(NODE1_32_66),V(NODE1_32_67),V(NODE1_32_68),V(NODE1_32_69),V(NODE1_32_70),V(NODE1_32_71),V(NODE1_32_72),V(NODE1_32_73),V(NODE1_32_74),V(NODE1_32_75),V(NODE1_32_76),V(NODE1_32_77),V(NODE1_32_78),V(NODE1_32_79),V(NODE1_32_80),V(NODE1_32_81),V(NODE1_32_82),V(NODE1_32_83),V(NODE1_32_84),V(NODE1_32_85),V(NODE1_32_86),V(NODE1_32_87),V(NODE1_32_88),V(NODE1_32_89),V(NODE1_32_90),V(NODE1_32_91),V(NODE1_32_92),V(NODE1_32_93),V(NODE1_32_94),V(NODE1_32_95),V(NODE1_32_96),V(NODE1_32_97),V(NODE1_32_98),V(NODE1_32_99),V(NODE1_33_0),V(NODE1_33_1),V(NODE1_33_2),V(NODE1_33_3),V(NODE1_33_4),V(NODE1_33_5),V(NODE1_33_6),V(NODE1_33_7),V(NODE1_33_8),V(NODE1_33_9),V(NODE1_33_10),V(NODE1_33_11),V(NODE1_33_12),V(NODE1_33_13),V(NODE1_33_14),V(NODE1_33_15),V(NODE1_33_16),V(NODE1_33_17),V(NODE1_33_18),V(NODE1_33_19),V(NODE1_33_20),V(NODE1_33_21),V(NODE1_33_22),V(NODE1_33_23),V(NODE1_33_24),V(NODE1_33_25),V(NODE1_33_26),V(NODE1_33_27),V(NODE1_33_28),V(NODE1_33_29),V(NODE1_33_30),V(NODE1_33_31),V(NODE1_33_32),V(NODE1_33_33),V(NODE1_33_34),V(NODE1_33_35),V(NODE1_33_36),V(NODE1_33_37),V(NODE1_33_38),V(NODE1_33_39),V(NODE1_33_40),V(NODE1_33_41),V(NODE1_33_42),V(NODE1_33_43),V(NODE1_33_44),V(NODE1_33_45),V(NODE1_33_46),V(NODE1_33_47),V(NODE1_33_48),V(NODE1_33_49),V(NODE1_33_50),V(NODE1_33_51),V(NODE1_33_52),V(NODE1_33_53),V(NODE1_33_54),V(NODE1_33_55),V(NODE1_33_56),V(NODE1_33_57),V(NODE1_33_58),V(NODE1_33_59),V(NODE1_33_60),V(NODE1_33_61),V(NODE1_33_62),V(NODE1_33_63),V(NODE1_33_64),V(NODE1_33_65),V(NODE1_33_66),V(NODE1_33_67),V(NODE1_33_68),V(NODE1_33_69),V(NODE1_33_70),V(NODE1_33_71),V(NODE1_33_72),V(NODE1_33_73),V(NODE1_33_74),V(NODE1_33_75),V(NODE1_33_76),V(NODE1_33_77),V(NODE1_33_78),V(NODE1_33_79),V(NODE1_33_80),V(NODE1_33_81),V(NODE1_33_82),V(NODE1_33_83),V(NODE1_33_84),V(NODE1_33_85),V(NODE1_33_86),V(NODE1_33_87),V(NODE1_33_88),V(NODE1_33_89),V(NODE1_33_90),V(NODE1_33_91),V(NODE1_33_92),V(NODE1_33_93),V(NODE1_33_94),V(NODE1_33_95),V(NODE1_33_96),V(NODE1_33_97),V(NODE1_33_98),V(NODE1_33_99),V(NODE1_34_0),V(NODE1_34_1),V(NODE1_34_2),V(NODE1_34_3),V(NODE1_34_4),V(NODE1_34_5),V(NODE1_34_6),V(NODE1_34_7),V(NODE1_34_8),V(NODE1_34_9),V(NODE1_34_10),V(NODE1_34_11),V(NODE1_34_12),V(NODE1_34_13),V(NODE1_34_14),V(NODE1_34_15),V(NODE1_34_16),V(NODE1_34_17),V(NODE1_34_18),V(NODE1_34_19),V(NODE1_34_20),V(NODE1_34_21),V(NODE1_34_22),V(NODE1_34_23),V(NODE1_34_24),V(NODE1_34_25),V(NODE1_34_26),V(NODE1_34_27),V(NODE1_34_28),V(NODE1_34_29),V(NODE1_34_30),V(NODE1_34_31),V(NODE1_34_32),V(NODE1_34_33),V(NODE1_34_34),V(NODE1_34_35),V(NODE1_34_36),V(NODE1_34_37),V(NODE1_34_38),V(NODE1_34_39),V(NODE1_34_40),V(NODE1_34_41),V(NODE1_34_42),V(NODE1_34_43),V(NODE1_34_44),V(NODE1_34_45),V(NODE1_34_46),V(NODE1_34_47),V(NODE1_34_48),V(NODE1_34_49),V(NODE1_34_50),V(NODE1_34_51),V(NODE1_34_52),V(NODE1_34_53),V(NODE1_34_54),V(NODE1_34_55),V(NODE1_34_56),V(NODE1_34_57),V(NODE1_34_58),V(NODE1_34_59),V(NODE1_34_60),V(NODE1_34_61),V(NODE1_34_62),V(NODE1_34_63),V(NODE1_34_64),V(NODE1_34_65),V(NODE1_34_66),V(NODE1_34_67),V(NODE1_34_68),V(NODE1_34_69),V(NODE1_34_70),V(NODE1_34_71),V(NODE1_34_72),V(NODE1_34_73),V(NODE1_34_74),V(NODE1_34_75),V(NODE1_34_76),V(NODE1_34_77),V(NODE1_34_78),V(NODE1_34_79),V(NODE1_34_80),V(NODE1_34_81),V(NODE1_34_82),V(NODE1_34_83),V(NODE1_34_84),V(NODE1_34_85),V(NODE1_34_86),V(NODE1_34_87),V(NODE1_34_88),V(NODE1_34_89),V(NODE1_34_90),V(NODE1_34_91),V(NODE1_34_92),V(NODE1_34_93),V(NODE1_34_94),V(NODE1_34_95),V(NODE1_34_96),V(NODE1_34_97),V(NODE1_34_98),V(NODE1_34_99),V(NODE1_35_0),V(NODE1_35_1),V(NODE1_35_2),V(NODE1_35_3),V(NODE1_35_4),V(NODE1_35_5),V(NODE1_35_6),V(NODE1_35_7),V(NODE1_35_8),V(NODE1_35_9),V(NODE1_35_10),V(NODE1_35_11),V(NODE1_35_12),V(NODE1_35_13),V(NODE1_35_14),V(NODE1_35_15),V(NODE1_35_16),V(NODE1_35_17),V(NODE1_35_18),V(NODE1_35_19),V(NODE1_35_20),V(NODE1_35_21),V(NODE1_35_22),V(NODE1_35_23),V(NODE1_35_24),V(NODE1_35_25),V(NODE1_35_26),V(NODE1_35_27),V(NODE1_35_28),V(NODE1_35_29),V(NODE1_35_30),V(NODE1_35_31),V(NODE1_35_32),V(NODE1_35_33),V(NODE1_35_34),V(NODE1_35_35),V(NODE1_35_36),V(NODE1_35_37),V(NODE1_35_38),V(NODE1_35_39),V(NODE1_35_40),V(NODE1_35_41),V(NODE1_35_42),V(NODE1_35_43),V(NODE1_35_44),V(NODE1_35_45),V(NODE1_35_46),V(NODE1_35_47),V(NODE1_35_48),V(NODE1_35_49),V(NODE1_35_50),V(NODE1_35_51),V(NODE1_35_52),V(NODE1_35_53),V(NODE1_35_54),V(NODE1_35_55),V(NODE1_35_56),V(NODE1_35_57),V(NODE1_35_58),V(NODE1_35_59),V(NODE1_35_60),V(NODE1_35_61),V(NODE1_35_62),V(NODE1_35_63),V(NODE1_35_64),V(NODE1_35_65),V(NODE1_35_66),V(NODE1_35_67),V(NODE1_35_68),V(NODE1_35_69),V(NODE1_35_70),V(NODE1_35_71),V(NODE1_35_72),V(NODE1_35_73),V(NODE1_35_74),V(NODE1_35_75),V(NODE1_35_76),V(NODE1_35_77),V(NODE1_35_78),V(NODE1_35_79),V(NODE1_35_80),V(NODE1_35_81),V(NODE1_35_82),V(NODE1_35_83),V(NODE1_35_84),V(NODE1_35_85),V(NODE1_35_86),V(NODE1_35_87),V(NODE1_35_88),V(NODE1_35_89),V(NODE1_35_90),V(NODE1_35_91),V(NODE1_35_92),V(NODE1_35_93),V(NODE1_35_94),V(NODE1_35_95),V(NODE1_35_96),V(NODE1_35_97),V(NODE1_35_98),V(NODE1_35_99),V(NODE1_36_0),V(NODE1_36_1),V(NODE1_36_2),V(NODE1_36_3),V(NODE1_36_4),V(NODE1_36_5),V(NODE1_36_6),V(NODE1_36_7),V(NODE1_36_8),V(NODE1_36_9),V(NODE1_36_10),V(NODE1_36_11),V(NODE1_36_12),V(NODE1_36_13),V(NODE1_36_14),V(NODE1_36_15),V(NODE1_36_16),V(NODE1_36_17),V(NODE1_36_18),V(NODE1_36_19),V(NODE1_36_20),V(NODE1_36_21),V(NODE1_36_22),V(NODE1_36_23),V(NODE1_36_24),V(NODE1_36_25),V(NODE1_36_26),V(NODE1_36_27),V(NODE1_36_28),V(NODE1_36_29),V(NODE1_36_30),V(NODE1_36_31),V(NODE1_36_32),V(NODE1_36_33),V(NODE1_36_34),V(NODE1_36_35),V(NODE1_36_36),V(NODE1_36_37),V(NODE1_36_38),V(NODE1_36_39),V(NODE1_36_40),V(NODE1_36_41),V(NODE1_36_42),V(NODE1_36_43),V(NODE1_36_44),V(NODE1_36_45),V(NODE1_36_46),V(NODE1_36_47),V(NODE1_36_48),V(NODE1_36_49),V(NODE1_36_50),V(NODE1_36_51),V(NODE1_36_52),V(NODE1_36_53),V(NODE1_36_54),V(NODE1_36_55),V(NODE1_36_56),V(NODE1_36_57),V(NODE1_36_58),V(NODE1_36_59),V(NODE1_36_60),V(NODE1_36_61),V(NODE1_36_62),V(NODE1_36_63),V(NODE1_36_64),V(NODE1_36_65),V(NODE1_36_66),V(NODE1_36_67),V(NODE1_36_68),V(NODE1_36_69),V(NODE1_36_70),V(NODE1_36_71),V(NODE1_36_72),V(NODE1_36_73),V(NODE1_36_74),V(NODE1_36_75),V(NODE1_36_76),V(NODE1_36_77),V(NODE1_36_78),V(NODE1_36_79),V(NODE1_36_80),V(NODE1_36_81),V(NODE1_36_82),V(NODE1_36_83),V(NODE1_36_84),V(NODE1_36_85),V(NODE1_36_86),V(NODE1_36_87),V(NODE1_36_88),V(NODE1_36_89),V(NODE1_36_90),V(NODE1_36_91),V(NODE1_36_92),V(NODE1_36_93),V(NODE1_36_94),V(NODE1_36_95),V(NODE1_36_96),V(NODE1_36_97),V(NODE1_36_98),V(NODE1_36_99),V(NODE1_37_0),V(NODE1_37_1),V(NODE1_37_2),V(NODE1_37_3),V(NODE1_37_4),V(NODE1_37_5),V(NODE1_37_6),V(NODE1_37_7),V(NODE1_37_8),V(NODE1_37_9),V(NODE1_37_10),V(NODE1_37_11),V(NODE1_37_12),V(NODE1_37_13),V(NODE1_37_14),V(NODE1_37_15),V(NODE1_37_16),V(NODE1_37_17),V(NODE1_37_18),V(NODE1_37_19),V(NODE1_37_20),V(NODE1_37_21),V(NODE1_37_22),V(NODE1_37_23),V(NODE1_37_24),V(NODE1_37_25),V(NODE1_37_26),V(NODE1_37_27),V(NODE1_37_28),V(NODE1_37_29),V(NODE1_37_30),V(NODE1_37_31),V(NODE1_37_32),V(NODE1_37_33),V(NODE1_37_34),V(NODE1_37_35),V(NODE1_37_36),V(NODE1_37_37),V(NODE1_37_38),V(NODE1_37_39),V(NODE1_37_40),V(NODE1_37_41),V(NODE1_37_42),V(NODE1_37_43),V(NODE1_37_44),V(NODE1_37_45),V(NODE1_37_46),V(NODE1_37_47),V(NODE1_37_48),V(NODE1_37_49),V(NODE1_37_50),V(NODE1_37_51),V(NODE1_37_52),V(NODE1_37_53),V(NODE1_37_54),V(NODE1_37_55),V(NODE1_37_56),V(NODE1_37_57),V(NODE1_37_58),V(NODE1_37_59),V(NODE1_37_60),V(NODE1_37_61),V(NODE1_37_62),V(NODE1_37_63),V(NODE1_37_64),V(NODE1_37_65),V(NODE1_37_66),V(NODE1_37_67),V(NODE1_37_68),V(NODE1_37_69),V(NODE1_37_70),V(NODE1_37_71),V(NODE1_37_72),V(NODE1_37_73),V(NODE1_37_74),V(NODE1_37_75),V(NODE1_37_76),V(NODE1_37_77),V(NODE1_37_78),V(NODE1_37_79),V(NODE1_37_80),V(NODE1_37_81),V(NODE1_37_82),V(NODE1_37_83),V(NODE1_37_84),V(NODE1_37_85),V(NODE1_37_86),V(NODE1_37_87),V(NODE1_37_88),V(NODE1_37_89),V(NODE1_37_90),V(NODE1_37_91),V(NODE1_37_92),V(NODE1_37_93),V(NODE1_37_94),V(NODE1_37_95),V(NODE1_37_96),V(NODE1_37_97),V(NODE1_37_98),V(NODE1_37_99),V(NODE1_38_0),V(NODE1_38_1),V(NODE1_38_2),V(NODE1_38_3),V(NODE1_38_4),V(NODE1_38_5),V(NODE1_38_6),V(NODE1_38_7),V(NODE1_38_8),V(NODE1_38_9),V(NODE1_38_10),V(NODE1_38_11),V(NODE1_38_12),V(NODE1_38_13),V(NODE1_38_14),V(NODE1_38_15),V(NODE1_38_16),V(NODE1_38_17),V(NODE1_38_18),V(NODE1_38_19),V(NODE1_38_20),V(NODE1_38_21),V(NODE1_38_22),V(NODE1_38_23),V(NODE1_38_24),V(NODE1_38_25),V(NODE1_38_26),V(NODE1_38_27),V(NODE1_38_28),V(NODE1_38_29),V(NODE1_38_30),V(NODE1_38_31),V(NODE1_38_32),V(NODE1_38_33),V(NODE1_38_34),V(NODE1_38_35),V(NODE1_38_36),V(NODE1_38_37),V(NODE1_38_38),V(NODE1_38_39),V(NODE1_38_40),V(NODE1_38_41),V(NODE1_38_42),V(NODE1_38_43),V(NODE1_38_44),V(NODE1_38_45),V(NODE1_38_46),V(NODE1_38_47),V(NODE1_38_48),V(NODE1_38_49),V(NODE1_38_50),V(NODE1_38_51),V(NODE1_38_52),V(NODE1_38_53),V(NODE1_38_54),V(NODE1_38_55),V(NODE1_38_56),V(NODE1_38_57),V(NODE1_38_58),V(NODE1_38_59),V(NODE1_38_60),V(NODE1_38_61),V(NODE1_38_62),V(NODE1_38_63),V(NODE1_38_64),V(NODE1_38_65),V(NODE1_38_66),V(NODE1_38_67),V(NODE1_38_68),V(NODE1_38_69),V(NODE1_38_70),V(NODE1_38_71),V(NODE1_38_72),V(NODE1_38_73),V(NODE1_38_74),V(NODE1_38_75),V(NODE1_38_76),V(NODE1_38_77),V(NODE1_38_78),V(NODE1_38_79),V(NODE1_38_80),V(NODE1_38_81),V(NODE1_38_82),V(NODE1_38_83),V(NODE1_38_84),V(NODE1_38_85),V(NODE1_38_86),V(NODE1_38_87),V(NODE1_38_88),V(NODE1_38_89),V(NODE1_38_90),V(NODE1_38_91),V(NODE1_38_92),V(NODE1_38_93),V(NODE1_38_94),V(NODE1_38_95),V(NODE1_38_96),V(NODE1_38_97),V(NODE1_38_98),V(NODE1_38_99),V(NODE1_39_0),V(NODE1_39_1),V(NODE1_39_2),V(NODE1_39_3),V(NODE1_39_4),V(NODE1_39_5),V(NODE1_39_6),V(NODE1_39_7),V(NODE1_39_8),V(NODE1_39_9),V(NODE1_39_10),V(NODE1_39_11),V(NODE1_39_12),V(NODE1_39_13),V(NODE1_39_14),V(NODE1_39_15),V(NODE1_39_16),V(NODE1_39_17),V(NODE1_39_18),V(NODE1_39_19),V(NODE1_39_20),V(NODE1_39_21),V(NODE1_39_22),V(NODE1_39_23),V(NODE1_39_24),V(NODE1_39_25),V(NODE1_39_26),V(NODE1_39_27),V(NODE1_39_28),V(NODE1_39_29),V(NODE1_39_30),V(NODE1_39_31),V(NODE1_39_32),V(NODE1_39_33),V(NODE1_39_34),V(NODE1_39_35),V(NODE1_39_36),V(NODE1_39_37),V(NODE1_39_38),V(NODE1_39_39),V(NODE1_39_40),V(NODE1_39_41),V(NODE1_39_42),V(NODE1_39_43),V(NODE1_39_44),V(NODE1_39_45),V(NODE1_39_46),V(NODE1_39_47),V(NODE1_39_48),V(NODE1_39_49),V(NODE1_39_50),V(NODE1_39_51),V(NODE1_39_52),V(NODE1_39_53),V(NODE1_39_54),V(NODE1_39_55),V(NODE1_39_56),V(NODE1_39_57),V(NODE1_39_58),V(NODE1_39_59),V(NODE1_39_60),V(NODE1_39_61),V(NODE1_39_62),V(NODE1_39_63),V(NODE1_39_64),V(NODE1_39_65),V(NODE1_39_66),V(NODE1_39_67),V(NODE1_39_68),V(NODE1_39_69),V(NODE1_39_70),V(NODE1_39_71),V(NODE1_39_72),V(NODE1_39_73),V(NODE1_39_74),V(NODE1_39_75),V(NODE1_39_76),V(NODE1_39_77),V(NODE1_39_78),V(NODE1_39_79),V(NODE1_39_80),V(NODE1_39_81),V(NODE1_39_82),V(NODE1_39_83),V(NODE1_39_84),V(NODE1_39_85),V(NODE1_39_86),V(NODE1_39_87),V(NODE1_39_88),V(NODE1_39_89),V(NODE1_39_90),V(NODE1_39_91),V(NODE1_39_92),V(NODE1_39_93),V(NODE1_39_94),V(NODE1_39_95),V(NODE1_39_96),V(NODE1_39_97),V(NODE1_39_98),V(NODE1_39_99),V(NODE1_40_0),V(NODE1_40_1),V(NODE1_40_2),V(NODE1_40_3),V(NODE1_40_4),V(NODE1_40_5),V(NODE1_40_6),V(NODE1_40_7),V(NODE1_40_8),V(NODE1_40_9),V(NODE1_40_10),V(NODE1_40_11),V(NODE1_40_12),V(NODE1_40_13),V(NODE1_40_14),V(NODE1_40_15),V(NODE1_40_16),V(NODE1_40_17),V(NODE1_40_18),V(NODE1_40_19),V(NODE1_40_20),V(NODE1_40_21),V(NODE1_40_22),V(NODE1_40_23),V(NODE1_40_24),V(NODE1_40_25),V(NODE1_40_26),V(NODE1_40_27),V(NODE1_40_28),V(NODE1_40_29),V(NODE1_40_30),V(NODE1_40_31),V(NODE1_40_32),V(NODE1_40_33),V(NODE1_40_34),V(NODE1_40_35),V(NODE1_40_36),V(NODE1_40_37),V(NODE1_40_38),V(NODE1_40_39),V(NODE1_40_40),V(NODE1_40_41),V(NODE1_40_42),V(NODE1_40_43),V(NODE1_40_44),V(NODE1_40_45),V(NODE1_40_46),V(NODE1_40_47),V(NODE1_40_48),V(NODE1_40_49),V(NODE1_40_50),V(NODE1_40_51),V(NODE1_40_52),V(NODE1_40_53),V(NODE1_40_54),V(NODE1_40_55),V(NODE1_40_56),V(NODE1_40_57),V(NODE1_40_58),V(NODE1_40_59),V(NODE1_40_60),V(NODE1_40_61),V(NODE1_40_62),V(NODE1_40_63),V(NODE1_40_64),V(NODE1_40_65),V(NODE1_40_66),V(NODE1_40_67),V(NODE1_40_68),V(NODE1_40_69),V(NODE1_40_70),V(NODE1_40_71),V(NODE1_40_72),V(NODE1_40_73),V(NODE1_40_74),V(NODE1_40_75),V(NODE1_40_76),V(NODE1_40_77),V(NODE1_40_78),V(NODE1_40_79),V(NODE1_40_80),V(NODE1_40_81),V(NODE1_40_82),V(NODE1_40_83),V(NODE1_40_84),V(NODE1_40_85),V(NODE1_40_86),V(NODE1_40_87),V(NODE1_40_88),V(NODE1_40_89),V(NODE1_40_90),V(NODE1_40_91),V(NODE1_40_92),V(NODE1_40_93),V(NODE1_40_94),V(NODE1_40_95),V(NODE1_40_96),V(NODE1_40_97),V(NODE1_40_98),V(NODE1_40_99),V(NODE1_41_0),V(NODE1_41_1),V(NODE1_41_2),V(NODE1_41_3),V(NODE1_41_4),V(NODE1_41_5),V(NODE1_41_6),V(NODE1_41_7),V(NODE1_41_8),V(NODE1_41_9),V(NODE1_41_10),V(NODE1_41_11),V(NODE1_41_12),V(NODE1_41_13),V(NODE1_41_14),V(NODE1_41_15),V(NODE1_41_16),V(NODE1_41_17),V(NODE1_41_18),V(NODE1_41_19),V(NODE1_41_20),V(NODE1_41_21),V(NODE1_41_22),V(NODE1_41_23),V(NODE1_41_24),V(NODE1_41_25),V(NODE1_41_26),V(NODE1_41_27),V(NODE1_41_28),V(NODE1_41_29),V(NODE1_41_30),V(NODE1_41_31),V(NODE1_41_32),V(NODE1_41_33),V(NODE1_41_34),V(NODE1_41_35),V(NODE1_41_36),V(NODE1_41_37),V(NODE1_41_38),V(NODE1_41_39),V(NODE1_41_40),V(NODE1_41_41),V(NODE1_41_42),V(NODE1_41_43),V(NODE1_41_44),V(NODE1_41_45),V(NODE1_41_46),V(NODE1_41_47),V(NODE1_41_48),V(NODE1_41_49),V(NODE1_41_50),V(NODE1_41_51),V(NODE1_41_52),V(NODE1_41_53),V(NODE1_41_54),V(NODE1_41_55),V(NODE1_41_56),V(NODE1_41_57),V(NODE1_41_58),V(NODE1_41_59),V(NODE1_41_60),V(NODE1_41_61),V(NODE1_41_62),V(NODE1_41_63),V(NODE1_41_64),V(NODE1_41_65),V(NODE1_41_66),V(NODE1_41_67),V(NODE1_41_68),V(NODE1_41_69),V(NODE1_41_70),V(NODE1_41_71),V(NODE1_41_72),V(NODE1_41_73),V(NODE1_41_74),V(NODE1_41_75),V(NODE1_41_76),V(NODE1_41_77),V(NODE1_41_78),V(NODE1_41_79),V(NODE1_41_80),V(NODE1_41_81),V(NODE1_41_82),V(NODE1_41_83),V(NODE1_41_84),V(NODE1_41_85),V(NODE1_41_86),V(NODE1_41_87),V(NODE1_41_88),V(NODE1_41_89),V(NODE1_41_90),V(NODE1_41_91),V(NODE1_41_92),V(NODE1_41_93),V(NODE1_41_94),V(NODE1_41_95),V(NODE1_41_96),V(NODE1_41_97),V(NODE1_41_98),V(NODE1_41_99),V(NODE1_42_0),V(NODE1_42_1),V(NODE1_42_2),V(NODE1_42_3),V(NODE1_42_4),V(NODE1_42_5),V(NODE1_42_6),V(NODE1_42_7),V(NODE1_42_8),V(NODE1_42_9),V(NODE1_42_10),V(NODE1_42_11),V(NODE1_42_12),V(NODE1_42_13),V(NODE1_42_14),V(NODE1_42_15),V(NODE1_42_16),V(NODE1_42_17),V(NODE1_42_18),V(NODE1_42_19),V(NODE1_42_20),V(NODE1_42_21),V(NODE1_42_22),V(NODE1_42_23),V(NODE1_42_24),V(NODE1_42_25),V(NODE1_42_26),V(NODE1_42_27),V(NODE1_42_28),V(NODE1_42_29),V(NODE1_42_30),V(NODE1_42_31),V(NODE1_42_32),V(NODE1_42_33),V(NODE1_42_34),V(NODE1_42_35),V(NODE1_42_36),V(NODE1_42_37),V(NODE1_42_38),V(NODE1_42_39),V(NODE1_42_40),V(NODE1_42_41),V(NODE1_42_42),V(NODE1_42_43),V(NODE1_42_44),V(NODE1_42_45),V(NODE1_42_46),V(NODE1_42_47),V(NODE1_42_48),V(NODE1_42_49),V(NODE1_42_50),V(NODE1_42_51),V(NODE1_42_52),V(NODE1_42_53),V(NODE1_42_54),V(NODE1_42_55),V(NODE1_42_56),V(NODE1_42_57),V(NODE1_42_58),V(NODE1_42_59),V(NODE1_42_60),V(NODE1_42_61),V(NODE1_42_62),V(NODE1_42_63),V(NODE1_42_64),V(NODE1_42_65),V(NODE1_42_66),V(NODE1_42_67),V(NODE1_42_68),V(NODE1_42_69),V(NODE1_42_70),V(NODE1_42_71),V(NODE1_42_72),V(NODE1_42_73),V(NODE1_42_74),V(NODE1_42_75),V(NODE1_42_76),V(NODE1_42_77),V(NODE1_42_78),V(NODE1_42_79),V(NODE1_42_80),V(NODE1_42_81),V(NODE1_42_82),V(NODE1_42_83),V(NODE1_42_84),V(NODE1_42_85),V(NODE1_42_86),V(NODE1_42_87),V(NODE1_42_88),V(NODE1_42_89),V(NODE1_42_90),V(NODE1_42_91),V(NODE1_42_92),V(NODE1_42_93),V(NODE1_42_94),V(NODE1_42_95),V(NODE1_42_96),V(NODE1_42_97),V(NODE1_42_98),V(NODE1_42_99),V(NODE1_43_0),V(NODE1_43_1),V(NODE1_43_2),V(NODE1_43_3),V(NODE1_43_4),V(NODE1_43_5),V(NODE1_43_6),V(NODE1_43_7),V(NODE1_43_8),V(NODE1_43_9),V(NODE1_43_10),V(NODE1_43_11),V(NODE1_43_12),V(NODE1_43_13),V(NODE1_43_14),V(NODE1_43_15),V(NODE1_43_16),V(NODE1_43_17),V(NODE1_43_18),V(NODE1_43_19),V(NODE1_43_20),V(NODE1_43_21),V(NODE1_43_22),V(NODE1_43_23),V(NODE1_43_24),V(NODE1_43_25),V(NODE1_43_26),V(NODE1_43_27),V(NODE1_43_28),V(NODE1_43_29),V(NODE1_43_30),V(NODE1_43_31),V(NODE1_43_32),V(NODE1_43_33),V(NODE1_43_34),V(NODE1_43_35),V(NODE1_43_36),V(NODE1_43_37),V(NODE1_43_38),V(NODE1_43_39),V(NODE1_43_40),V(NODE1_43_41),V(NODE1_43_42),V(NODE1_43_43),V(NODE1_43_44),V(NODE1_43_45),V(NODE1_43_46),V(NODE1_43_47),V(NODE1_43_48),V(NODE1_43_49),V(NODE1_43_50),V(NODE1_43_51),V(NODE1_43_52),V(NODE1_43_53),V(NODE1_43_54),V(NODE1_43_55),V(NODE1_43_56),V(NODE1_43_57),V(NODE1_43_58),V(NODE1_43_59),V(NODE1_43_60),V(NODE1_43_61),V(NODE1_43_62),V(NODE1_43_63),V(NODE1_43_64),V(NODE1_43_65),V(NODE1_43_66),V(NODE1_43_67),V(NODE1_43_68),V(NODE1_43_69),V(NODE1_43_70),V(NODE1_43_71),V(NODE1_43_72),V(NODE1_43_73),V(NODE1_43_74),V(NODE1_43_75),V(NODE1_43_76),V(NODE1_43_77),V(NODE1_43_78),V(NODE1_43_79),V(NODE1_43_80),V(NODE1_43_81),V(NODE1_43_82),V(NODE1_43_83),V(NODE1_43_84),V(NODE1_43_85),V(NODE1_43_86),V(NODE1_43_87),V(NODE1_43_88),V(NODE1_43_89),V(NODE1_43_90),V(NODE1_43_91),V(NODE1_43_92),V(NODE1_43_93),V(NODE1_43_94),V(NODE1_43_95),V(NODE1_43_96),V(NODE1_43_97),V(NODE1_43_98),V(NODE1_43_99),V(NODE1_44_0),V(NODE1_44_1),V(NODE1_44_2),V(NODE1_44_3),V(NODE1_44_4),V(NODE1_44_5),V(NODE1_44_6),V(NODE1_44_7),V(NODE1_44_8),V(NODE1_44_9),V(NODE1_44_10),V(NODE1_44_11),V(NODE1_44_12),V(NODE1_44_13),V(NODE1_44_14),V(NODE1_44_15),V(NODE1_44_16),V(NODE1_44_17),V(NODE1_44_18),V(NODE1_44_19),V(NODE1_44_20),V(NODE1_44_21),V(NODE1_44_22),V(NODE1_44_23),V(NODE1_44_24),V(NODE1_44_25),V(NODE1_44_26),V(NODE1_44_27),V(NODE1_44_28),V(NODE1_44_29),V(NODE1_44_30),V(NODE1_44_31),V(NODE1_44_32),V(NODE1_44_33),V(NODE1_44_34),V(NODE1_44_35),V(NODE1_44_36),V(NODE1_44_37),V(NODE1_44_38),V(NODE1_44_39),V(NODE1_44_40),V(NODE1_44_41),V(NODE1_44_42),V(NODE1_44_43),V(NODE1_44_44),V(NODE1_44_45),V(NODE1_44_46),V(NODE1_44_47),V(NODE1_44_48),V(NODE1_44_49),V(NODE1_44_50),V(NODE1_44_51),V(NODE1_44_52),V(NODE1_44_53),V(NODE1_44_54),V(NODE1_44_55),V(NODE1_44_56),V(NODE1_44_57),V(NODE1_44_58),V(NODE1_44_59),V(NODE1_44_60),V(NODE1_44_61),V(NODE1_44_62),V(NODE1_44_63),V(NODE1_44_64),V(NODE1_44_65),V(NODE1_44_66),V(NODE1_44_67),V(NODE1_44_68),V(NODE1_44_69),V(NODE1_44_70),V(NODE1_44_71),V(NODE1_44_72),V(NODE1_44_73),V(NODE1_44_74),V(NODE1_44_75),V(NODE1_44_76),V(NODE1_44_77),V(NODE1_44_78),V(NODE1_44_79),V(NODE1_44_80),V(NODE1_44_81),V(NODE1_44_82),V(NODE1_44_83),V(NODE1_44_84),V(NODE1_44_85),V(NODE1_44_86),V(NODE1_44_87),V(NODE1_44_88),V(NODE1_44_89),V(NODE1_44_90),V(NODE1_44_91),V(NODE1_44_92),V(NODE1_44_93),V(NODE1_44_94),V(NODE1_44_95),V(NODE1_44_96),V(NODE1_44_97),V(NODE1_44_98),V(NODE1_44_99),V(NODE1_45_0),V(NODE1_45_1),V(NODE1_45_2),V(NODE1_45_3),V(NODE1_45_4),V(NODE1_45_5),V(NODE1_45_6),V(NODE1_45_7),V(NODE1_45_8),V(NODE1_45_9),V(NODE1_45_10),V(NODE1_45_11),V(NODE1_45_12),V(NODE1_45_13),V(NODE1_45_14),V(NODE1_45_15),V(NODE1_45_16),V(NODE1_45_17),V(NODE1_45_18),V(NODE1_45_19),V(NODE1_45_20),V(NODE1_45_21),V(NODE1_45_22),V(NODE1_45_23),V(NODE1_45_24),V(NODE1_45_25),V(NODE1_45_26),V(NODE1_45_27),V(NODE1_45_28),V(NODE1_45_29),V(NODE1_45_30),V(NODE1_45_31),V(NODE1_45_32),V(NODE1_45_33),V(NODE1_45_34),V(NODE1_45_35),V(NODE1_45_36),V(NODE1_45_37),V(NODE1_45_38),V(NODE1_45_39),V(NODE1_45_40),V(NODE1_45_41),V(NODE1_45_42),V(NODE1_45_43),V(NODE1_45_44),V(NODE1_45_45),V(NODE1_45_46),V(NODE1_45_47),V(NODE1_45_48),V(NODE1_45_49),V(NODE1_45_50),V(NODE1_45_51),V(NODE1_45_52),V(NODE1_45_53),V(NODE1_45_54),V(NODE1_45_55),V(NODE1_45_56),V(NODE1_45_57),V(NODE1_45_58),V(NODE1_45_59),V(NODE1_45_60),V(NODE1_45_61),V(NODE1_45_62),V(NODE1_45_63),V(NODE1_45_64),V(NODE1_45_65),V(NODE1_45_66),V(NODE1_45_67),V(NODE1_45_68),V(NODE1_45_69),V(NODE1_45_70),V(NODE1_45_71),V(NODE1_45_72),V(NODE1_45_73),V(NODE1_45_74),V(NODE1_45_75),V(NODE1_45_76),V(NODE1_45_77),V(NODE1_45_78),V(NODE1_45_79),V(NODE1_45_80),V(NODE1_45_81),V(NODE1_45_82),V(NODE1_45_83),V(NODE1_45_84),V(NODE1_45_85),V(NODE1_45_86),V(NODE1_45_87),V(NODE1_45_88),V(NODE1_45_89),V(NODE1_45_90),V(NODE1_45_91),V(NODE1_45_92),V(NODE1_45_93),V(NODE1_45_94),V(NODE1_45_95),V(NODE1_45_96),V(NODE1_45_97),V(NODE1_45_98),V(NODE1_45_99),V(NODE1_46_0),V(NODE1_46_1),V(NODE1_46_2),V(NODE1_46_3),V(NODE1_46_4),V(NODE1_46_5),V(NODE1_46_6),V(NODE1_46_7),V(NODE1_46_8),V(NODE1_46_9),V(NODE1_46_10),V(NODE1_46_11),V(NODE1_46_12),V(NODE1_46_13),V(NODE1_46_14),V(NODE1_46_15),V(NODE1_46_16),V(NODE1_46_17),V(NODE1_46_18),V(NODE1_46_19),V(NODE1_46_20),V(NODE1_46_21),V(NODE1_46_22),V(NODE1_46_23),V(NODE1_46_24),V(NODE1_46_25),V(NODE1_46_26),V(NODE1_46_27),V(NODE1_46_28),V(NODE1_46_29),V(NODE1_46_30),V(NODE1_46_31),V(NODE1_46_32),V(NODE1_46_33),V(NODE1_46_34),V(NODE1_46_35),V(NODE1_46_36),V(NODE1_46_37),V(NODE1_46_38),V(NODE1_46_39),V(NODE1_46_40),V(NODE1_46_41),V(NODE1_46_42),V(NODE1_46_43),V(NODE1_46_44),V(NODE1_46_45),V(NODE1_46_46),V(NODE1_46_47),V(NODE1_46_48),V(NODE1_46_49),V(NODE1_46_50),V(NODE1_46_51),V(NODE1_46_52),V(NODE1_46_53),V(NODE1_46_54),V(NODE1_46_55),V(NODE1_46_56),V(NODE1_46_57),V(NODE1_46_58),V(NODE1_46_59),V(NODE1_46_60),V(NODE1_46_61),V(NODE1_46_62),V(NODE1_46_63),V(NODE1_46_64),V(NODE1_46_65),V(NODE1_46_66),V(NODE1_46_67),V(NODE1_46_68),V(NODE1_46_69),V(NODE1_46_70),V(NODE1_46_71),V(NODE1_46_72),V(NODE1_46_73),V(NODE1_46_74),V(NODE1_46_75),V(NODE1_46_76),V(NODE1_46_77),V(NODE1_46_78),V(NODE1_46_79),V(NODE1_46_80),V(NODE1_46_81),V(NODE1_46_82),V(NODE1_46_83),V(NODE1_46_84),V(NODE1_46_85),V(NODE1_46_86),V(NODE1_46_87),V(NODE1_46_88),V(NODE1_46_89),V(NODE1_46_90),V(NODE1_46_91),V(NODE1_46_92),V(NODE1_46_93),V(NODE1_46_94),V(NODE1_46_95),V(NODE1_46_96),V(NODE1_46_97),V(NODE1_46_98),V(NODE1_46_99),V(NODE1_47_0),V(NODE1_47_1),V(NODE1_47_2),V(NODE1_47_3),V(NODE1_47_4),V(NODE1_47_5),V(NODE1_47_6),V(NODE1_47_7),V(NODE1_47_8),V(NODE1_47_9),V(NODE1_47_10),V(NODE1_47_11),V(NODE1_47_12),V(NODE1_47_13),V(NODE1_47_14),V(NODE1_47_15),V(NODE1_47_16),V(NODE1_47_17),V(NODE1_47_18),V(NODE1_47_19),V(NODE1_47_20),V(NODE1_47_21),V(NODE1_47_22),V(NODE1_47_23),V(NODE1_47_24),V(NODE1_47_25),V(NODE1_47_26),V(NODE1_47_27),V(NODE1_47_28),V(NODE1_47_29),V(NODE1_47_30),V(NODE1_47_31),V(NODE1_47_32),V(NODE1_47_33),V(NODE1_47_34),V(NODE1_47_35),V(NODE1_47_36),V(NODE1_47_37),V(NODE1_47_38),V(NODE1_47_39),V(NODE1_47_40),V(NODE1_47_41),V(NODE1_47_42),V(NODE1_47_43),V(NODE1_47_44),V(NODE1_47_45),V(NODE1_47_46),V(NODE1_47_47),V(NODE1_47_48),V(NODE1_47_49),V(NODE1_47_50),V(NODE1_47_51),V(NODE1_47_52),V(NODE1_47_53),V(NODE1_47_54),V(NODE1_47_55),V(NODE1_47_56),V(NODE1_47_57),V(NODE1_47_58),V(NODE1_47_59),V(NODE1_47_60),V(NODE1_47_61),V(NODE1_47_62),V(NODE1_47_63),V(NODE1_47_64),V(NODE1_47_65),V(NODE1_47_66),V(NODE1_47_67),V(NODE1_47_68),V(NODE1_47_69),V(NODE1_47_70),V(NODE1_47_71),V(NODE1_47_72),V(NODE1_47_73),V(NODE1_47_74),V(NODE1_47_75),V(NODE1_47_76),V(NODE1_47_77),V(NODE1_47_78),V(NODE1_47_79),V(NODE1_47_80),V(NODE1_47_81),V(NODE1_47_82),V(NODE1_47_83),V(NODE1_47_84),V(NODE1_47_85),V(NODE1_47_86),V(NODE1_47_87),V(NODE1_47_88),V(NODE1_47_89),V(NODE1_47_90),V(NODE1_47_91),V(NODE1_47_92),V(NODE1_47_93),V(NODE1_47_94),V(NODE1_47_95),V(NODE1_47_96),V(NODE1_47_97),V(NODE1_47_98),V(NODE1_47_99),V(NODE1_48_0),V(NODE1_48_1),V(NODE1_48_2),V(NODE1_48_3),V(NODE1_48_4),V(NODE1_48_5),V(NODE1_48_6),V(NODE1_48_7),V(NODE1_48_8),V(NODE1_48_9),V(NODE1_48_10),V(NODE1_48_11),V(NODE1_48_12),V(NODE1_48_13),V(NODE1_48_14),V(NODE1_48_15),V(NODE1_48_16),V(NODE1_48_17),V(NODE1_48_18),V(NODE1_48_19),V(NODE1_48_20),V(NODE1_48_21),V(NODE1_48_22),V(NODE1_48_23),V(NODE1_48_24),V(NODE1_48_25),V(NODE1_48_26),V(NODE1_48_27),V(NODE1_48_28),V(NODE1_48_29),V(NODE1_48_30),V(NODE1_48_31),V(NODE1_48_32),V(NODE1_48_33),V(NODE1_48_34),V(NODE1_48_35),V(NODE1_48_36),V(NODE1_48_37),V(NODE1_48_38),V(NODE1_48_39),V(NODE1_48_40),V(NODE1_48_41),V(NODE1_48_42),V(NODE1_48_43),V(NODE1_48_44),V(NODE1_48_45),V(NODE1_48_46),V(NODE1_48_47),V(NODE1_48_48),V(NODE1_48_49),V(NODE1_48_50),V(NODE1_48_51),V(NODE1_48_52),V(NODE1_48_53),V(NODE1_48_54),V(NODE1_48_55),V(NODE1_48_56),V(NODE1_48_57),V(NODE1_48_58),V(NODE1_48_59),V(NODE1_48_60),V(NODE1_48_61),V(NODE1_48_62),V(NODE1_48_63),V(NODE1_48_64),V(NODE1_48_65),V(NODE1_48_66),V(NODE1_48_67),V(NODE1_48_68),V(NODE1_48_69),V(NODE1_48_70),V(NODE1_48_71),V(NODE1_48_72),V(NODE1_48_73),V(NODE1_48_74),V(NODE1_48_75),V(NODE1_48_76),V(NODE1_48_77),V(NODE1_48_78),V(NODE1_48_79),V(NODE1_48_80),V(NODE1_48_81),V(NODE1_48_82),V(NODE1_48_83),V(NODE1_48_84),V(NODE1_48_85),V(NODE1_48_86),V(NODE1_48_87),V(NODE1_48_88),V(NODE1_48_89),V(NODE1_48_90),V(NODE1_48_91),V(NODE1_48_92),V(NODE1_48_93),V(NODE1_48_94),V(NODE1_48_95),V(NODE1_48_96),V(NODE1_48_97),V(NODE1_48_98),V(NODE1_48_99),V(NODE1_49_0),V(NODE1_49_1),V(NODE1_49_2),V(NODE1_49_3),V(NODE1_49_4),V(NODE1_49_5),V(NODE1_49_6),V(NODE1_49_7),V(NODE1_49_8),V(NODE1_49_9),V(NODE1_49_10),V(NODE1_49_11),V(NODE1_49_12),V(NODE1_49_13),V(NODE1_49_14),V(NODE1_49_15),V(NODE1_49_16),V(NODE1_49_17),V(NODE1_49_18),V(NODE1_49_19),V(NODE1_49_20),V(NODE1_49_21),V(NODE1_49_22),V(NODE1_49_23),V(NODE1_49_24),V(NODE1_49_25),V(NODE1_49_26),V(NODE1_49_27),V(NODE1_49_28),V(NODE1_49_29),V(NODE1_49_30),V(NODE1_49_31),V(NODE1_49_32),V(NODE1_49_33),V(NODE1_49_34),V(NODE1_49_35),V(NODE1_49_36),V(NODE1_49_37),V(NODE1_49_38),V(NODE1_49_39),V(NODE1_49_40),V(NODE1_49_41),V(NODE1_49_42),V(NODE1_49_43),V(NODE1_49_44),V(NODE1_49_45),V(NODE1_49_46),V(NODE1_49_47),V(NODE1_49_48),V(NODE1_49_49),V(NODE1_49_50),V(NODE1_49_51),V(NODE1_49_52),V(NODE1_49_53),V(NODE1_49_54),V(NODE1_49_55),V(NODE1_49_56),V(NODE1_49_57),V(NODE1_49_58),V(NODE1_49_59),V(NODE1_49_60),V(NODE1_49_61),V(NODE1_49_62),V(NODE1_49_63),V(NODE1_49_64),V(NODE1_49_65),V(NODE1_49_66),V(NODE1_49_67),V(NODE1_49_68),V(NODE1_49_69),V(NODE1_49_70),V(NODE1_49_71),V(NODE1_49_72),V(NODE1_49_73),V(NODE1_49_74),V(NODE1_49_75),V(NODE1_49_76),V(NODE1_49_77),V(NODE1_49_78),V(NODE1_49_79),V(NODE1_49_80),V(NODE1_49_81),V(NODE1_49_82),V(NODE1_49_83),V(NODE1_49_84),V(NODE1_49_85),V(NODE1_49_86),V(NODE1_49_87),V(NODE1_49_88),V(NODE1_49_89),V(NODE1_49_90),V(NODE1_49_91),V(NODE1_49_92),V(NODE1_49_93),V(NODE1_49_94),V(NODE1_49_95),V(NODE1_49_96),V(NODE1_49_97),V(NODE1_49_98),V(NODE1_49_99),V(NODE1_50_0),V(NODE1_50_1),V(NODE1_50_2),V(NODE1_50_3),V(NODE1_50_4),V(NODE1_50_5),V(NODE1_50_6),V(NODE1_50_7),V(NODE1_50_8),V(NODE1_50_9),V(NODE1_50_10),V(NODE1_50_11),V(NODE1_50_12),V(NODE1_50_13),V(NODE1_50_14),V(NODE1_50_15),V(NODE1_50_16),V(NODE1_50_17),V(NODE1_50_18),V(NODE1_50_19),V(NODE1_50_20),V(NODE1_50_21),V(NODE1_50_22),V(NODE1_50_23),V(NODE1_50_24),V(NODE1_50_25),V(NODE1_50_26),V(NODE1_50_27),V(NODE1_50_28),V(NODE1_50_29),V(NODE1_50_30),V(NODE1_50_31),V(NODE1_50_32),V(NODE1_50_33),V(NODE1_50_34),V(NODE1_50_35),V(NODE1_50_36),V(NODE1_50_37),V(NODE1_50_38),V(NODE1_50_39),V(NODE1_50_40),V(NODE1_50_41),V(NODE1_50_42),V(NODE1_50_43),V(NODE1_50_44),V(NODE1_50_45),V(NODE1_50_46),V(NODE1_50_47),V(NODE1_50_48),V(NODE1_50_49),V(NODE1_50_50),V(NODE1_50_51),V(NODE1_50_52),V(NODE1_50_53),V(NODE1_50_54),V(NODE1_50_55),V(NODE1_50_56),V(NODE1_50_57),V(NODE1_50_58),V(NODE1_50_59),V(NODE1_50_60),V(NODE1_50_61),V(NODE1_50_62),V(NODE1_50_63),V(NODE1_50_64),V(NODE1_50_65),V(NODE1_50_66),V(NODE1_50_67),V(NODE1_50_68),V(NODE1_50_69),V(NODE1_50_70),V(NODE1_50_71),V(NODE1_50_72),V(NODE1_50_73),V(NODE1_50_74),V(NODE1_50_75),V(NODE1_50_76),V(NODE1_50_77),V(NODE1_50_78),V(NODE1_50_79),V(NODE1_50_80),V(NODE1_50_81),V(NODE1_50_82),V(NODE1_50_83),V(NODE1_50_84),V(NODE1_50_85),V(NODE1_50_86),V(NODE1_50_87),V(NODE1_50_88),V(NODE1_50_89),V(NODE1_50_90),V(NODE1_50_91),V(NODE1_50_92),V(NODE1_50_93),V(NODE1_50_94),V(NODE1_50_95),V(NODE1_50_96),V(NODE1_50_97),V(NODE1_50_98),V(NODE1_50_99),V(NODE1_51_0),V(NODE1_51_1),V(NODE1_51_2),V(NODE1_51_3),V(NODE1_51_4),V(NODE1_51_5),V(NODE1_51_6),V(NODE1_51_7),V(NODE1_51_8),V(NODE1_51_9),V(NODE1_51_10),V(NODE1_51_11),V(NODE1_51_12),V(NODE1_51_13),V(NODE1_51_14),V(NODE1_51_15),V(NODE1_51_16),V(NODE1_51_17),V(NODE1_51_18),V(NODE1_51_19),V(NODE1_51_20),V(NODE1_51_21),V(NODE1_51_22),V(NODE1_51_23),V(NODE1_51_24),V(NODE1_51_25),V(NODE1_51_26),V(NODE1_51_27),V(NODE1_51_28),V(NODE1_51_29),V(NODE1_51_30),V(NODE1_51_31),V(NODE1_51_32),V(NODE1_51_33),V(NODE1_51_34),V(NODE1_51_35),V(NODE1_51_36),V(NODE1_51_37),V(NODE1_51_38),V(NODE1_51_39),V(NODE1_51_40),V(NODE1_51_41),V(NODE1_51_42),V(NODE1_51_43),V(NODE1_51_44),V(NODE1_51_45),V(NODE1_51_46),V(NODE1_51_47),V(NODE1_51_48),V(NODE1_51_49),V(NODE1_51_50),V(NODE1_51_51),V(NODE1_51_52),V(NODE1_51_53),V(NODE1_51_54),V(NODE1_51_55),V(NODE1_51_56),V(NODE1_51_57),V(NODE1_51_58),V(NODE1_51_59),V(NODE1_51_60),V(NODE1_51_61),V(NODE1_51_62),V(NODE1_51_63),V(NODE1_51_64),V(NODE1_51_65),V(NODE1_51_66),V(NODE1_51_67),V(NODE1_51_68),V(NODE1_51_69),V(NODE1_51_70),V(NODE1_51_71),V(NODE1_51_72),V(NODE1_51_73),V(NODE1_51_74),V(NODE1_51_75),V(NODE1_51_76),V(NODE1_51_77),V(NODE1_51_78),V(NODE1_51_79),V(NODE1_51_80),V(NODE1_51_81),V(NODE1_51_82),V(NODE1_51_83),V(NODE1_51_84),V(NODE1_51_85),V(NODE1_51_86),V(NODE1_51_87),V(NODE1_51_88),V(NODE1_51_89),V(NODE1_51_90),V(NODE1_51_91),V(NODE1_51_92),V(NODE1_51_93),V(NODE1_51_94),V(NODE1_51_95),V(NODE1_51_96),V(NODE1_51_97),V(NODE1_51_98),V(NODE1_51_99),V(NODE1_52_0),V(NODE1_52_1),V(NODE1_52_2),V(NODE1_52_3),V(NODE1_52_4),V(NODE1_52_5),V(NODE1_52_6),V(NODE1_52_7),V(NODE1_52_8),V(NODE1_52_9),V(NODE1_52_10),V(NODE1_52_11),V(NODE1_52_12),V(NODE1_52_13),V(NODE1_52_14),V(NODE1_52_15),V(NODE1_52_16),V(NODE1_52_17),V(NODE1_52_18),V(NODE1_52_19),V(NODE1_52_20),V(NODE1_52_21),V(NODE1_52_22),V(NODE1_52_23),V(NODE1_52_24),V(NODE1_52_25),V(NODE1_52_26),V(NODE1_52_27),V(NODE1_52_28),V(NODE1_52_29),V(NODE1_52_30),V(NODE1_52_31),V(NODE1_52_32),V(NODE1_52_33),V(NODE1_52_34),V(NODE1_52_35),V(NODE1_52_36),V(NODE1_52_37),V(NODE1_52_38),V(NODE1_52_39),V(NODE1_52_40),V(NODE1_52_41),V(NODE1_52_42),V(NODE1_52_43),V(NODE1_52_44),V(NODE1_52_45),V(NODE1_52_46),V(NODE1_52_47),V(NODE1_52_48),V(NODE1_52_49),V(NODE1_52_50),V(NODE1_52_51),V(NODE1_52_52),V(NODE1_52_53),V(NODE1_52_54),V(NODE1_52_55),V(NODE1_52_56),V(NODE1_52_57),V(NODE1_52_58),V(NODE1_52_59),V(NODE1_52_60),V(NODE1_52_61),V(NODE1_52_62),V(NODE1_52_63),V(NODE1_52_64),V(NODE1_52_65),V(NODE1_52_66),V(NODE1_52_67),V(NODE1_52_68),V(NODE1_52_69),V(NODE1_52_70),V(NODE1_52_71),V(NODE1_52_72),V(NODE1_52_73),V(NODE1_52_74),V(NODE1_52_75),V(NODE1_52_76),V(NODE1_52_77),V(NODE1_52_78),V(NODE1_52_79),V(NODE1_52_80),V(NODE1_52_81),V(NODE1_52_82),V(NODE1_52_83),V(NODE1_52_84),V(NODE1_52_85),V(NODE1_52_86),V(NODE1_52_87),V(NODE1_52_88),V(NODE1_52_89),V(NODE1_52_90),V(NODE1_52_91),V(NODE1_52_92),V(NODE1_52_93),V(NODE1_52_94),V(NODE1_52_95),V(NODE1_52_96),V(NODE1_52_97),V(NODE1_52_98),V(NODE1_52_99),V(NODE1_53_0),V(NODE1_53_1),V(NODE1_53_2),V(NODE1_53_3),V(NODE1_53_4),V(NODE1_53_5),V(NODE1_53_6),V(NODE1_53_7),V(NODE1_53_8),V(NODE1_53_9),V(NODE1_53_10),V(NODE1_53_11),V(NODE1_53_12),V(NODE1_53_13),V(NODE1_53_14),V(NODE1_53_15),V(NODE1_53_16),V(NODE1_53_17),V(NODE1_53_18),V(NODE1_53_19),V(NODE1_53_20),V(NODE1_53_21),V(NODE1_53_22),V(NODE1_53_23),V(NODE1_53_24),V(NODE1_53_25),V(NODE1_53_26),V(NODE1_53_27),V(NODE1_53_28),V(NODE1_53_29),V(NODE1_53_30),V(NODE1_53_31),V(NODE1_53_32),V(NODE1_53_33),V(NODE1_53_34),V(NODE1_53_35),V(NODE1_53_36),V(NODE1_53_37),V(NODE1_53_38),V(NODE1_53_39),V(NODE1_53_40),V(NODE1_53_41),V(NODE1_53_42),V(NODE1_53_43),V(NODE1_53_44),V(NODE1_53_45),V(NODE1_53_46),V(NODE1_53_47),V(NODE1_53_48),V(NODE1_53_49),V(NODE1_53_50),V(NODE1_53_51),V(NODE1_53_52),V(NODE1_53_53),V(NODE1_53_54),V(NODE1_53_55),V(NODE1_53_56),V(NODE1_53_57),V(NODE1_53_58),V(NODE1_53_59),V(NODE1_53_60),V(NODE1_53_61),V(NODE1_53_62),V(NODE1_53_63),V(NODE1_53_64),V(NODE1_53_65),V(NODE1_53_66),V(NODE1_53_67),V(NODE1_53_68),V(NODE1_53_69),V(NODE1_53_70),V(NODE1_53_71),V(NODE1_53_72),V(NODE1_53_73),V(NODE1_53_74),V(NODE1_53_75),V(NODE1_53_76),V(NODE1_53_77),V(NODE1_53_78),V(NODE1_53_79),V(NODE1_53_80),V(NODE1_53_81),V(NODE1_53_82),V(NODE1_53_83),V(NODE1_53_84),V(NODE1_53_85),V(NODE1_53_86),V(NODE1_53_87),V(NODE1_53_88),V(NODE1_53_89),V(NODE1_53_90),V(NODE1_53_91),V(NODE1_53_92),V(NODE1_53_93),V(NODE1_53_94),V(NODE1_53_95),V(NODE1_53_96),V(NODE1_53_97),V(NODE1_53_98),V(NODE1_53_99),V(NODE1_54_0),V(NODE1_54_1),V(NODE1_54_2),V(NODE1_54_3),V(NODE1_54_4),V(NODE1_54_5),V(NODE1_54_6),V(NODE1_54_7),V(NODE1_54_8),V(NODE1_54_9),V(NODE1_54_10),V(NODE1_54_11),V(NODE1_54_12),V(NODE1_54_13),V(NODE1_54_14),V(NODE1_54_15),V(NODE1_54_16),V(NODE1_54_17),V(NODE1_54_18),V(NODE1_54_19),V(NODE1_54_20),V(NODE1_54_21),V(NODE1_54_22),V(NODE1_54_23),V(NODE1_54_24),V(NODE1_54_25),V(NODE1_54_26),V(NODE1_54_27),V(NODE1_54_28),V(NODE1_54_29),V(NODE1_54_30),V(NODE1_54_31),V(NODE1_54_32),V(NODE1_54_33),V(NODE1_54_34),V(NODE1_54_35),V(NODE1_54_36),V(NODE1_54_37),V(NODE1_54_38),V(NODE1_54_39),V(NODE1_54_40),V(NODE1_54_41),V(NODE1_54_42),V(NODE1_54_43),V(NODE1_54_44),V(NODE1_54_45),V(NODE1_54_46),V(NODE1_54_47),V(NODE1_54_48),V(NODE1_54_49),V(NODE1_54_50),V(NODE1_54_51),V(NODE1_54_52),V(NODE1_54_53),V(NODE1_54_54),V(NODE1_54_55),V(NODE1_54_56),V(NODE1_54_57),V(NODE1_54_58),V(NODE1_54_59),V(NODE1_54_60),V(NODE1_54_61),V(NODE1_54_62),V(NODE1_54_63),V(NODE1_54_64),V(NODE1_54_65),V(NODE1_54_66),V(NODE1_54_67),V(NODE1_54_68),V(NODE1_54_69),V(NODE1_54_70),V(NODE1_54_71),V(NODE1_54_72),V(NODE1_54_73),V(NODE1_54_74),V(NODE1_54_75),V(NODE1_54_76),V(NODE1_54_77),V(NODE1_54_78),V(NODE1_54_79),V(NODE1_54_80),V(NODE1_54_81),V(NODE1_54_82),V(NODE1_54_83),V(NODE1_54_84),V(NODE1_54_85),V(NODE1_54_86),V(NODE1_54_87),V(NODE1_54_88),V(NODE1_54_89),V(NODE1_54_90),V(NODE1_54_91),V(NODE1_54_92),V(NODE1_54_93),V(NODE1_54_94),V(NODE1_54_95),V(NODE1_54_96),V(NODE1_54_97),V(NODE1_54_98),V(NODE1_54_99),V(NODE1_55_0),V(NODE1_55_1),V(NODE1_55_2),V(NODE1_55_3),V(NODE1_55_4),V(NODE1_55_5),V(NODE1_55_6),V(NODE1_55_7),V(NODE1_55_8),V(NODE1_55_9),V(NODE1_55_10),V(NODE1_55_11),V(NODE1_55_12),V(NODE1_55_13),V(NODE1_55_14),V(NODE1_55_15),V(NODE1_55_16),V(NODE1_55_17),V(NODE1_55_18),V(NODE1_55_19),V(NODE1_55_20),V(NODE1_55_21),V(NODE1_55_22),V(NODE1_55_23),V(NODE1_55_24),V(NODE1_55_25),V(NODE1_55_26),V(NODE1_55_27),V(NODE1_55_28),V(NODE1_55_29),V(NODE1_55_30),V(NODE1_55_31),V(NODE1_55_32),V(NODE1_55_33),V(NODE1_55_34),V(NODE1_55_35),V(NODE1_55_36),V(NODE1_55_37),V(NODE1_55_38),V(NODE1_55_39),V(NODE1_55_40),V(NODE1_55_41),V(NODE1_55_42),V(NODE1_55_43),V(NODE1_55_44),V(NODE1_55_45),V(NODE1_55_46),V(NODE1_55_47),V(NODE1_55_48),V(NODE1_55_49),V(NODE1_55_50),V(NODE1_55_51),V(NODE1_55_52),V(NODE1_55_53),V(NODE1_55_54),V(NODE1_55_55),V(NODE1_55_56),V(NODE1_55_57),V(NODE1_55_58),V(NODE1_55_59),V(NODE1_55_60),V(NODE1_55_61),V(NODE1_55_62),V(NODE1_55_63),V(NODE1_55_64),V(NODE1_55_65),V(NODE1_55_66),V(NODE1_55_67),V(NODE1_55_68),V(NODE1_55_69),V(NODE1_55_70),V(NODE1_55_71),V(NODE1_55_72),V(NODE1_55_73),V(NODE1_55_74),V(NODE1_55_75),V(NODE1_55_76),V(NODE1_55_77),V(NODE1_55_78),V(NODE1_55_79),V(NODE1_55_80),V(NODE1_55_81),V(NODE1_55_82),V(NODE1_55_83),V(NODE1_55_84),V(NODE1_55_85),V(NODE1_55_86),V(NODE1_55_87),V(NODE1_55_88),V(NODE1_55_89),V(NODE1_55_90),V(NODE1_55_91),V(NODE1_55_92),V(NODE1_55_93),V(NODE1_55_94),V(NODE1_55_95),V(NODE1_55_96),V(NODE1_55_97),V(NODE1_55_98),V(NODE1_55_99),V(NODE1_56_0),V(NODE1_56_1),V(NODE1_56_2),V(NODE1_56_3),V(NODE1_56_4),V(NODE1_56_5),V(NODE1_56_6),V(NODE1_56_7),V(NODE1_56_8),V(NODE1_56_9),V(NODE1_56_10),V(NODE1_56_11),V(NODE1_56_12),V(NODE1_56_13),V(NODE1_56_14),V(NODE1_56_15),V(NODE1_56_16),V(NODE1_56_17),V(NODE1_56_18),V(NODE1_56_19),V(NODE1_56_20),V(NODE1_56_21),V(NODE1_56_22),V(NODE1_56_23),V(NODE1_56_24),V(NODE1_56_25),V(NODE1_56_26),V(NODE1_56_27),V(NODE1_56_28),V(NODE1_56_29),V(NODE1_56_30),V(NODE1_56_31),V(NODE1_56_32),V(NODE1_56_33),V(NODE1_56_34),V(NODE1_56_35),V(NODE1_56_36),V(NODE1_56_37),V(NODE1_56_38),V(NODE1_56_39),V(NODE1_56_40),V(NODE1_56_41),V(NODE1_56_42),V(NODE1_56_43),V(NODE1_56_44),V(NODE1_56_45),V(NODE1_56_46),V(NODE1_56_47),V(NODE1_56_48),V(NODE1_56_49),V(NODE1_56_50),V(NODE1_56_51),V(NODE1_56_52),V(NODE1_56_53),V(NODE1_56_54),V(NODE1_56_55),V(NODE1_56_56),V(NODE1_56_57),V(NODE1_56_58),V(NODE1_56_59),V(NODE1_56_60),V(NODE1_56_61),V(NODE1_56_62),V(NODE1_56_63),V(NODE1_56_64),V(NODE1_56_65),V(NODE1_56_66),V(NODE1_56_67),V(NODE1_56_68),V(NODE1_56_69),V(NODE1_56_70),V(NODE1_56_71),V(NODE1_56_72),V(NODE1_56_73),V(NODE1_56_74),V(NODE1_56_75),V(NODE1_56_76),V(NODE1_56_77),V(NODE1_56_78),V(NODE1_56_79),V(NODE1_56_80),V(NODE1_56_81),V(NODE1_56_82),V(NODE1_56_83),V(NODE1_56_84),V(NODE1_56_85),V(NODE1_56_86),V(NODE1_56_87),V(NODE1_56_88),V(NODE1_56_89),V(NODE1_56_90),V(NODE1_56_91),V(NODE1_56_92),V(NODE1_56_93),V(NODE1_56_94),V(NODE1_56_95),V(NODE1_56_96),V(NODE1_56_97),V(NODE1_56_98),V(NODE1_56_99),V(NODE1_57_0),V(NODE1_57_1),V(NODE1_57_2),V(NODE1_57_3),V(NODE1_57_4),V(NODE1_57_5),V(NODE1_57_6),V(NODE1_57_7),V(NODE1_57_8),V(NODE1_57_9),V(NODE1_57_10),V(NODE1_57_11),V(NODE1_57_12),V(NODE1_57_13),V(NODE1_57_14),V(NODE1_57_15),V(NODE1_57_16),V(NODE1_57_17),V(NODE1_57_18),V(NODE1_57_19),V(NODE1_57_20),V(NODE1_57_21),V(NODE1_57_22),V(NODE1_57_23),V(NODE1_57_24),V(NODE1_57_25),V(NODE1_57_26),V(NODE1_57_27),V(NODE1_57_28),V(NODE1_57_29),V(NODE1_57_30),V(NODE1_57_31),V(NODE1_57_32),V(NODE1_57_33),V(NODE1_57_34),V(NODE1_57_35),V(NODE1_57_36),V(NODE1_57_37),V(NODE1_57_38),V(NODE1_57_39),V(NODE1_57_40),V(NODE1_57_41),V(NODE1_57_42),V(NODE1_57_43),V(NODE1_57_44),V(NODE1_57_45),V(NODE1_57_46),V(NODE1_57_47),V(NODE1_57_48),V(NODE1_57_49),V(NODE1_57_50),V(NODE1_57_51),V(NODE1_57_52),V(NODE1_57_53),V(NODE1_57_54),V(NODE1_57_55),V(NODE1_57_56),V(NODE1_57_57),V(NODE1_57_58),V(NODE1_57_59),V(NODE1_57_60),V(NODE1_57_61),V(NODE1_57_62),V(NODE1_57_63),V(NODE1_57_64),V(NODE1_57_65),V(NODE1_57_66),V(NODE1_57_67),V(NODE1_57_68),V(NODE1_57_69),V(NODE1_57_70),V(NODE1_57_71),V(NODE1_57_72),V(NODE1_57_73),V(NODE1_57_74),V(NODE1_57_75),V(NODE1_57_76),V(NODE1_57_77),V(NODE1_57_78),V(NODE1_57_79),V(NODE1_57_80),V(NODE1_57_81),V(NODE1_57_82),V(NODE1_57_83),V(NODE1_57_84),V(NODE1_57_85),V(NODE1_57_86),V(NODE1_57_87),V(NODE1_57_88),V(NODE1_57_89),V(NODE1_57_90),V(NODE1_57_91),V(NODE1_57_92),V(NODE1_57_93),V(NODE1_57_94),V(NODE1_57_95),V(NODE1_57_96),V(NODE1_57_97),V(NODE1_57_98),V(NODE1_57_99),V(NODE1_58_0),V(NODE1_58_1),V(NODE1_58_2),V(NODE1_58_3),V(NODE1_58_4),V(NODE1_58_5),V(NODE1_58_6),V(NODE1_58_7),V(NODE1_58_8),V(NODE1_58_9),V(NODE1_58_10),V(NODE1_58_11),V(NODE1_58_12),V(NODE1_58_13),V(NODE1_58_14),V(NODE1_58_15),V(NODE1_58_16),V(NODE1_58_17),V(NODE1_58_18),V(NODE1_58_19),V(NODE1_58_20),V(NODE1_58_21),V(NODE1_58_22),V(NODE1_58_23),V(NODE1_58_24),V(NODE1_58_25),V(NODE1_58_26),V(NODE1_58_27),V(NODE1_58_28),V(NODE1_58_29),V(NODE1_58_30),V(NODE1_58_31),V(NODE1_58_32),V(NODE1_58_33),V(NODE1_58_34),V(NODE1_58_35),V(NODE1_58_36),V(NODE1_58_37),V(NODE1_58_38),V(NODE1_58_39),V(NODE1_58_40),V(NODE1_58_41),V(NODE1_58_42),V(NODE1_58_43),V(NODE1_58_44),V(NODE1_58_45),V(NODE1_58_46),V(NODE1_58_47),V(NODE1_58_48),V(NODE1_58_49),V(NODE1_58_50),V(NODE1_58_51),V(NODE1_58_52),V(NODE1_58_53),V(NODE1_58_54),V(NODE1_58_55),V(NODE1_58_56),V(NODE1_58_57),V(NODE1_58_58),V(NODE1_58_59),V(NODE1_58_60),V(NODE1_58_61),V(NODE1_58_62),V(NODE1_58_63),V(NODE1_58_64),V(NODE1_58_65),V(NODE1_58_66),V(NODE1_58_67),V(NODE1_58_68),V(NODE1_58_69),V(NODE1_58_70),V(NODE1_58_71),V(NODE1_58_72),V(NODE1_58_73),V(NODE1_58_74),V(NODE1_58_75),V(NODE1_58_76),V(NODE1_58_77),V(NODE1_58_78),V(NODE1_58_79),V(NODE1_58_80),V(NODE1_58_81),V(NODE1_58_82),V(NODE1_58_83),V(NODE1_58_84),V(NODE1_58_85),V(NODE1_58_86),V(NODE1_58_87),V(NODE1_58_88),V(NODE1_58_89),V(NODE1_58_90),V(NODE1_58_91),V(NODE1_58_92),V(NODE1_58_93),V(NODE1_58_94),V(NODE1_58_95),V(NODE1_58_96),V(NODE1_58_97),V(NODE1_58_98),V(NODE1_58_99),V(NODE1_59_0),V(NODE1_59_1),V(NODE1_59_2),V(NODE1_59_3),V(NODE1_59_4),V(NODE1_59_5),V(NODE1_59_6),V(NODE1_59_7),V(NODE1_59_8),V(NODE1_59_9),V(NODE1_59_10),V(NODE1_59_11),V(NODE1_59_12),V(NODE1_59_13),V(NODE1_59_14),V(NODE1_59_15),V(NODE1_59_16),V(NODE1_59_17),V(NODE1_59_18),V(NODE1_59_19),V(NODE1_59_20),V(NODE1_59_21),V(NODE1_59_22),V(NODE1_59_23),V(NODE1_59_24),V(NODE1_59_25),V(NODE1_59_26),V(NODE1_59_27),V(NODE1_59_28),V(NODE1_59_29),V(NODE1_59_30),V(NODE1_59_31),V(NODE1_59_32),V(NODE1_59_33),V(NODE1_59_34),V(NODE1_59_35),V(NODE1_59_36),V(NODE1_59_37),V(NODE1_59_38),V(NODE1_59_39),V(NODE1_59_40),V(NODE1_59_41),V(NODE1_59_42),V(NODE1_59_43),V(NODE1_59_44),V(NODE1_59_45),V(NODE1_59_46),V(NODE1_59_47),V(NODE1_59_48),V(NODE1_59_49),V(NODE1_59_50),V(NODE1_59_51),V(NODE1_59_52),V(NODE1_59_53),V(NODE1_59_54),V(NODE1_59_55),V(NODE1_59_56),V(NODE1_59_57),V(NODE1_59_58),V(NODE1_59_59),V(NODE1_59_60),V(NODE1_59_61),V(NODE1_59_62),V(NODE1_59_63),V(NODE1_59_64),V(NODE1_59_65),V(NODE1_59_66),V(NODE1_59_67),V(NODE1_59_68),V(NODE1_59_69),V(NODE1_59_70),V(NODE1_59_71),V(NODE1_59_72),V(NODE1_59_73),V(NODE1_59_74),V(NODE1_59_75),V(NODE1_59_76),V(NODE1_59_77),V(NODE1_59_78),V(NODE1_59_79),V(NODE1_59_80),V(NODE1_59_81),V(NODE1_59_82),V(NODE1_59_83),V(NODE1_59_84),V(NODE1_59_85),V(NODE1_59_86),V(NODE1_59_87),V(NODE1_59_88),V(NODE1_59_89),V(NODE1_59_90),V(NODE1_59_91),V(NODE1_59_92),V(NODE1_59_93),V(NODE1_59_94),V(NODE1_59_95),V(NODE1_59_96),V(NODE1_59_97),V(NODE1_59_98),V(NODE1_59_99),V(NODE1_60_0),V(NODE1_60_1),V(NODE1_60_2),V(NODE1_60_3),V(NODE1_60_4),V(NODE1_60_5),V(NODE1_60_6),V(NODE1_60_7),V(NODE1_60_8),V(NODE1_60_9),V(NODE1_60_10),V(NODE1_60_11),V(NODE1_60_12),V(NODE1_60_13),V(NODE1_60_14),V(NODE1_60_15),V(NODE1_60_16),V(NODE1_60_17),V(NODE1_60_18),V(NODE1_60_19),V(NODE1_60_20),V(NODE1_60_21),V(NODE1_60_22),V(NODE1_60_23),V(NODE1_60_24),V(NODE1_60_25),V(NODE1_60_26),V(NODE1_60_27),V(NODE1_60_28),V(NODE1_60_29),V(NODE1_60_30),V(NODE1_60_31),V(NODE1_60_32),V(NODE1_60_33),V(NODE1_60_34),V(NODE1_60_35),V(NODE1_60_36),V(NODE1_60_37),V(NODE1_60_38),V(NODE1_60_39),V(NODE1_60_40),V(NODE1_60_41),V(NODE1_60_42),V(NODE1_60_43),V(NODE1_60_44),V(NODE1_60_45),V(NODE1_60_46),V(NODE1_60_47),V(NODE1_60_48),V(NODE1_60_49),V(NODE1_60_50),V(NODE1_60_51),V(NODE1_60_52),V(NODE1_60_53),V(NODE1_60_54),V(NODE1_60_55),V(NODE1_60_56),V(NODE1_60_57),V(NODE1_60_58),V(NODE1_60_59),V(NODE1_60_60),V(NODE1_60_61),V(NODE1_60_62),V(NODE1_60_63),V(NODE1_60_64),V(NODE1_60_65),V(NODE1_60_66),V(NODE1_60_67),V(NODE1_60_68),V(NODE1_60_69),V(NODE1_60_70),V(NODE1_60_71),V(NODE1_60_72),V(NODE1_60_73),V(NODE1_60_74),V(NODE1_60_75),V(NODE1_60_76),V(NODE1_60_77),V(NODE1_60_78),V(NODE1_60_79),V(NODE1_60_80),V(NODE1_60_81),V(NODE1_60_82),V(NODE1_60_83),V(NODE1_60_84),V(NODE1_60_85),V(NODE1_60_86),V(NODE1_60_87),V(NODE1_60_88),V(NODE1_60_89),V(NODE1_60_90),V(NODE1_60_91),V(NODE1_60_92),V(NODE1_60_93),V(NODE1_60_94),V(NODE1_60_95),V(NODE1_60_96),V(NODE1_60_97),V(NODE1_60_98),V(NODE1_60_99),V(NODE1_61_0),V(NODE1_61_1),V(NODE1_61_2),V(NODE1_61_3),V(NODE1_61_4),V(NODE1_61_5),V(NODE1_61_6),V(NODE1_61_7),V(NODE1_61_8),V(NODE1_61_9),V(NODE1_61_10),V(NODE1_61_11),V(NODE1_61_12),V(NODE1_61_13),V(NODE1_61_14),V(NODE1_61_15),V(NODE1_61_16),V(NODE1_61_17),V(NODE1_61_18),V(NODE1_61_19),V(NODE1_61_20),V(NODE1_61_21),V(NODE1_61_22),V(NODE1_61_23),V(NODE1_61_24),V(NODE1_61_25),V(NODE1_61_26),V(NODE1_61_27),V(NODE1_61_28),V(NODE1_61_29),V(NODE1_61_30),V(NODE1_61_31),V(NODE1_61_32),V(NODE1_61_33),V(NODE1_61_34),V(NODE1_61_35),V(NODE1_61_36),V(NODE1_61_37),V(NODE1_61_38),V(NODE1_61_39),V(NODE1_61_40),V(NODE1_61_41),V(NODE1_61_42),V(NODE1_61_43),V(NODE1_61_44),V(NODE1_61_45),V(NODE1_61_46),V(NODE1_61_47),V(NODE1_61_48),V(NODE1_61_49),V(NODE1_61_50),V(NODE1_61_51),V(NODE1_61_52),V(NODE1_61_53),V(NODE1_61_54),V(NODE1_61_55),V(NODE1_61_56),V(NODE1_61_57),V(NODE1_61_58),V(NODE1_61_59),V(NODE1_61_60),V(NODE1_61_61),V(NODE1_61_62),V(NODE1_61_63),V(NODE1_61_64),V(NODE1_61_65),V(NODE1_61_66),V(NODE1_61_67),V(NODE1_61_68),V(NODE1_61_69),V(NODE1_61_70),V(NODE1_61_71),V(NODE1_61_72),V(NODE1_61_73),V(NODE1_61_74),V(NODE1_61_75),V(NODE1_61_76),V(NODE1_61_77),V(NODE1_61_78),V(NODE1_61_79),V(NODE1_61_80),V(NODE1_61_81),V(NODE1_61_82),V(NODE1_61_83),V(NODE1_61_84),V(NODE1_61_85),V(NODE1_61_86),V(NODE1_61_87),V(NODE1_61_88),V(NODE1_61_89),V(NODE1_61_90),V(NODE1_61_91),V(NODE1_61_92),V(NODE1_61_93),V(NODE1_61_94),V(NODE1_61_95),V(NODE1_61_96),V(NODE1_61_97),V(NODE1_61_98),V(NODE1_61_99),V(NODE1_62_0),V(NODE1_62_1),V(NODE1_62_2),V(NODE1_62_3),V(NODE1_62_4),V(NODE1_62_5),V(NODE1_62_6),V(NODE1_62_7),V(NODE1_62_8),V(NODE1_62_9),V(NODE1_62_10),V(NODE1_62_11),V(NODE1_62_12),V(NODE1_62_13),V(NODE1_62_14),V(NODE1_62_15),V(NODE1_62_16),V(NODE1_62_17),V(NODE1_62_18),V(NODE1_62_19),V(NODE1_62_20),V(NODE1_62_21),V(NODE1_62_22),V(NODE1_62_23),V(NODE1_62_24),V(NODE1_62_25),V(NODE1_62_26),V(NODE1_62_27),V(NODE1_62_28),V(NODE1_62_29),V(NODE1_62_30),V(NODE1_62_31),V(NODE1_62_32),V(NODE1_62_33),V(NODE1_62_34),V(NODE1_62_35),V(NODE1_62_36),V(NODE1_62_37),V(NODE1_62_38),V(NODE1_62_39),V(NODE1_62_40),V(NODE1_62_41),V(NODE1_62_42),V(NODE1_62_43),V(NODE1_62_44),V(NODE1_62_45),V(NODE1_62_46),V(NODE1_62_47),V(NODE1_62_48),V(NODE1_62_49),V(NODE1_62_50),V(NODE1_62_51),V(NODE1_62_52),V(NODE1_62_53),V(NODE1_62_54),V(NODE1_62_55),V(NODE1_62_56),V(NODE1_62_57),V(NODE1_62_58),V(NODE1_62_59),V(NODE1_62_60),V(NODE1_62_61),V(NODE1_62_62),V(NODE1_62_63),V(NODE1_62_64),V(NODE1_62_65),V(NODE1_62_66),V(NODE1_62_67),V(NODE1_62_68),V(NODE1_62_69),V(NODE1_62_70),V(NODE1_62_71),V(NODE1_62_72),V(NODE1_62_73),V(NODE1_62_74),V(NODE1_62_75),V(NODE1_62_76),V(NODE1_62_77),V(NODE1_62_78),V(NODE1_62_79),V(NODE1_62_80),V(NODE1_62_81),V(NODE1_62_82),V(NODE1_62_83),V(NODE1_62_84),V(NODE1_62_85),V(NODE1_62_86),V(NODE1_62_87),V(NODE1_62_88),V(NODE1_62_89),V(NODE1_62_90),V(NODE1_62_91),V(NODE1_62_92),V(NODE1_62_93),V(NODE1_62_94),V(NODE1_62_95),V(NODE1_62_96),V(NODE1_62_97),V(NODE1_62_98),V(NODE1_62_99),V(NODE1_63_0),V(NODE1_63_1),V(NODE1_63_2),V(NODE1_63_3),V(NODE1_63_4),V(NODE1_63_5),V(NODE1_63_6),V(NODE1_63_7),V(NODE1_63_8),V(NODE1_63_9),V(NODE1_63_10),V(NODE1_63_11),V(NODE1_63_12),V(NODE1_63_13),V(NODE1_63_14),V(NODE1_63_15),V(NODE1_63_16),V(NODE1_63_17),V(NODE1_63_18),V(NODE1_63_19),V(NODE1_63_20),V(NODE1_63_21),V(NODE1_63_22),V(NODE1_63_23),V(NODE1_63_24),V(NODE1_63_25),V(NODE1_63_26),V(NODE1_63_27),V(NODE1_63_28),V(NODE1_63_29),V(NODE1_63_30),V(NODE1_63_31),V(NODE1_63_32),V(NODE1_63_33),V(NODE1_63_34),V(NODE1_63_35),V(NODE1_63_36),V(NODE1_63_37),V(NODE1_63_38),V(NODE1_63_39),V(NODE1_63_40),V(NODE1_63_41),V(NODE1_63_42),V(NODE1_63_43),V(NODE1_63_44),V(NODE1_63_45),V(NODE1_63_46),V(NODE1_63_47),V(NODE1_63_48),V(NODE1_63_49),V(NODE1_63_50),V(NODE1_63_51),V(NODE1_63_52),V(NODE1_63_53),V(NODE1_63_54),V(NODE1_63_55),V(NODE1_63_56),V(NODE1_63_57),V(NODE1_63_58),V(NODE1_63_59),V(NODE1_63_60),V(NODE1_63_61),V(NODE1_63_62),V(NODE1_63_63),V(NODE1_63_64),V(NODE1_63_65),V(NODE1_63_66),V(NODE1_63_67),V(NODE1_63_68),V(NODE1_63_69),V(NODE1_63_70),V(NODE1_63_71),V(NODE1_63_72),V(NODE1_63_73),V(NODE1_63_74),V(NODE1_63_75),V(NODE1_63_76),V(NODE1_63_77),V(NODE1_63_78),V(NODE1_63_79),V(NODE1_63_80),V(NODE1_63_81),V(NODE1_63_82),V(NODE1_63_83),V(NODE1_63_84),V(NODE1_63_85),V(NODE1_63_86),V(NODE1_63_87),V(NODE1_63_88),V(NODE1_63_89),V(NODE1_63_90),V(NODE1_63_91),V(NODE1_63_92),V(NODE1_63_93),V(NODE1_63_94),V(NODE1_63_95),V(NODE1_63_96),V(NODE1_63_97),V(NODE1_63_98),V(NODE1_63_99),V(NODE1_64_0),V(NODE1_64_1),V(NODE1_64_2),V(NODE1_64_3),V(NODE1_64_4),V(NODE1_64_5),V(NODE1_64_6),V(NODE1_64_7),V(NODE1_64_8),V(NODE1_64_9),V(NODE1_64_10),V(NODE1_64_11),V(NODE1_64_12),V(NODE1_64_13),V(NODE1_64_14),V(NODE1_64_15),V(NODE1_64_16),V(NODE1_64_17),V(NODE1_64_18),V(NODE1_64_19),V(NODE1_64_20),V(NODE1_64_21),V(NODE1_64_22),V(NODE1_64_23),V(NODE1_64_24),V(NODE1_64_25),V(NODE1_64_26),V(NODE1_64_27),V(NODE1_64_28),V(NODE1_64_29),V(NODE1_64_30),V(NODE1_64_31),V(NODE1_64_32),V(NODE1_64_33),V(NODE1_64_34),V(NODE1_64_35),V(NODE1_64_36),V(NODE1_64_37),V(NODE1_64_38),V(NODE1_64_39),V(NODE1_64_40),V(NODE1_64_41),V(NODE1_64_42),V(NODE1_64_43),V(NODE1_64_44),V(NODE1_64_45),V(NODE1_64_46),V(NODE1_64_47),V(NODE1_64_48),V(NODE1_64_49),V(NODE1_64_50),V(NODE1_64_51),V(NODE1_64_52),V(NODE1_64_53),V(NODE1_64_54),V(NODE1_64_55),V(NODE1_64_56),V(NODE1_64_57),V(NODE1_64_58),V(NODE1_64_59),V(NODE1_64_60),V(NODE1_64_61),V(NODE1_64_62),V(NODE1_64_63),V(NODE1_64_64),V(NODE1_64_65),V(NODE1_64_66),V(NODE1_64_67),V(NODE1_64_68),V(NODE1_64_69),V(NODE1_64_70),V(NODE1_64_71),V(NODE1_64_72),V(NODE1_64_73),V(NODE1_64_74),V(NODE1_64_75),V(NODE1_64_76),V(NODE1_64_77),V(NODE1_64_78),V(NODE1_64_79),V(NODE1_64_80),V(NODE1_64_81),V(NODE1_64_82),V(NODE1_64_83),V(NODE1_64_84),V(NODE1_64_85),V(NODE1_64_86),V(NODE1_64_87),V(NODE1_64_88),V(NODE1_64_89),V(NODE1_64_90),V(NODE1_64_91),V(NODE1_64_92),V(NODE1_64_93),V(NODE1_64_94),V(NODE1_64_95),V(NODE1_64_96),V(NODE1_64_97),V(NODE1_64_98),V(NODE1_64_99),V(NODE1_65_0),V(NODE1_65_1),V(NODE1_65_2),V(NODE1_65_3),V(NODE1_65_4),V(NODE1_65_5),V(NODE1_65_6),V(NODE1_65_7),V(NODE1_65_8),V(NODE1_65_9),V(NODE1_65_10),V(NODE1_65_11),V(NODE1_65_12),V(NODE1_65_13),V(NODE1_65_14),V(NODE1_65_15),V(NODE1_65_16),V(NODE1_65_17),V(NODE1_65_18),V(NODE1_65_19),V(NODE1_65_20),V(NODE1_65_21),V(NODE1_65_22),V(NODE1_65_23),V(NODE1_65_24),V(NODE1_65_25),V(NODE1_65_26),V(NODE1_65_27),V(NODE1_65_28),V(NODE1_65_29),V(NODE1_65_30),V(NODE1_65_31),V(NODE1_65_32),V(NODE1_65_33),V(NODE1_65_34),V(NODE1_65_35),V(NODE1_65_36),V(NODE1_65_37),V(NODE1_65_38),V(NODE1_65_39),V(NODE1_65_40),V(NODE1_65_41),V(NODE1_65_42),V(NODE1_65_43),V(NODE1_65_44),V(NODE1_65_45),V(NODE1_65_46),V(NODE1_65_47),V(NODE1_65_48),V(NODE1_65_49),V(NODE1_65_50),V(NODE1_65_51),V(NODE1_65_52),V(NODE1_65_53),V(NODE1_65_54),V(NODE1_65_55),V(NODE1_65_56),V(NODE1_65_57),V(NODE1_65_58),V(NODE1_65_59),V(NODE1_65_60),V(NODE1_65_61),V(NODE1_65_62),V(NODE1_65_63),V(NODE1_65_64),V(NODE1_65_65),V(NODE1_65_66),V(NODE1_65_67),V(NODE1_65_68),V(NODE1_65_69),V(NODE1_65_70),V(NODE1_65_71),V(NODE1_65_72),V(NODE1_65_73),V(NODE1_65_74),V(NODE1_65_75),V(NODE1_65_76),V(NODE1_65_77),V(NODE1_65_78),V(NODE1_65_79),V(NODE1_65_80),V(NODE1_65_81),V(NODE1_65_82),V(NODE1_65_83),V(NODE1_65_84),V(NODE1_65_85),V(NODE1_65_86),V(NODE1_65_87),V(NODE1_65_88),V(NODE1_65_89),V(NODE1_65_90),V(NODE1_65_91),V(NODE1_65_92),V(NODE1_65_93),V(NODE1_65_94),V(NODE1_65_95),V(NODE1_65_96),V(NODE1_65_97),V(NODE1_65_98),V(NODE1_65_99),V(NODE1_66_0),V(NODE1_66_1),V(NODE1_66_2),V(NODE1_66_3),V(NODE1_66_4),V(NODE1_66_5),V(NODE1_66_6),V(NODE1_66_7),V(NODE1_66_8),V(NODE1_66_9),V(NODE1_66_10),V(NODE1_66_11),V(NODE1_66_12),V(NODE1_66_13),V(NODE1_66_14),V(NODE1_66_15),V(NODE1_66_16),V(NODE1_66_17),V(NODE1_66_18),V(NODE1_66_19),V(NODE1_66_20),V(NODE1_66_21),V(NODE1_66_22),V(NODE1_66_23),V(NODE1_66_24),V(NODE1_66_25),V(NODE1_66_26),V(NODE1_66_27),V(NODE1_66_28),V(NODE1_66_29),V(NODE1_66_30),V(NODE1_66_31),V(NODE1_66_32),V(NODE1_66_33),V(NODE1_66_34),V(NODE1_66_35),V(NODE1_66_36),V(NODE1_66_37),V(NODE1_66_38),V(NODE1_66_39),V(NODE1_66_40),V(NODE1_66_41),V(NODE1_66_42),V(NODE1_66_43),V(NODE1_66_44),V(NODE1_66_45),V(NODE1_66_46),V(NODE1_66_47),V(NODE1_66_48),V(NODE1_66_49),V(NODE1_66_50),V(NODE1_66_51),V(NODE1_66_52),V(NODE1_66_53),V(NODE1_66_54),V(NODE1_66_55),V(NODE1_66_56),V(NODE1_66_57),V(NODE1_66_58),V(NODE1_66_59),V(NODE1_66_60),V(NODE1_66_61),V(NODE1_66_62),V(NODE1_66_63),V(NODE1_66_64),V(NODE1_66_65),V(NODE1_66_66),V(NODE1_66_67),V(NODE1_66_68),V(NODE1_66_69),V(NODE1_66_70),V(NODE1_66_71),V(NODE1_66_72),V(NODE1_66_73),V(NODE1_66_74),V(NODE1_66_75),V(NODE1_66_76),V(NODE1_66_77),V(NODE1_66_78),V(NODE1_66_79),V(NODE1_66_80),V(NODE1_66_81),V(NODE1_66_82),V(NODE1_66_83),V(NODE1_66_84),V(NODE1_66_85),V(NODE1_66_86),V(NODE1_66_87),V(NODE1_66_88),V(NODE1_66_89),V(NODE1_66_90),V(NODE1_66_91),V(NODE1_66_92),V(NODE1_66_93),V(NODE1_66_94),V(NODE1_66_95),V(NODE1_66_96),V(NODE1_66_97),V(NODE1_66_98),V(NODE1_66_99),V(NODE1_67_0),V(NODE1_67_1),V(NODE1_67_2),V(NODE1_67_3),V(NODE1_67_4),V(NODE1_67_5),V(NODE1_67_6),V(NODE1_67_7),V(NODE1_67_8),V(NODE1_67_9),V(NODE1_67_10),V(NODE1_67_11),V(NODE1_67_12),V(NODE1_67_13),V(NODE1_67_14),V(NODE1_67_15),V(NODE1_67_16),V(NODE1_67_17),V(NODE1_67_18),V(NODE1_67_19),V(NODE1_67_20),V(NODE1_67_21),V(NODE1_67_22),V(NODE1_67_23),V(NODE1_67_24),V(NODE1_67_25),V(NODE1_67_26),V(NODE1_67_27),V(NODE1_67_28),V(NODE1_67_29),V(NODE1_67_30),V(NODE1_67_31),V(NODE1_67_32),V(NODE1_67_33),V(NODE1_67_34),V(NODE1_67_35),V(NODE1_67_36),V(NODE1_67_37),V(NODE1_67_38),V(NODE1_67_39),V(NODE1_67_40),V(NODE1_67_41),V(NODE1_67_42),V(NODE1_67_43),V(NODE1_67_44),V(NODE1_67_45),V(NODE1_67_46),V(NODE1_67_47),V(NODE1_67_48),V(NODE1_67_49),V(NODE1_67_50),V(NODE1_67_51),V(NODE1_67_52),V(NODE1_67_53),V(NODE1_67_54),V(NODE1_67_55),V(NODE1_67_56),V(NODE1_67_57),V(NODE1_67_58),V(NODE1_67_59),V(NODE1_67_60),V(NODE1_67_61),V(NODE1_67_62),V(NODE1_67_63),V(NODE1_67_64),V(NODE1_67_65),V(NODE1_67_66),V(NODE1_67_67),V(NODE1_67_68),V(NODE1_67_69),V(NODE1_67_70),V(NODE1_67_71),V(NODE1_67_72),V(NODE1_67_73),V(NODE1_67_74),V(NODE1_67_75),V(NODE1_67_76),V(NODE1_67_77),V(NODE1_67_78),V(NODE1_67_79),V(NODE1_67_80),V(NODE1_67_81),V(NODE1_67_82),V(NODE1_67_83),V(NODE1_67_84),V(NODE1_67_85),V(NODE1_67_86),V(NODE1_67_87),V(NODE1_67_88),V(NODE1_67_89),V(NODE1_67_90),V(NODE1_67_91),V(NODE1_67_92),V(NODE1_67_93),V(NODE1_67_94),V(NODE1_67_95),V(NODE1_67_96),V(NODE1_67_97),V(NODE1_67_98),V(NODE1_67_99),V(NODE1_68_0),V(NODE1_68_1),V(NODE1_68_2),V(NODE1_68_3),V(NODE1_68_4),V(NODE1_68_5),V(NODE1_68_6),V(NODE1_68_7),V(NODE1_68_8),V(NODE1_68_9),V(NODE1_68_10),V(NODE1_68_11),V(NODE1_68_12),V(NODE1_68_13),V(NODE1_68_14),V(NODE1_68_15),V(NODE1_68_16),V(NODE1_68_17),V(NODE1_68_18),V(NODE1_68_19),V(NODE1_68_20),V(NODE1_68_21),V(NODE1_68_22),V(NODE1_68_23),V(NODE1_68_24),V(NODE1_68_25),V(NODE1_68_26),V(NODE1_68_27),V(NODE1_68_28),V(NODE1_68_29),V(NODE1_68_30),V(NODE1_68_31),V(NODE1_68_32),V(NODE1_68_33),V(NODE1_68_34),V(NODE1_68_35),V(NODE1_68_36),V(NODE1_68_37),V(NODE1_68_38),V(NODE1_68_39),V(NODE1_68_40),V(NODE1_68_41),V(NODE1_68_42),V(NODE1_68_43),V(NODE1_68_44),V(NODE1_68_45),V(NODE1_68_46),V(NODE1_68_47),V(NODE1_68_48),V(NODE1_68_49),V(NODE1_68_50),V(NODE1_68_51),V(NODE1_68_52),V(NODE1_68_53),V(NODE1_68_54),V(NODE1_68_55),V(NODE1_68_56),V(NODE1_68_57),V(NODE1_68_58),V(NODE1_68_59),V(NODE1_68_60),V(NODE1_68_61),V(NODE1_68_62),V(NODE1_68_63),V(NODE1_68_64),V(NODE1_68_65),V(NODE1_68_66),V(NODE1_68_67),V(NODE1_68_68),V(NODE1_68_69),V(NODE1_68_70),V(NODE1_68_71),V(NODE1_68_72),V(NODE1_68_73),V(NODE1_68_74),V(NODE1_68_75),V(NODE1_68_76),V(NODE1_68_77),V(NODE1_68_78),V(NODE1_68_79),V(NODE1_68_80),V(NODE1_68_81),V(NODE1_68_82),V(NODE1_68_83),V(NODE1_68_84),V(NODE1_68_85),V(NODE1_68_86),V(NODE1_68_87),V(NODE1_68_88),V(NODE1_68_89),V(NODE1_68_90),V(NODE1_68_91),V(NODE1_68_92),V(NODE1_68_93),V(NODE1_68_94),V(NODE1_68_95),V(NODE1_68_96),V(NODE1_68_97),V(NODE1_68_98),V(NODE1_68_99),V(NODE1_69_0),V(NODE1_69_1),V(NODE1_69_2),V(NODE1_69_3),V(NODE1_69_4),V(NODE1_69_5),V(NODE1_69_6),V(NODE1_69_7),V(NODE1_69_8),V(NODE1_69_9),V(NODE1_69_10),V(NODE1_69_11),V(NODE1_69_12),V(NODE1_69_13),V(NODE1_69_14),V(NODE1_69_15),V(NODE1_69_16),V(NODE1_69_17),V(NODE1_69_18),V(NODE1_69_19),V(NODE1_69_20),V(NODE1_69_21),V(NODE1_69_22),V(NODE1_69_23),V(NODE1_69_24),V(NODE1_69_25),V(NODE1_69_26),V(NODE1_69_27),V(NODE1_69_28),V(NODE1_69_29),V(NODE1_69_30),V(NODE1_69_31),V(NODE1_69_32),V(NODE1_69_33),V(NODE1_69_34),V(NODE1_69_35),V(NODE1_69_36),V(NODE1_69_37),V(NODE1_69_38),V(NODE1_69_39),V(NODE1_69_40),V(NODE1_69_41),V(NODE1_69_42),V(NODE1_69_43),V(NODE1_69_44),V(NODE1_69_45),V(NODE1_69_46),V(NODE1_69_47),V(NODE1_69_48),V(NODE1_69_49),V(NODE1_69_50),V(NODE1_69_51),V(NODE1_69_52),V(NODE1_69_53),V(NODE1_69_54),V(NODE1_69_55),V(NODE1_69_56),V(NODE1_69_57),V(NODE1_69_58),V(NODE1_69_59),V(NODE1_69_60),V(NODE1_69_61),V(NODE1_69_62),V(NODE1_69_63),V(NODE1_69_64),V(NODE1_69_65),V(NODE1_69_66),V(NODE1_69_67),V(NODE1_69_68),V(NODE1_69_69),V(NODE1_69_70),V(NODE1_69_71),V(NODE1_69_72),V(NODE1_69_73),V(NODE1_69_74),V(NODE1_69_75),V(NODE1_69_76),V(NODE1_69_77),V(NODE1_69_78),V(NODE1_69_79),V(NODE1_69_80),V(NODE1_69_81),V(NODE1_69_82),V(NODE1_69_83),V(NODE1_69_84),V(NODE1_69_85),V(NODE1_69_86),V(NODE1_69_87),V(NODE1_69_88),V(NODE1_69_89),V(NODE1_69_90),V(NODE1_69_91),V(NODE1_69_92),V(NODE1_69_93),V(NODE1_69_94),V(NODE1_69_95),V(NODE1_69_96),V(NODE1_69_97),V(NODE1_69_98),V(NODE1_69_99),V(NODE1_70_0),V(NODE1_70_1),V(NODE1_70_2),V(NODE1_70_3),V(NODE1_70_4),V(NODE1_70_5),V(NODE1_70_6),V(NODE1_70_7),V(NODE1_70_8),V(NODE1_70_9),V(NODE1_70_10),V(NODE1_70_11),V(NODE1_70_12),V(NODE1_70_13),V(NODE1_70_14),V(NODE1_70_15),V(NODE1_70_16),V(NODE1_70_17),V(NODE1_70_18),V(NODE1_70_19),V(NODE1_70_20),V(NODE1_70_21),V(NODE1_70_22),V(NODE1_70_23),V(NODE1_70_24),V(NODE1_70_25),V(NODE1_70_26),V(NODE1_70_27),V(NODE1_70_28),V(NODE1_70_29),V(NODE1_70_30),V(NODE1_70_31),V(NODE1_70_32),V(NODE1_70_33),V(NODE1_70_34),V(NODE1_70_35),V(NODE1_70_36),V(NODE1_70_37),V(NODE1_70_38),V(NODE1_70_39),V(NODE1_70_40),V(NODE1_70_41),V(NODE1_70_42),V(NODE1_70_43),V(NODE1_70_44),V(NODE1_70_45),V(NODE1_70_46),V(NODE1_70_47),V(NODE1_70_48),V(NODE1_70_49),V(NODE1_70_50),V(NODE1_70_51),V(NODE1_70_52),V(NODE1_70_53),V(NODE1_70_54),V(NODE1_70_55),V(NODE1_70_56),V(NODE1_70_57),V(NODE1_70_58),V(NODE1_70_59),V(NODE1_70_60),V(NODE1_70_61),V(NODE1_70_62),V(NODE1_70_63),V(NODE1_70_64),V(NODE1_70_65),V(NODE1_70_66),V(NODE1_70_67),V(NODE1_70_68),V(NODE1_70_69),V(NODE1_70_70),V(NODE1_70_71),V(NODE1_70_72),V(NODE1_70_73),V(NODE1_70_74),V(NODE1_70_75),V(NODE1_70_76),V(NODE1_70_77),V(NODE1_70_78),V(NODE1_70_79),V(NODE1_70_80),V(NODE1_70_81),V(NODE1_70_82),V(NODE1_70_83),V(NODE1_70_84),V(NODE1_70_85),V(NODE1_70_86),V(NODE1_70_87),V(NODE1_70_88),V(NODE1_70_89),V(NODE1_70_90),V(NODE1_70_91),V(NODE1_70_92),V(NODE1_70_93),V(NODE1_70_94),V(NODE1_70_95),V(NODE1_70_96),V(NODE1_70_97),V(NODE1_70_98),V(NODE1_70_99),V(NODE1_71_0),V(NODE1_71_1),V(NODE1_71_2),V(NODE1_71_3),V(NODE1_71_4),V(NODE1_71_5),V(NODE1_71_6),V(NODE1_71_7),V(NODE1_71_8),V(NODE1_71_9),V(NODE1_71_10),V(NODE1_71_11),V(NODE1_71_12),V(NODE1_71_13),V(NODE1_71_14),V(NODE1_71_15),V(NODE1_71_16),V(NODE1_71_17),V(NODE1_71_18),V(NODE1_71_19),V(NODE1_71_20),V(NODE1_71_21),V(NODE1_71_22),V(NODE1_71_23),V(NODE1_71_24),V(NODE1_71_25),V(NODE1_71_26),V(NODE1_71_27),V(NODE1_71_28),V(NODE1_71_29),V(NODE1_71_30),V(NODE1_71_31),V(NODE1_71_32),V(NODE1_71_33),V(NODE1_71_34),V(NODE1_71_35),V(NODE1_71_36),V(NODE1_71_37),V(NODE1_71_38),V(NODE1_71_39),V(NODE1_71_40),V(NODE1_71_41),V(NODE1_71_42),V(NODE1_71_43),V(NODE1_71_44),V(NODE1_71_45),V(NODE1_71_46),V(NODE1_71_47),V(NODE1_71_48),V(NODE1_71_49),V(NODE1_71_50),V(NODE1_71_51),V(NODE1_71_52),V(NODE1_71_53),V(NODE1_71_54),V(NODE1_71_55),V(NODE1_71_56),V(NODE1_71_57),V(NODE1_71_58),V(NODE1_71_59),V(NODE1_71_60),V(NODE1_71_61),V(NODE1_71_62),V(NODE1_71_63),V(NODE1_71_64),V(NODE1_71_65),V(NODE1_71_66),V(NODE1_71_67),V(NODE1_71_68),V(NODE1_71_69),V(NODE1_71_70),V(NODE1_71_71),V(NODE1_71_72),V(NODE1_71_73),V(NODE1_71_74),V(NODE1_71_75),V(NODE1_71_76),V(NODE1_71_77),V(NODE1_71_78),V(NODE1_71_79),V(NODE1_71_80),V(NODE1_71_81),V(NODE1_71_82),V(NODE1_71_83),V(NODE1_71_84),V(NODE1_71_85),V(NODE1_71_86),V(NODE1_71_87),V(NODE1_71_88),V(NODE1_71_89),V(NODE1_71_90),V(NODE1_71_91),V(NODE1_71_92),V(NODE1_71_93),V(NODE1_71_94),V(NODE1_71_95),V(NODE1_71_96),V(NODE1_71_97),V(NODE1_71_98),V(NODE1_71_99),V(NODE1_72_0),V(NODE1_72_1),V(NODE1_72_2),V(NODE1_72_3),V(NODE1_72_4),V(NODE1_72_5),V(NODE1_72_6),V(NODE1_72_7),V(NODE1_72_8),V(NODE1_72_9),V(NODE1_72_10),V(NODE1_72_11),V(NODE1_72_12),V(NODE1_72_13),V(NODE1_72_14),V(NODE1_72_15),V(NODE1_72_16),V(NODE1_72_17),V(NODE1_72_18),V(NODE1_72_19),V(NODE1_72_20),V(NODE1_72_21),V(NODE1_72_22),V(NODE1_72_23),V(NODE1_72_24),V(NODE1_72_25),V(NODE1_72_26),V(NODE1_72_27),V(NODE1_72_28),V(NODE1_72_29),V(NODE1_72_30),V(NODE1_72_31),V(NODE1_72_32),V(NODE1_72_33),V(NODE1_72_34),V(NODE1_72_35),V(NODE1_72_36),V(NODE1_72_37),V(NODE1_72_38),V(NODE1_72_39),V(NODE1_72_40),V(NODE1_72_41),V(NODE1_72_42),V(NODE1_72_43),V(NODE1_72_44),V(NODE1_72_45),V(NODE1_72_46),V(NODE1_72_47),V(NODE1_72_48),V(NODE1_72_49),V(NODE1_72_50),V(NODE1_72_51),V(NODE1_72_52),V(NODE1_72_53),V(NODE1_72_54),V(NODE1_72_55),V(NODE1_72_56),V(NODE1_72_57),V(NODE1_72_58),V(NODE1_72_59),V(NODE1_72_60),V(NODE1_72_61),V(NODE1_72_62),V(NODE1_72_63),V(NODE1_72_64),V(NODE1_72_65),V(NODE1_72_66),V(NODE1_72_67),V(NODE1_72_68),V(NODE1_72_69),V(NODE1_72_70),V(NODE1_72_71),V(NODE1_72_72),V(NODE1_72_73),V(NODE1_72_74),V(NODE1_72_75),V(NODE1_72_76),V(NODE1_72_77),V(NODE1_72_78),V(NODE1_72_79),V(NODE1_72_80),V(NODE1_72_81),V(NODE1_72_82),V(NODE1_72_83),V(NODE1_72_84),V(NODE1_72_85),V(NODE1_72_86),V(NODE1_72_87),V(NODE1_72_88),V(NODE1_72_89),V(NODE1_72_90),V(NODE1_72_91),V(NODE1_72_92),V(NODE1_72_93),V(NODE1_72_94),V(NODE1_72_95),V(NODE1_72_96),V(NODE1_72_97),V(NODE1_72_98),V(NODE1_72_99),V(NODE1_73_0),V(NODE1_73_1),V(NODE1_73_2),V(NODE1_73_3),V(NODE1_73_4),V(NODE1_73_5),V(NODE1_73_6),V(NODE1_73_7),V(NODE1_73_8),V(NODE1_73_9),V(NODE1_73_10),V(NODE1_73_11),V(NODE1_73_12),V(NODE1_73_13),V(NODE1_73_14),V(NODE1_73_15),V(NODE1_73_16),V(NODE1_73_17),V(NODE1_73_18),V(NODE1_73_19),V(NODE1_73_20),V(NODE1_73_21),V(NODE1_73_22),V(NODE1_73_23),V(NODE1_73_24),V(NODE1_73_25),V(NODE1_73_26),V(NODE1_73_27),V(NODE1_73_28),V(NODE1_73_29),V(NODE1_73_30),V(NODE1_73_31),V(NODE1_73_32),V(NODE1_73_33),V(NODE1_73_34),V(NODE1_73_35),V(NODE1_73_36),V(NODE1_73_37),V(NODE1_73_38),V(NODE1_73_39),V(NODE1_73_40),V(NODE1_73_41),V(NODE1_73_42),V(NODE1_73_43),V(NODE1_73_44),V(NODE1_73_45),V(NODE1_73_46),V(NODE1_73_47),V(NODE1_73_48),V(NODE1_73_49),V(NODE1_73_50),V(NODE1_73_51),V(NODE1_73_52),V(NODE1_73_53),V(NODE1_73_54),V(NODE1_73_55),V(NODE1_73_56),V(NODE1_73_57),V(NODE1_73_58),V(NODE1_73_59),V(NODE1_73_60),V(NODE1_73_61),V(NODE1_73_62),V(NODE1_73_63),V(NODE1_73_64),V(NODE1_73_65),V(NODE1_73_66),V(NODE1_73_67),V(NODE1_73_68),V(NODE1_73_69),V(NODE1_73_70),V(NODE1_73_71),V(NODE1_73_72),V(NODE1_73_73),V(NODE1_73_74),V(NODE1_73_75),V(NODE1_73_76),V(NODE1_73_77),V(NODE1_73_78),V(NODE1_73_79),V(NODE1_73_80),V(NODE1_73_81),V(NODE1_73_82),V(NODE1_73_83),V(NODE1_73_84),V(NODE1_73_85),V(NODE1_73_86),V(NODE1_73_87),V(NODE1_73_88),V(NODE1_73_89),V(NODE1_73_90),V(NODE1_73_91),V(NODE1_73_92),V(NODE1_73_93),V(NODE1_73_94),V(NODE1_73_95),V(NODE1_73_96),V(NODE1_73_97),V(NODE1_73_98),V(NODE1_73_99),V(NODE1_74_0),V(NODE1_74_1),V(NODE1_74_2),V(NODE1_74_3),V(NODE1_74_4),V(NODE1_74_5),V(NODE1_74_6),V(NODE1_74_7),V(NODE1_74_8),V(NODE1_74_9),V(NODE1_74_10),V(NODE1_74_11),V(NODE1_74_12),V(NODE1_74_13),V(NODE1_74_14),V(NODE1_74_15),V(NODE1_74_16),V(NODE1_74_17),V(NODE1_74_18),V(NODE1_74_19),V(NODE1_74_20),V(NODE1_74_21),V(NODE1_74_22),V(NODE1_74_23),V(NODE1_74_24),V(NODE1_74_25),V(NODE1_74_26),V(NODE1_74_27),V(NODE1_74_28),V(NODE1_74_29),V(NODE1_74_30),V(NODE1_74_31),V(NODE1_74_32),V(NODE1_74_33),V(NODE1_74_34),V(NODE1_74_35),V(NODE1_74_36),V(NODE1_74_37),V(NODE1_74_38),V(NODE1_74_39),V(NODE1_74_40),V(NODE1_74_41),V(NODE1_74_42),V(NODE1_74_43),V(NODE1_74_44),V(NODE1_74_45),V(NODE1_74_46),V(NODE1_74_47),V(NODE1_74_48),V(NODE1_74_49),V(NODE1_74_50),V(NODE1_74_51),V(NODE1_74_52),V(NODE1_74_53),V(NODE1_74_54),V(NODE1_74_55),V(NODE1_74_56),V(NODE1_74_57),V(NODE1_74_58),V(NODE1_74_59),V(NODE1_74_60),V(NODE1_74_61),V(NODE1_74_62),V(NODE1_74_63),V(NODE1_74_64),V(NODE1_74_65),V(NODE1_74_66),V(NODE1_74_67),V(NODE1_74_68),V(NODE1_74_69),V(NODE1_74_70),V(NODE1_74_71),V(NODE1_74_72),V(NODE1_74_73),V(NODE1_74_74),V(NODE1_74_75),V(NODE1_74_76),V(NODE1_74_77),V(NODE1_74_78),V(NODE1_74_79),V(NODE1_74_80),V(NODE1_74_81),V(NODE1_74_82),V(NODE1_74_83),V(NODE1_74_84),V(NODE1_74_85),V(NODE1_74_86),V(NODE1_74_87),V(NODE1_74_88),V(NODE1_74_89),V(NODE1_74_90),V(NODE1_74_91),V(NODE1_74_92),V(NODE1_74_93),V(NODE1_74_94),V(NODE1_74_95),V(NODE1_74_96),V(NODE1_74_97),V(NODE1_74_98),V(NODE1_74_99),V(NODE1_75_0),V(NODE1_75_1),V(NODE1_75_2),V(NODE1_75_3),V(NODE1_75_4),V(NODE1_75_5),V(NODE1_75_6),V(NODE1_75_7),V(NODE1_75_8),V(NODE1_75_9),V(NODE1_75_10),V(NODE1_75_11),V(NODE1_75_12),V(NODE1_75_13),V(NODE1_75_14),V(NODE1_75_15),V(NODE1_75_16),V(NODE1_75_17),V(NODE1_75_18),V(NODE1_75_19),V(NODE1_75_20),V(NODE1_75_21),V(NODE1_75_22),V(NODE1_75_23),V(NODE1_75_24),V(NODE1_75_25),V(NODE1_75_26),V(NODE1_75_27),V(NODE1_75_28),V(NODE1_75_29),V(NODE1_75_30),V(NODE1_75_31),V(NODE1_75_32),V(NODE1_75_33),V(NODE1_75_34),V(NODE1_75_35),V(NODE1_75_36),V(NODE1_75_37),V(NODE1_75_38),V(NODE1_75_39),V(NODE1_75_40),V(NODE1_75_41),V(NODE1_75_42),V(NODE1_75_43),V(NODE1_75_44),V(NODE1_75_45),V(NODE1_75_46),V(NODE1_75_47),V(NODE1_75_48),V(NODE1_75_49),V(NODE1_75_50),V(NODE1_75_51),V(NODE1_75_52),V(NODE1_75_53),V(NODE1_75_54),V(NODE1_75_55),V(NODE1_75_56),V(NODE1_75_57),V(NODE1_75_58),V(NODE1_75_59),V(NODE1_75_60),V(NODE1_75_61),V(NODE1_75_62),V(NODE1_75_63),V(NODE1_75_64),V(NODE1_75_65),V(NODE1_75_66),V(NODE1_75_67),V(NODE1_75_68),V(NODE1_75_69),V(NODE1_75_70),V(NODE1_75_71),V(NODE1_75_72),V(NODE1_75_73),V(NODE1_75_74),V(NODE1_75_75),V(NODE1_75_76),V(NODE1_75_77),V(NODE1_75_78),V(NODE1_75_79),V(NODE1_75_80),V(NODE1_75_81),V(NODE1_75_82),V(NODE1_75_83),V(NODE1_75_84),V(NODE1_75_85),V(NODE1_75_86),V(NODE1_75_87),V(NODE1_75_88),V(NODE1_75_89),V(NODE1_75_90),V(NODE1_75_91),V(NODE1_75_92),V(NODE1_75_93),V(NODE1_75_94),V(NODE1_75_95),V(NODE1_75_96),V(NODE1_75_97),V(NODE1_75_98),V(NODE1_75_99),V(NODE1_76_0),V(NODE1_76_1),V(NODE1_76_2),V(NODE1_76_3),V(NODE1_76_4),V(NODE1_76_5),V(NODE1_76_6),V(NODE1_76_7),V(NODE1_76_8),V(NODE1_76_9),V(NODE1_76_10),V(NODE1_76_11),V(NODE1_76_12),V(NODE1_76_13),V(NODE1_76_14),V(NODE1_76_15),V(NODE1_76_16),V(NODE1_76_17),V(NODE1_76_18),V(NODE1_76_19),V(NODE1_76_20),V(NODE1_76_21),V(NODE1_76_22),V(NODE1_76_23),V(NODE1_76_24),V(NODE1_76_25),V(NODE1_76_26),V(NODE1_76_27),V(NODE1_76_28),V(NODE1_76_29),V(NODE1_76_30),V(NODE1_76_31),V(NODE1_76_32),V(NODE1_76_33),V(NODE1_76_34),V(NODE1_76_35),V(NODE1_76_36),V(NODE1_76_37),V(NODE1_76_38),V(NODE1_76_39),V(NODE1_76_40),V(NODE1_76_41),V(NODE1_76_42),V(NODE1_76_43),V(NODE1_76_44),V(NODE1_76_45),V(NODE1_76_46),V(NODE1_76_47),V(NODE1_76_48),V(NODE1_76_49),V(NODE1_76_50),V(NODE1_76_51),V(NODE1_76_52),V(NODE1_76_53),V(NODE1_76_54),V(NODE1_76_55),V(NODE1_76_56),V(NODE1_76_57),V(NODE1_76_58),V(NODE1_76_59),V(NODE1_76_60),V(NODE1_76_61),V(NODE1_76_62),V(NODE1_76_63),V(NODE1_76_64),V(NODE1_76_65),V(NODE1_76_66),V(NODE1_76_67),V(NODE1_76_68),V(NODE1_76_69),V(NODE1_76_70),V(NODE1_76_71),V(NODE1_76_72),V(NODE1_76_73),V(NODE1_76_74),V(NODE1_76_75),V(NODE1_76_76),V(NODE1_76_77),V(NODE1_76_78),V(NODE1_76_79),V(NODE1_76_80),V(NODE1_76_81),V(NODE1_76_82),V(NODE1_76_83),V(NODE1_76_84),V(NODE1_76_85),V(NODE1_76_86),V(NODE1_76_87),V(NODE1_76_88),V(NODE1_76_89),V(NODE1_76_90),V(NODE1_76_91),V(NODE1_76_92),V(NODE1_76_93),V(NODE1_76_94),V(NODE1_76_95),V(NODE1_76_96),V(NODE1_76_97),V(NODE1_76_98),V(NODE1_76_99),V(NODE1_77_0),V(NODE1_77_1),V(NODE1_77_2),V(NODE1_77_3),V(NODE1_77_4),V(NODE1_77_5),V(NODE1_77_6),V(NODE1_77_7),V(NODE1_77_8),V(NODE1_77_9),V(NODE1_77_10),V(NODE1_77_11),V(NODE1_77_12),V(NODE1_77_13),V(NODE1_77_14),V(NODE1_77_15),V(NODE1_77_16),V(NODE1_77_17),V(NODE1_77_18),V(NODE1_77_19),V(NODE1_77_20),V(NODE1_77_21),V(NODE1_77_22),V(NODE1_77_23),V(NODE1_77_24),V(NODE1_77_25),V(NODE1_77_26),V(NODE1_77_27),V(NODE1_77_28),V(NODE1_77_29),V(NODE1_77_30),V(NODE1_77_31),V(NODE1_77_32),V(NODE1_77_33),V(NODE1_77_34),V(NODE1_77_35),V(NODE1_77_36),V(NODE1_77_37),V(NODE1_77_38),V(NODE1_77_39),V(NODE1_77_40),V(NODE1_77_41),V(NODE1_77_42),V(NODE1_77_43),V(NODE1_77_44),V(NODE1_77_45),V(NODE1_77_46),V(NODE1_77_47),V(NODE1_77_48),V(NODE1_77_49),V(NODE1_77_50),V(NODE1_77_51),V(NODE1_77_52),V(NODE1_77_53),V(NODE1_77_54),V(NODE1_77_55),V(NODE1_77_56),V(NODE1_77_57),V(NODE1_77_58),V(NODE1_77_59),V(NODE1_77_60),V(NODE1_77_61),V(NODE1_77_62),V(NODE1_77_63),V(NODE1_77_64),V(NODE1_77_65),V(NODE1_77_66),V(NODE1_77_67),V(NODE1_77_68),V(NODE1_77_69),V(NODE1_77_70),V(NODE1_77_71),V(NODE1_77_72),V(NODE1_77_73),V(NODE1_77_74),V(NODE1_77_75),V(NODE1_77_76),V(NODE1_77_77),V(NODE1_77_78),V(NODE1_77_79),V(NODE1_77_80),V(NODE1_77_81),V(NODE1_77_82),V(NODE1_77_83),V(NODE1_77_84),V(NODE1_77_85),V(NODE1_77_86),V(NODE1_77_87),V(NODE1_77_88),V(NODE1_77_89),V(NODE1_77_90),V(NODE1_77_91),V(NODE1_77_92),V(NODE1_77_93),V(NODE1_77_94),V(NODE1_77_95),V(NODE1_77_96),V(NODE1_77_97),V(NODE1_77_98),V(NODE1_77_99),V(NODE1_78_0),V(NODE1_78_1),V(NODE1_78_2),V(NODE1_78_3),V(NODE1_78_4),V(NODE1_78_5),V(NODE1_78_6),V(NODE1_78_7),V(NODE1_78_8),V(NODE1_78_9),V(NODE1_78_10),V(NODE1_78_11),V(NODE1_78_12),V(NODE1_78_13),V(NODE1_78_14),V(NODE1_78_15),V(NODE1_78_16),V(NODE1_78_17),V(NODE1_78_18),V(NODE1_78_19),V(NODE1_78_20),V(NODE1_78_21),V(NODE1_78_22),V(NODE1_78_23),V(NODE1_78_24),V(NODE1_78_25),V(NODE1_78_26),V(NODE1_78_27),V(NODE1_78_28),V(NODE1_78_29),V(NODE1_78_30),V(NODE1_78_31),V(NODE1_78_32),V(NODE1_78_33),V(NODE1_78_34),V(NODE1_78_35),V(NODE1_78_36),V(NODE1_78_37),V(NODE1_78_38),V(NODE1_78_39),V(NODE1_78_40),V(NODE1_78_41),V(NODE1_78_42),V(NODE1_78_43),V(NODE1_78_44),V(NODE1_78_45),V(NODE1_78_46),V(NODE1_78_47),V(NODE1_78_48),V(NODE1_78_49),V(NODE1_78_50),V(NODE1_78_51),V(NODE1_78_52),V(NODE1_78_53),V(NODE1_78_54),V(NODE1_78_55),V(NODE1_78_56),V(NODE1_78_57),V(NODE1_78_58),V(NODE1_78_59),V(NODE1_78_60),V(NODE1_78_61),V(NODE1_78_62),V(NODE1_78_63),V(NODE1_78_64),V(NODE1_78_65),V(NODE1_78_66),V(NODE1_78_67),V(NODE1_78_68),V(NODE1_78_69),V(NODE1_78_70),V(NODE1_78_71),V(NODE1_78_72),V(NODE1_78_73),V(NODE1_78_74),V(NODE1_78_75),V(NODE1_78_76),V(NODE1_78_77),V(NODE1_78_78),V(NODE1_78_79),V(NODE1_78_80),V(NODE1_78_81),V(NODE1_78_82),V(NODE1_78_83),V(NODE1_78_84),V(NODE1_78_85),V(NODE1_78_86),V(NODE1_78_87),V(NODE1_78_88),V(NODE1_78_89),V(NODE1_78_90),V(NODE1_78_91),V(NODE1_78_92),V(NODE1_78_93),V(NODE1_78_94),V(NODE1_78_95),V(NODE1_78_96),V(NODE1_78_97),V(NODE1_78_98),V(NODE1_78_99),V(NODE1_79_0),V(NODE1_79_1),V(NODE1_79_2),V(NODE1_79_3),V(NODE1_79_4),V(NODE1_79_5),V(NODE1_79_6),V(NODE1_79_7),V(NODE1_79_8),V(NODE1_79_9),V(NODE1_79_10),V(NODE1_79_11),V(NODE1_79_12),V(NODE1_79_13),V(NODE1_79_14),V(NODE1_79_15),V(NODE1_79_16),V(NODE1_79_17),V(NODE1_79_18),V(NODE1_79_19),V(NODE1_79_20),V(NODE1_79_21),V(NODE1_79_22),V(NODE1_79_23),V(NODE1_79_24),V(NODE1_79_25),V(NODE1_79_26),V(NODE1_79_27),V(NODE1_79_28),V(NODE1_79_29),V(NODE1_79_30),V(NODE1_79_31),V(NODE1_79_32),V(NODE1_79_33),V(NODE1_79_34),V(NODE1_79_35),V(NODE1_79_36),V(NODE1_79_37),V(NODE1_79_38),V(NODE1_79_39),V(NODE1_79_40),V(NODE1_79_41),V(NODE1_79_42),V(NODE1_79_43),V(NODE1_79_44),V(NODE1_79_45),V(NODE1_79_46),V(NODE1_79_47),V(NODE1_79_48),V(NODE1_79_49),V(NODE1_79_50),V(NODE1_79_51),V(NODE1_79_52),V(NODE1_79_53),V(NODE1_79_54),V(NODE1_79_55),V(NODE1_79_56),V(NODE1_79_57),V(NODE1_79_58),V(NODE1_79_59),V(NODE1_79_60),V(NODE1_79_61),V(NODE1_79_62),V(NODE1_79_63),V(NODE1_79_64),V(NODE1_79_65),V(NODE1_79_66),V(NODE1_79_67),V(NODE1_79_68),V(NODE1_79_69),V(NODE1_79_70),V(NODE1_79_71),V(NODE1_79_72),V(NODE1_79_73),V(NODE1_79_74),V(NODE1_79_75),V(NODE1_79_76),V(NODE1_79_77),V(NODE1_79_78),V(NODE1_79_79),V(NODE1_79_80),V(NODE1_79_81),V(NODE1_79_82),V(NODE1_79_83),V(NODE1_79_84),V(NODE1_79_85),V(NODE1_79_86),V(NODE1_79_87),V(NODE1_79_88),V(NODE1_79_89),V(NODE1_79_90),V(NODE1_79_91),V(NODE1_79_92),V(NODE1_79_93),V(NODE1_79_94),V(NODE1_79_95),V(NODE1_79_96),V(NODE1_79_97),V(NODE1_79_98),V(NODE1_79_99),V(NODE1_80_0),V(NODE1_80_1),V(NODE1_80_2),V(NODE1_80_3),V(NODE1_80_4),V(NODE1_80_5),V(NODE1_80_6),V(NODE1_80_7),V(NODE1_80_8),V(NODE1_80_9),V(NODE1_80_10),V(NODE1_80_11),V(NODE1_80_12),V(NODE1_80_13),V(NODE1_80_14),V(NODE1_80_15),V(NODE1_80_16),V(NODE1_80_17),V(NODE1_80_18),V(NODE1_80_19),V(NODE1_80_20),V(NODE1_80_21),V(NODE1_80_22),V(NODE1_80_23),V(NODE1_80_24),V(NODE1_80_25),V(NODE1_80_26),V(NODE1_80_27),V(NODE1_80_28),V(NODE1_80_29),V(NODE1_80_30),V(NODE1_80_31),V(NODE1_80_32),V(NODE1_80_33),V(NODE1_80_34),V(NODE1_80_35),V(NODE1_80_36),V(NODE1_80_37),V(NODE1_80_38),V(NODE1_80_39),V(NODE1_80_40),V(NODE1_80_41),V(NODE1_80_42),V(NODE1_80_43),V(NODE1_80_44),V(NODE1_80_45),V(NODE1_80_46),V(NODE1_80_47),V(NODE1_80_48),V(NODE1_80_49),V(NODE1_80_50),V(NODE1_80_51),V(NODE1_80_52),V(NODE1_80_53),V(NODE1_80_54),V(NODE1_80_55),V(NODE1_80_56),V(NODE1_80_57),V(NODE1_80_58),V(NODE1_80_59),V(NODE1_80_60),V(NODE1_80_61),V(NODE1_80_62),V(NODE1_80_63),V(NODE1_80_64),V(NODE1_80_65),V(NODE1_80_66),V(NODE1_80_67),V(NODE1_80_68),V(NODE1_80_69),V(NODE1_80_70),V(NODE1_80_71),V(NODE1_80_72),V(NODE1_80_73),V(NODE1_80_74),V(NODE1_80_75),V(NODE1_80_76),V(NODE1_80_77),V(NODE1_80_78),V(NODE1_80_79),V(NODE1_80_80),V(NODE1_80_81),V(NODE1_80_82),V(NODE1_80_83),V(NODE1_80_84),V(NODE1_80_85),V(NODE1_80_86),V(NODE1_80_87),V(NODE1_80_88),V(NODE1_80_89),V(NODE1_80_90),V(NODE1_80_91),V(NODE1_80_92),V(NODE1_80_93),V(NODE1_80_94),V(NODE1_80_95),V(NODE1_80_96),V(NODE1_80_97),V(NODE1_80_98),V(NODE1_80_99),V(NODE1_81_0),V(NODE1_81_1),V(NODE1_81_2),V(NODE1_81_3),V(NODE1_81_4),V(NODE1_81_5),V(NODE1_81_6),V(NODE1_81_7),V(NODE1_81_8),V(NODE1_81_9),V(NODE1_81_10),V(NODE1_81_11),V(NODE1_81_12),V(NODE1_81_13),V(NODE1_81_14),V(NODE1_81_15),V(NODE1_81_16),V(NODE1_81_17),V(NODE1_81_18),V(NODE1_81_19),V(NODE1_81_20),V(NODE1_81_21),V(NODE1_81_22),V(NODE1_81_23),V(NODE1_81_24),V(NODE1_81_25),V(NODE1_81_26),V(NODE1_81_27),V(NODE1_81_28),V(NODE1_81_29),V(NODE1_81_30),V(NODE1_81_31),V(NODE1_81_32),V(NODE1_81_33),V(NODE1_81_34),V(NODE1_81_35),V(NODE1_81_36),V(NODE1_81_37),V(NODE1_81_38),V(NODE1_81_39),V(NODE1_81_40),V(NODE1_81_41),V(NODE1_81_42),V(NODE1_81_43),V(NODE1_81_44),V(NODE1_81_45),V(NODE1_81_46),V(NODE1_81_47),V(NODE1_81_48),V(NODE1_81_49),V(NODE1_81_50),V(NODE1_81_51),V(NODE1_81_52),V(NODE1_81_53),V(NODE1_81_54),V(NODE1_81_55),V(NODE1_81_56),V(NODE1_81_57),V(NODE1_81_58),V(NODE1_81_59),V(NODE1_81_60),V(NODE1_81_61),V(NODE1_81_62),V(NODE1_81_63),V(NODE1_81_64),V(NODE1_81_65),V(NODE1_81_66),V(NODE1_81_67),V(NODE1_81_68),V(NODE1_81_69),V(NODE1_81_70),V(NODE1_81_71),V(NODE1_81_72),V(NODE1_81_73),V(NODE1_81_74),V(NODE1_81_75),V(NODE1_81_76),V(NODE1_81_77),V(NODE1_81_78),V(NODE1_81_79),V(NODE1_81_80),V(NODE1_81_81),V(NODE1_81_82),V(NODE1_81_83),V(NODE1_81_84),V(NODE1_81_85),V(NODE1_81_86),V(NODE1_81_87),V(NODE1_81_88),V(NODE1_81_89),V(NODE1_81_90),V(NODE1_81_91),V(NODE1_81_92),V(NODE1_81_93),V(NODE1_81_94),V(NODE1_81_95),V(NODE1_81_96),V(NODE1_81_97),V(NODE1_81_98),V(NODE1_81_99),V(NODE1_82_0),V(NODE1_82_1),V(NODE1_82_2),V(NODE1_82_3),V(NODE1_82_4),V(NODE1_82_5),V(NODE1_82_6),V(NODE1_82_7),V(NODE1_82_8),V(NODE1_82_9),V(NODE1_82_10),V(NODE1_82_11),V(NODE1_82_12),V(NODE1_82_13),V(NODE1_82_14),V(NODE1_82_15),V(NODE1_82_16),V(NODE1_82_17),V(NODE1_82_18),V(NODE1_82_19),V(NODE1_82_20),V(NODE1_82_21),V(NODE1_82_22),V(NODE1_82_23),V(NODE1_82_24),V(NODE1_82_25),V(NODE1_82_26),V(NODE1_82_27),V(NODE1_82_28),V(NODE1_82_29),V(NODE1_82_30),V(NODE1_82_31),V(NODE1_82_32),V(NODE1_82_33),V(NODE1_82_34),V(NODE1_82_35),V(NODE1_82_36),V(NODE1_82_37),V(NODE1_82_38),V(NODE1_82_39),V(NODE1_82_40),V(NODE1_82_41),V(NODE1_82_42),V(NODE1_82_43),V(NODE1_82_44),V(NODE1_82_45),V(NODE1_82_46),V(NODE1_82_47),V(NODE1_82_48),V(NODE1_82_49),V(NODE1_82_50),V(NODE1_82_51),V(NODE1_82_52),V(NODE1_82_53),V(NODE1_82_54),V(NODE1_82_55),V(NODE1_82_56),V(NODE1_82_57),V(NODE1_82_58),V(NODE1_82_59),V(NODE1_82_60),V(NODE1_82_61),V(NODE1_82_62),V(NODE1_82_63),V(NODE1_82_64),V(NODE1_82_65),V(NODE1_82_66),V(NODE1_82_67),V(NODE1_82_68),V(NODE1_82_69),V(NODE1_82_70),V(NODE1_82_71),V(NODE1_82_72),V(NODE1_82_73),V(NODE1_82_74),V(NODE1_82_75),V(NODE1_82_76),V(NODE1_82_77),V(NODE1_82_78),V(NODE1_82_79),V(NODE1_82_80),V(NODE1_82_81),V(NODE1_82_82),V(NODE1_82_83),V(NODE1_82_84),V(NODE1_82_85),V(NODE1_82_86),V(NODE1_82_87),V(NODE1_82_88),V(NODE1_82_89),V(NODE1_82_90),V(NODE1_82_91),V(NODE1_82_92),V(NODE1_82_93),V(NODE1_82_94),V(NODE1_82_95),V(NODE1_82_96),V(NODE1_82_97),V(NODE1_82_98),V(NODE1_82_99),V(NODE1_83_0),V(NODE1_83_1),V(NODE1_83_2),V(NODE1_83_3),V(NODE1_83_4),V(NODE1_83_5),V(NODE1_83_6),V(NODE1_83_7),V(NODE1_83_8),V(NODE1_83_9),V(NODE1_83_10),V(NODE1_83_11),V(NODE1_83_12),V(NODE1_83_13),V(NODE1_83_14),V(NODE1_83_15),V(NODE1_83_16),V(NODE1_83_17),V(NODE1_83_18),V(NODE1_83_19),V(NODE1_83_20),V(NODE1_83_21),V(NODE1_83_22),V(NODE1_83_23),V(NODE1_83_24),V(NODE1_83_25),V(NODE1_83_26),V(NODE1_83_27),V(NODE1_83_28),V(NODE1_83_29),V(NODE1_83_30),V(NODE1_83_31),V(NODE1_83_32),V(NODE1_83_33),V(NODE1_83_34),V(NODE1_83_35),V(NODE1_83_36),V(NODE1_83_37),V(NODE1_83_38),V(NODE1_83_39),V(NODE1_83_40),V(NODE1_83_41),V(NODE1_83_42),V(NODE1_83_43),V(NODE1_83_44),V(NODE1_83_45),V(NODE1_83_46),V(NODE1_83_47),V(NODE1_83_48),V(NODE1_83_49),V(NODE1_83_50),V(NODE1_83_51),V(NODE1_83_52),V(NODE1_83_53),V(NODE1_83_54),V(NODE1_83_55),V(NODE1_83_56),V(NODE1_83_57),V(NODE1_83_58),V(NODE1_83_59),V(NODE1_83_60),V(NODE1_83_61),V(NODE1_83_62),V(NODE1_83_63),V(NODE1_83_64),V(NODE1_83_65),V(NODE1_83_66),V(NODE1_83_67),V(NODE1_83_68),V(NODE1_83_69),V(NODE1_83_70),V(NODE1_83_71),V(NODE1_83_72),V(NODE1_83_73),V(NODE1_83_74),V(NODE1_83_75),V(NODE1_83_76),V(NODE1_83_77),V(NODE1_83_78),V(NODE1_83_79),V(NODE1_83_80),V(NODE1_83_81),V(NODE1_83_82),V(NODE1_83_83),V(NODE1_83_84),V(NODE1_83_85),V(NODE1_83_86),V(NODE1_83_87),V(NODE1_83_88),V(NODE1_83_89),V(NODE1_83_90),V(NODE1_83_91),V(NODE1_83_92),V(NODE1_83_93),V(NODE1_83_94),V(NODE1_83_95),V(NODE1_83_96),V(NODE1_83_97),V(NODE1_83_98),V(NODE1_83_99),V(NODE1_84_0),V(NODE1_84_1),V(NODE1_84_2),V(NODE1_84_3),V(NODE1_84_4),V(NODE1_84_5),V(NODE1_84_6),V(NODE1_84_7),V(NODE1_84_8),V(NODE1_84_9),V(NODE1_84_10),V(NODE1_84_11),V(NODE1_84_12),V(NODE1_84_13),V(NODE1_84_14),V(NODE1_84_15),V(NODE1_84_16),V(NODE1_84_17),V(NODE1_84_18),V(NODE1_84_19),V(NODE1_84_20),V(NODE1_84_21),V(NODE1_84_22),V(NODE1_84_23),V(NODE1_84_24),V(NODE1_84_25),V(NODE1_84_26),V(NODE1_84_27),V(NODE1_84_28),V(NODE1_84_29),V(NODE1_84_30),V(NODE1_84_31),V(NODE1_84_32),V(NODE1_84_33),V(NODE1_84_34),V(NODE1_84_35),V(NODE1_84_36),V(NODE1_84_37),V(NODE1_84_38),V(NODE1_84_39),V(NODE1_84_40),V(NODE1_84_41),V(NODE1_84_42),V(NODE1_84_43),V(NODE1_84_44),V(NODE1_84_45),V(NODE1_84_46),V(NODE1_84_47),V(NODE1_84_48),V(NODE1_84_49),V(NODE1_84_50),V(NODE1_84_51),V(NODE1_84_52),V(NODE1_84_53),V(NODE1_84_54),V(NODE1_84_55),V(NODE1_84_56),V(NODE1_84_57),V(NODE1_84_58),V(NODE1_84_59),V(NODE1_84_60),V(NODE1_84_61),V(NODE1_84_62),V(NODE1_84_63),V(NODE1_84_64),V(NODE1_84_65),V(NODE1_84_66),V(NODE1_84_67),V(NODE1_84_68),V(NODE1_84_69),V(NODE1_84_70),V(NODE1_84_71),V(NODE1_84_72),V(NODE1_84_73),V(NODE1_84_74),V(NODE1_84_75),V(NODE1_84_76),V(NODE1_84_77),V(NODE1_84_78),V(NODE1_84_79),V(NODE1_84_80),V(NODE1_84_81),V(NODE1_84_82),V(NODE1_84_83),V(NODE1_84_84),V(NODE1_84_85),V(NODE1_84_86),V(NODE1_84_87),V(NODE1_84_88),V(NODE1_84_89),V(NODE1_84_90),V(NODE1_84_91),V(NODE1_84_92),V(NODE1_84_93),V(NODE1_84_94),V(NODE1_84_95),V(NODE1_84_96),V(NODE1_84_97),V(NODE1_84_98),V(NODE1_84_99),V(NODE1_85_0),V(NODE1_85_1),V(NODE1_85_2),V(NODE1_85_3),V(NODE1_85_4),V(NODE1_85_5),V(NODE1_85_6),V(NODE1_85_7),V(NODE1_85_8),V(NODE1_85_9),V(NODE1_85_10),V(NODE1_85_11),V(NODE1_85_12),V(NODE1_85_13),V(NODE1_85_14),V(NODE1_85_15),V(NODE1_85_16),V(NODE1_85_17),V(NODE1_85_18),V(NODE1_85_19),V(NODE1_85_20),V(NODE1_85_21),V(NODE1_85_22),V(NODE1_85_23),V(NODE1_85_24),V(NODE1_85_25),V(NODE1_85_26),V(NODE1_85_27),V(NODE1_85_28),V(NODE1_85_29),V(NODE1_85_30),V(NODE1_85_31),V(NODE1_85_32),V(NODE1_85_33),V(NODE1_85_34),V(NODE1_85_35),V(NODE1_85_36),V(NODE1_85_37),V(NODE1_85_38),V(NODE1_85_39),V(NODE1_85_40),V(NODE1_85_41),V(NODE1_85_42),V(NODE1_85_43),V(NODE1_85_44),V(NODE1_85_45),V(NODE1_85_46),V(NODE1_85_47),V(NODE1_85_48),V(NODE1_85_49),V(NODE1_85_50),V(NODE1_85_51),V(NODE1_85_52),V(NODE1_85_53),V(NODE1_85_54),V(NODE1_85_55),V(NODE1_85_56),V(NODE1_85_57),V(NODE1_85_58),V(NODE1_85_59),V(NODE1_85_60),V(NODE1_85_61),V(NODE1_85_62),V(NODE1_85_63),V(NODE1_85_64),V(NODE1_85_65),V(NODE1_85_66),V(NODE1_85_67),V(NODE1_85_68),V(NODE1_85_69),V(NODE1_85_70),V(NODE1_85_71),V(NODE1_85_72),V(NODE1_85_73),V(NODE1_85_74),V(NODE1_85_75),V(NODE1_85_76),V(NODE1_85_77),V(NODE1_85_78),V(NODE1_85_79),V(NODE1_85_80),V(NODE1_85_81),V(NODE1_85_82),V(NODE1_85_83),V(NODE1_85_84),V(NODE1_85_85),V(NODE1_85_86),V(NODE1_85_87),V(NODE1_85_88),V(NODE1_85_89),V(NODE1_85_90),V(NODE1_85_91),V(NODE1_85_92),V(NODE1_85_93),V(NODE1_85_94),V(NODE1_85_95),V(NODE1_85_96),V(NODE1_85_97),V(NODE1_85_98),V(NODE1_85_99),V(NODE1_86_0),V(NODE1_86_1),V(NODE1_86_2),V(NODE1_86_3),V(NODE1_86_4),V(NODE1_86_5),V(NODE1_86_6),V(NODE1_86_7),V(NODE1_86_8),V(NODE1_86_9),V(NODE1_86_10),V(NODE1_86_11),V(NODE1_86_12),V(NODE1_86_13),V(NODE1_86_14),V(NODE1_86_15),V(NODE1_86_16),V(NODE1_86_17),V(NODE1_86_18),V(NODE1_86_19),V(NODE1_86_20),V(NODE1_86_21),V(NODE1_86_22),V(NODE1_86_23),V(NODE1_86_24),V(NODE1_86_25),V(NODE1_86_26),V(NODE1_86_27),V(NODE1_86_28),V(NODE1_86_29),V(NODE1_86_30),V(NODE1_86_31),V(NODE1_86_32),V(NODE1_86_33),V(NODE1_86_34),V(NODE1_86_35),V(NODE1_86_36),V(NODE1_86_37),V(NODE1_86_38),V(NODE1_86_39),V(NODE1_86_40),V(NODE1_86_41),V(NODE1_86_42),V(NODE1_86_43),V(NODE1_86_44),V(NODE1_86_45),V(NODE1_86_46),V(NODE1_86_47),V(NODE1_86_48),V(NODE1_86_49),V(NODE1_86_50),V(NODE1_86_51),V(NODE1_86_52),V(NODE1_86_53),V(NODE1_86_54),V(NODE1_86_55),V(NODE1_86_56),V(NODE1_86_57),V(NODE1_86_58),V(NODE1_86_59),V(NODE1_86_60),V(NODE1_86_61),V(NODE1_86_62),V(NODE1_86_63),V(NODE1_86_64),V(NODE1_86_65),V(NODE1_86_66),V(NODE1_86_67),V(NODE1_86_68),V(NODE1_86_69),V(NODE1_86_70),V(NODE1_86_71),V(NODE1_86_72),V(NODE1_86_73),V(NODE1_86_74),V(NODE1_86_75),V(NODE1_86_76),V(NODE1_86_77),V(NODE1_86_78),V(NODE1_86_79),V(NODE1_86_80),V(NODE1_86_81),V(NODE1_86_82),V(NODE1_86_83),V(NODE1_86_84),V(NODE1_86_85),V(NODE1_86_86),V(NODE1_86_87),V(NODE1_86_88),V(NODE1_86_89),V(NODE1_86_90),V(NODE1_86_91),V(NODE1_86_92),V(NODE1_86_93),V(NODE1_86_94),V(NODE1_86_95),V(NODE1_86_96),V(NODE1_86_97),V(NODE1_86_98),V(NODE1_86_99),V(NODE1_87_0),V(NODE1_87_1),V(NODE1_87_2),V(NODE1_87_3),V(NODE1_87_4),V(NODE1_87_5),V(NODE1_87_6),V(NODE1_87_7),V(NODE1_87_8),V(NODE1_87_9),V(NODE1_87_10),V(NODE1_87_11),V(NODE1_87_12),V(NODE1_87_13),V(NODE1_87_14),V(NODE1_87_15),V(NODE1_87_16),V(NODE1_87_17),V(NODE1_87_18),V(NODE1_87_19),V(NODE1_87_20),V(NODE1_87_21),V(NODE1_87_22),V(NODE1_87_23),V(NODE1_87_24),V(NODE1_87_25),V(NODE1_87_26),V(NODE1_87_27),V(NODE1_87_28),V(NODE1_87_29),V(NODE1_87_30),V(NODE1_87_31),V(NODE1_87_32),V(NODE1_87_33),V(NODE1_87_34),V(NODE1_87_35),V(NODE1_87_36),V(NODE1_87_37),V(NODE1_87_38),V(NODE1_87_39),V(NODE1_87_40),V(NODE1_87_41),V(NODE1_87_42),V(NODE1_87_43),V(NODE1_87_44),V(NODE1_87_45),V(NODE1_87_46),V(NODE1_87_47),V(NODE1_87_48),V(NODE1_87_49),V(NODE1_87_50),V(NODE1_87_51),V(NODE1_87_52),V(NODE1_87_53),V(NODE1_87_54),V(NODE1_87_55),V(NODE1_87_56),V(NODE1_87_57),V(NODE1_87_58),V(NODE1_87_59),V(NODE1_87_60),V(NODE1_87_61),V(NODE1_87_62),V(NODE1_87_63),V(NODE1_87_64),V(NODE1_87_65),V(NODE1_87_66),V(NODE1_87_67),V(NODE1_87_68),V(NODE1_87_69),V(NODE1_87_70),V(NODE1_87_71),V(NODE1_87_72),V(NODE1_87_73),V(NODE1_87_74),V(NODE1_87_75),V(NODE1_87_76),V(NODE1_87_77),V(NODE1_87_78),V(NODE1_87_79),V(NODE1_87_80),V(NODE1_87_81),V(NODE1_87_82),V(NODE1_87_83),V(NODE1_87_84),V(NODE1_87_85),V(NODE1_87_86),V(NODE1_87_87),V(NODE1_87_88),V(NODE1_87_89),V(NODE1_87_90),V(NODE1_87_91),V(NODE1_87_92),V(NODE1_87_93),V(NODE1_87_94),V(NODE1_87_95),V(NODE1_87_96),V(NODE1_87_97),V(NODE1_87_98),V(NODE1_87_99),V(NODE1_88_0),V(NODE1_88_1),V(NODE1_88_2),V(NODE1_88_3),V(NODE1_88_4),V(NODE1_88_5),V(NODE1_88_6),V(NODE1_88_7),V(NODE1_88_8),V(NODE1_88_9),V(NODE1_88_10),V(NODE1_88_11),V(NODE1_88_12),V(NODE1_88_13),V(NODE1_88_14),V(NODE1_88_15),V(NODE1_88_16),V(NODE1_88_17),V(NODE1_88_18),V(NODE1_88_19),V(NODE1_88_20),V(NODE1_88_21),V(NODE1_88_22),V(NODE1_88_23),V(NODE1_88_24),V(NODE1_88_25),V(NODE1_88_26),V(NODE1_88_27),V(NODE1_88_28),V(NODE1_88_29),V(NODE1_88_30),V(NODE1_88_31),V(NODE1_88_32),V(NODE1_88_33),V(NODE1_88_34),V(NODE1_88_35),V(NODE1_88_36),V(NODE1_88_37),V(NODE1_88_38),V(NODE1_88_39),V(NODE1_88_40),V(NODE1_88_41),V(NODE1_88_42),V(NODE1_88_43),V(NODE1_88_44),V(NODE1_88_45),V(NODE1_88_46),V(NODE1_88_47),V(NODE1_88_48),V(NODE1_88_49),V(NODE1_88_50),V(NODE1_88_51),V(NODE1_88_52),V(NODE1_88_53),V(NODE1_88_54),V(NODE1_88_55),V(NODE1_88_56),V(NODE1_88_57),V(NODE1_88_58),V(NODE1_88_59),V(NODE1_88_60),V(NODE1_88_61),V(NODE1_88_62),V(NODE1_88_63),V(NODE1_88_64),V(NODE1_88_65),V(NODE1_88_66),V(NODE1_88_67),V(NODE1_88_68),V(NODE1_88_69),V(NODE1_88_70),V(NODE1_88_71),V(NODE1_88_72),V(NODE1_88_73),V(NODE1_88_74),V(NODE1_88_75),V(NODE1_88_76),V(NODE1_88_77),V(NODE1_88_78),V(NODE1_88_79),V(NODE1_88_80),V(NODE1_88_81),V(NODE1_88_82),V(NODE1_88_83),V(NODE1_88_84),V(NODE1_88_85),V(NODE1_88_86),V(NODE1_88_87),V(NODE1_88_88),V(NODE1_88_89),V(NODE1_88_90),V(NODE1_88_91),V(NODE1_88_92),V(NODE1_88_93),V(NODE1_88_94),V(NODE1_88_95),V(NODE1_88_96),V(NODE1_88_97),V(NODE1_88_98),V(NODE1_88_99),V(NODE1_89_0),V(NODE1_89_1),V(NODE1_89_2),V(NODE1_89_3),V(NODE1_89_4),V(NODE1_89_5),V(NODE1_89_6),V(NODE1_89_7),V(NODE1_89_8),V(NODE1_89_9),V(NODE1_89_10),V(NODE1_89_11),V(NODE1_89_12),V(NODE1_89_13),V(NODE1_89_14),V(NODE1_89_15),V(NODE1_89_16),V(NODE1_89_17),V(NODE1_89_18),V(NODE1_89_19),V(NODE1_89_20),V(NODE1_89_21),V(NODE1_89_22),V(NODE1_89_23),V(NODE1_89_24),V(NODE1_89_25),V(NODE1_89_26),V(NODE1_89_27),V(NODE1_89_28),V(NODE1_89_29),V(NODE1_89_30),V(NODE1_89_31),V(NODE1_89_32),V(NODE1_89_33),V(NODE1_89_34),V(NODE1_89_35),V(NODE1_89_36),V(NODE1_89_37),V(NODE1_89_38),V(NODE1_89_39),V(NODE1_89_40),V(NODE1_89_41),V(NODE1_89_42),V(NODE1_89_43),V(NODE1_89_44),V(NODE1_89_45),V(NODE1_89_46),V(NODE1_89_47),V(NODE1_89_48),V(NODE1_89_49),V(NODE1_89_50),V(NODE1_89_51),V(NODE1_89_52),V(NODE1_89_53),V(NODE1_89_54),V(NODE1_89_55),V(NODE1_89_56),V(NODE1_89_57),V(NODE1_89_58),V(NODE1_89_59),V(NODE1_89_60),V(NODE1_89_61),V(NODE1_89_62),V(NODE1_89_63),V(NODE1_89_64),V(NODE1_89_65),V(NODE1_89_66),V(NODE1_89_67),V(NODE1_89_68),V(NODE1_89_69),V(NODE1_89_70),V(NODE1_89_71),V(NODE1_89_72),V(NODE1_89_73),V(NODE1_89_74),V(NODE1_89_75),V(NODE1_89_76),V(NODE1_89_77),V(NODE1_89_78),V(NODE1_89_79),V(NODE1_89_80),V(NODE1_89_81),V(NODE1_89_82),V(NODE1_89_83),V(NODE1_89_84),V(NODE1_89_85),V(NODE1_89_86),V(NODE1_89_87),V(NODE1_89_88),V(NODE1_89_89),V(NODE1_89_90),V(NODE1_89_91),V(NODE1_89_92),V(NODE1_89_93),V(NODE1_89_94),V(NODE1_89_95),V(NODE1_89_96),V(NODE1_89_97),V(NODE1_89_98),V(NODE1_89_99),V(NODE1_90_0),V(NODE1_90_1),V(NODE1_90_2),V(NODE1_90_3),V(NODE1_90_4),V(NODE1_90_5),V(NODE1_90_6),V(NODE1_90_7),V(NODE1_90_8),V(NODE1_90_9),V(NODE1_90_10),V(NODE1_90_11),V(NODE1_90_12),V(NODE1_90_13),V(NODE1_90_14),V(NODE1_90_15),V(NODE1_90_16),V(NODE1_90_17),V(NODE1_90_18),V(NODE1_90_19),V(NODE1_90_20),V(NODE1_90_21),V(NODE1_90_22),V(NODE1_90_23),V(NODE1_90_24),V(NODE1_90_25),V(NODE1_90_26),V(NODE1_90_27),V(NODE1_90_28),V(NODE1_90_29),V(NODE1_90_30),V(NODE1_90_31),V(NODE1_90_32),V(NODE1_90_33),V(NODE1_90_34),V(NODE1_90_35),V(NODE1_90_36),V(NODE1_90_37),V(NODE1_90_38),V(NODE1_90_39),V(NODE1_90_40),V(NODE1_90_41),V(NODE1_90_42),V(NODE1_90_43),V(NODE1_90_44),V(NODE1_90_45),V(NODE1_90_46),V(NODE1_90_47),V(NODE1_90_48),V(NODE1_90_49),V(NODE1_90_50),V(NODE1_90_51),V(NODE1_90_52),V(NODE1_90_53),V(NODE1_90_54),V(NODE1_90_55),V(NODE1_90_56),V(NODE1_90_57),V(NODE1_90_58),V(NODE1_90_59),V(NODE1_90_60),V(NODE1_90_61),V(NODE1_90_62),V(NODE1_90_63),V(NODE1_90_64),V(NODE1_90_65),V(NODE1_90_66),V(NODE1_90_67),V(NODE1_90_68),V(NODE1_90_69),V(NODE1_90_70),V(NODE1_90_71),V(NODE1_90_72),V(NODE1_90_73),V(NODE1_90_74),V(NODE1_90_75),V(NODE1_90_76),V(NODE1_90_77),V(NODE1_90_78),V(NODE1_90_79),V(NODE1_90_80),V(NODE1_90_81),V(NODE1_90_82),V(NODE1_90_83),V(NODE1_90_84),V(NODE1_90_85),V(NODE1_90_86),V(NODE1_90_87),V(NODE1_90_88),V(NODE1_90_89),V(NODE1_90_90),V(NODE1_90_91),V(NODE1_90_92),V(NODE1_90_93),V(NODE1_90_94),V(NODE1_90_95),V(NODE1_90_96),V(NODE1_90_97),V(NODE1_90_98),V(NODE1_90_99),V(NODE1_91_0),V(NODE1_91_1),V(NODE1_91_2),V(NODE1_91_3),V(NODE1_91_4),V(NODE1_91_5),V(NODE1_91_6),V(NODE1_91_7),V(NODE1_91_8),V(NODE1_91_9),V(NODE1_91_10),V(NODE1_91_11),V(NODE1_91_12),V(NODE1_91_13),V(NODE1_91_14),V(NODE1_91_15),V(NODE1_91_16),V(NODE1_91_17),V(NODE1_91_18),V(NODE1_91_19),V(NODE1_91_20),V(NODE1_91_21),V(NODE1_91_22),V(NODE1_91_23),V(NODE1_91_24),V(NODE1_91_25),V(NODE1_91_26),V(NODE1_91_27),V(NODE1_91_28),V(NODE1_91_29),V(NODE1_91_30),V(NODE1_91_31),V(NODE1_91_32),V(NODE1_91_33),V(NODE1_91_34),V(NODE1_91_35),V(NODE1_91_36),V(NODE1_91_37),V(NODE1_91_38),V(NODE1_91_39),V(NODE1_91_40),V(NODE1_91_41),V(NODE1_91_42),V(NODE1_91_43),V(NODE1_91_44),V(NODE1_91_45),V(NODE1_91_46),V(NODE1_91_47),V(NODE1_91_48),V(NODE1_91_49),V(NODE1_91_50),V(NODE1_91_51),V(NODE1_91_52),V(NODE1_91_53),V(NODE1_91_54),V(NODE1_91_55),V(NODE1_91_56),V(NODE1_91_57),V(NODE1_91_58),V(NODE1_91_59),V(NODE1_91_60),V(NODE1_91_61),V(NODE1_91_62),V(NODE1_91_63),V(NODE1_91_64),V(NODE1_91_65),V(NODE1_91_66),V(NODE1_91_67),V(NODE1_91_68),V(NODE1_91_69),V(NODE1_91_70),V(NODE1_91_71),V(NODE1_91_72),V(NODE1_91_73),V(NODE1_91_74),V(NODE1_91_75),V(NODE1_91_76),V(NODE1_91_77),V(NODE1_91_78),V(NODE1_91_79),V(NODE1_91_80),V(NODE1_91_81),V(NODE1_91_82),V(NODE1_91_83),V(NODE1_91_84),V(NODE1_91_85),V(NODE1_91_86),V(NODE1_91_87),V(NODE1_91_88),V(NODE1_91_89),V(NODE1_91_90),V(NODE1_91_91),V(NODE1_91_92),V(NODE1_91_93),V(NODE1_91_94),V(NODE1_91_95),V(NODE1_91_96),V(NODE1_91_97),V(NODE1_91_98),V(NODE1_91_99),V(NODE1_92_0),V(NODE1_92_1),V(NODE1_92_2),V(NODE1_92_3),V(NODE1_92_4),V(NODE1_92_5),V(NODE1_92_6),V(NODE1_92_7),V(NODE1_92_8),V(NODE1_92_9),V(NODE1_92_10),V(NODE1_92_11),V(NODE1_92_12),V(NODE1_92_13),V(NODE1_92_14),V(NODE1_92_15),V(NODE1_92_16),V(NODE1_92_17),V(NODE1_92_18),V(NODE1_92_19),V(NODE1_92_20),V(NODE1_92_21),V(NODE1_92_22),V(NODE1_92_23),V(NODE1_92_24),V(NODE1_92_25),V(NODE1_92_26),V(NODE1_92_27),V(NODE1_92_28),V(NODE1_92_29),V(NODE1_92_30),V(NODE1_92_31),V(NODE1_92_32),V(NODE1_92_33),V(NODE1_92_34),V(NODE1_92_35),V(NODE1_92_36),V(NODE1_92_37),V(NODE1_92_38),V(NODE1_92_39),V(NODE1_92_40),V(NODE1_92_41),V(NODE1_92_42),V(NODE1_92_43),V(NODE1_92_44),V(NODE1_92_45),V(NODE1_92_46),V(NODE1_92_47),V(NODE1_92_48),V(NODE1_92_49),V(NODE1_92_50),V(NODE1_92_51),V(NODE1_92_52),V(NODE1_92_53),V(NODE1_92_54),V(NODE1_92_55),V(NODE1_92_56),V(NODE1_92_57),V(NODE1_92_58),V(NODE1_92_59),V(NODE1_92_60),V(NODE1_92_61),V(NODE1_92_62),V(NODE1_92_63),V(NODE1_92_64),V(NODE1_92_65),V(NODE1_92_66),V(NODE1_92_67),V(NODE1_92_68),V(NODE1_92_69),V(NODE1_92_70),V(NODE1_92_71),V(NODE1_92_72),V(NODE1_92_73),V(NODE1_92_74),V(NODE1_92_75),V(NODE1_92_76),V(NODE1_92_77),V(NODE1_92_78),V(NODE1_92_79),V(NODE1_92_80),V(NODE1_92_81),V(NODE1_92_82),V(NODE1_92_83),V(NODE1_92_84),V(NODE1_92_85),V(NODE1_92_86),V(NODE1_92_87),V(NODE1_92_88),V(NODE1_92_89),V(NODE1_92_90),V(NODE1_92_91),V(NODE1_92_92),V(NODE1_92_93),V(NODE1_92_94),V(NODE1_92_95),V(NODE1_92_96),V(NODE1_92_97),V(NODE1_92_98),V(NODE1_92_99),V(NODE1_93_0),V(NODE1_93_1),V(NODE1_93_2),V(NODE1_93_3),V(NODE1_93_4),V(NODE1_93_5),V(NODE1_93_6),V(NODE1_93_7),V(NODE1_93_8),V(NODE1_93_9),V(NODE1_93_10),V(NODE1_93_11),V(NODE1_93_12),V(NODE1_93_13),V(NODE1_93_14),V(NODE1_93_15),V(NODE1_93_16),V(NODE1_93_17),V(NODE1_93_18),V(NODE1_93_19),V(NODE1_93_20),V(NODE1_93_21),V(NODE1_93_22),V(NODE1_93_23),V(NODE1_93_24),V(NODE1_93_25),V(NODE1_93_26),V(NODE1_93_27),V(NODE1_93_28),V(NODE1_93_29),V(NODE1_93_30),V(NODE1_93_31),V(NODE1_93_32),V(NODE1_93_33),V(NODE1_93_34),V(NODE1_93_35),V(NODE1_93_36),V(NODE1_93_37),V(NODE1_93_38),V(NODE1_93_39),V(NODE1_93_40),V(NODE1_93_41),V(NODE1_93_42),V(NODE1_93_43),V(NODE1_93_44),V(NODE1_93_45),V(NODE1_93_46),V(NODE1_93_47),V(NODE1_93_48),V(NODE1_93_49),V(NODE1_93_50),V(NODE1_93_51),V(NODE1_93_52),V(NODE1_93_53),V(NODE1_93_54),V(NODE1_93_55),V(NODE1_93_56),V(NODE1_93_57),V(NODE1_93_58),V(NODE1_93_59),V(NODE1_93_60),V(NODE1_93_61),V(NODE1_93_62),V(NODE1_93_63),V(NODE1_93_64),V(NODE1_93_65),V(NODE1_93_66),V(NODE1_93_67),V(NODE1_93_68),V(NODE1_93_69),V(NODE1_93_70),V(NODE1_93_71),V(NODE1_93_72),V(NODE1_93_73),V(NODE1_93_74),V(NODE1_93_75),V(NODE1_93_76),V(NODE1_93_77),V(NODE1_93_78),V(NODE1_93_79),V(NODE1_93_80),V(NODE1_93_81),V(NODE1_93_82),V(NODE1_93_83),V(NODE1_93_84),V(NODE1_93_85),V(NODE1_93_86),V(NODE1_93_87),V(NODE1_93_88),V(NODE1_93_89),V(NODE1_93_90),V(NODE1_93_91),V(NODE1_93_92),V(NODE1_93_93),V(NODE1_93_94),V(NODE1_93_95),V(NODE1_93_96),V(NODE1_93_97),V(NODE1_93_98),V(NODE1_93_99),V(NODE1_94_0),V(NODE1_94_1),V(NODE1_94_2),V(NODE1_94_3),V(NODE1_94_4),V(NODE1_94_5),V(NODE1_94_6),V(NODE1_94_7),V(NODE1_94_8),V(NODE1_94_9),V(NODE1_94_10),V(NODE1_94_11),V(NODE1_94_12),V(NODE1_94_13),V(NODE1_94_14),V(NODE1_94_15),V(NODE1_94_16),V(NODE1_94_17),V(NODE1_94_18),V(NODE1_94_19),V(NODE1_94_20),V(NODE1_94_21),V(NODE1_94_22),V(NODE1_94_23),V(NODE1_94_24),V(NODE1_94_25),V(NODE1_94_26),V(NODE1_94_27),V(NODE1_94_28),V(NODE1_94_29),V(NODE1_94_30),V(NODE1_94_31),V(NODE1_94_32),V(NODE1_94_33),V(NODE1_94_34),V(NODE1_94_35),V(NODE1_94_36),V(NODE1_94_37),V(NODE1_94_38),V(NODE1_94_39),V(NODE1_94_40),V(NODE1_94_41),V(NODE1_94_42),V(NODE1_94_43),V(NODE1_94_44),V(NODE1_94_45),V(NODE1_94_46),V(NODE1_94_47),V(NODE1_94_48),V(NODE1_94_49),V(NODE1_94_50),V(NODE1_94_51),V(NODE1_94_52),V(NODE1_94_53),V(NODE1_94_54),V(NODE1_94_55),V(NODE1_94_56),V(NODE1_94_57),V(NODE1_94_58),V(NODE1_94_59),V(NODE1_94_60),V(NODE1_94_61),V(NODE1_94_62),V(NODE1_94_63),V(NODE1_94_64),V(NODE1_94_65),V(NODE1_94_66),V(NODE1_94_67),V(NODE1_94_68),V(NODE1_94_69),V(NODE1_94_70),V(NODE1_94_71),V(NODE1_94_72),V(NODE1_94_73),V(NODE1_94_74),V(NODE1_94_75),V(NODE1_94_76),V(NODE1_94_77),V(NODE1_94_78),V(NODE1_94_79),V(NODE1_94_80),V(NODE1_94_81),V(NODE1_94_82),V(NODE1_94_83),V(NODE1_94_84),V(NODE1_94_85),V(NODE1_94_86),V(NODE1_94_87),V(NODE1_94_88),V(NODE1_94_89),V(NODE1_94_90),V(NODE1_94_91),V(NODE1_94_92),V(NODE1_94_93),V(NODE1_94_94),V(NODE1_94_95),V(NODE1_94_96),V(NODE1_94_97),V(NODE1_94_98),V(NODE1_94_99),V(NODE1_95_0),V(NODE1_95_1),V(NODE1_95_2),V(NODE1_95_3),V(NODE1_95_4),V(NODE1_95_5),V(NODE1_95_6),V(NODE1_95_7),V(NODE1_95_8),V(NODE1_95_9),V(NODE1_95_10),V(NODE1_95_11),V(NODE1_95_12),V(NODE1_95_13),V(NODE1_95_14),V(NODE1_95_15),V(NODE1_95_16),V(NODE1_95_17),V(NODE1_95_18),V(NODE1_95_19),V(NODE1_95_20),V(NODE1_95_21),V(NODE1_95_22),V(NODE1_95_23),V(NODE1_95_24),V(NODE1_95_25),V(NODE1_95_26),V(NODE1_95_27),V(NODE1_95_28),V(NODE1_95_29),V(NODE1_95_30),V(NODE1_95_31),V(NODE1_95_32),V(NODE1_95_33),V(NODE1_95_34),V(NODE1_95_35),V(NODE1_95_36),V(NODE1_95_37),V(NODE1_95_38),V(NODE1_95_39),V(NODE1_95_40),V(NODE1_95_41),V(NODE1_95_42),V(NODE1_95_43),V(NODE1_95_44),V(NODE1_95_45),V(NODE1_95_46),V(NODE1_95_47),V(NODE1_95_48),V(NODE1_95_49),V(NODE1_95_50),V(NODE1_95_51),V(NODE1_95_52),V(NODE1_95_53),V(NODE1_95_54),V(NODE1_95_55),V(NODE1_95_56),V(NODE1_95_57),V(NODE1_95_58),V(NODE1_95_59),V(NODE1_95_60),V(NODE1_95_61),V(NODE1_95_62),V(NODE1_95_63),V(NODE1_95_64),V(NODE1_95_65),V(NODE1_95_66),V(NODE1_95_67),V(NODE1_95_68),V(NODE1_95_69),V(NODE1_95_70),V(NODE1_95_71),V(NODE1_95_72),V(NODE1_95_73),V(NODE1_95_74),V(NODE1_95_75),V(NODE1_95_76),V(NODE1_95_77),V(NODE1_95_78),V(NODE1_95_79),V(NODE1_95_80),V(NODE1_95_81),V(NODE1_95_82),V(NODE1_95_83),V(NODE1_95_84),V(NODE1_95_85),V(NODE1_95_86),V(NODE1_95_87),V(NODE1_95_88),V(NODE1_95_89),V(NODE1_95_90),V(NODE1_95_91),V(NODE1_95_92),V(NODE1_95_93),V(NODE1_95_94),V(NODE1_95_95),V(NODE1_95_96),V(NODE1_95_97),V(NODE1_95_98),V(NODE1_95_99),V(NODE1_96_0),V(NODE1_96_1),V(NODE1_96_2),V(NODE1_96_3),V(NODE1_96_4),V(NODE1_96_5),V(NODE1_96_6),V(NODE1_96_7),V(NODE1_96_8),V(NODE1_96_9),V(NODE1_96_10),V(NODE1_96_11),V(NODE1_96_12),V(NODE1_96_13),V(NODE1_96_14),V(NODE1_96_15),V(NODE1_96_16),V(NODE1_96_17),V(NODE1_96_18),V(NODE1_96_19),V(NODE1_96_20),V(NODE1_96_21),V(NODE1_96_22),V(NODE1_96_23),V(NODE1_96_24),V(NODE1_96_25),V(NODE1_96_26),V(NODE1_96_27),V(NODE1_96_28),V(NODE1_96_29),V(NODE1_96_30),V(NODE1_96_31),V(NODE1_96_32),V(NODE1_96_33),V(NODE1_96_34),V(NODE1_96_35),V(NODE1_96_36),V(NODE1_96_37),V(NODE1_96_38),V(NODE1_96_39),V(NODE1_96_40),V(NODE1_96_41),V(NODE1_96_42),V(NODE1_96_43),V(NODE1_96_44),V(NODE1_96_45),V(NODE1_96_46),V(NODE1_96_47),V(NODE1_96_48),V(NODE1_96_49),V(NODE1_96_50),V(NODE1_96_51),V(NODE1_96_52),V(NODE1_96_53),V(NODE1_96_54),V(NODE1_96_55),V(NODE1_96_56),V(NODE1_96_57),V(NODE1_96_58),V(NODE1_96_59),V(NODE1_96_60),V(NODE1_96_61),V(NODE1_96_62),V(NODE1_96_63),V(NODE1_96_64),V(NODE1_96_65),V(NODE1_96_66),V(NODE1_96_67),V(NODE1_96_68),V(NODE1_96_69),V(NODE1_96_70),V(NODE1_96_71),V(NODE1_96_72),V(NODE1_96_73),V(NODE1_96_74),V(NODE1_96_75),V(NODE1_96_76),V(NODE1_96_77),V(NODE1_96_78),V(NODE1_96_79),V(NODE1_96_80),V(NODE1_96_81),V(NODE1_96_82),V(NODE1_96_83),V(NODE1_96_84),V(NODE1_96_85),V(NODE1_96_86),V(NODE1_96_87),V(NODE1_96_88),V(NODE1_96_89),V(NODE1_96_90),V(NODE1_96_91),V(NODE1_96_92),V(NODE1_96_93),V(NODE1_96_94),V(NODE1_96_95),V(NODE1_96_96),V(NODE1_96_97),V(NODE1_96_98),V(NODE1_96_99),V(NODE1_97_0),V(NODE1_97_1),V(NODE1_97_2),V(NODE1_97_3),V(NODE1_97_4),V(NODE1_97_5),V(NODE1_97_6),V(NODE1_97_7),V(NODE1_97_8),V(NODE1_97_9),V(NODE1_97_10),V(NODE1_97_11),V(NODE1_97_12),V(NODE1_97_13),V(NODE1_97_14),V(NODE1_97_15),V(NODE1_97_16),V(NODE1_97_17),V(NODE1_97_18),V(NODE1_97_19),V(NODE1_97_20),V(NODE1_97_21),V(NODE1_97_22),V(NODE1_97_23),V(NODE1_97_24),V(NODE1_97_25),V(NODE1_97_26),V(NODE1_97_27),V(NODE1_97_28),V(NODE1_97_29),V(NODE1_97_30),V(NODE1_97_31),V(NODE1_97_32),V(NODE1_97_33),V(NODE1_97_34),V(NODE1_97_35),V(NODE1_97_36),V(NODE1_97_37),V(NODE1_97_38),V(NODE1_97_39),V(NODE1_97_40),V(NODE1_97_41),V(NODE1_97_42),V(NODE1_97_43),V(NODE1_97_44),V(NODE1_97_45),V(NODE1_97_46),V(NODE1_97_47),V(NODE1_97_48),V(NODE1_97_49),V(NODE1_97_50),V(NODE1_97_51),V(NODE1_97_52),V(NODE1_97_53),V(NODE1_97_54),V(NODE1_97_55),V(NODE1_97_56),V(NODE1_97_57),V(NODE1_97_58),V(NODE1_97_59),V(NODE1_97_60),V(NODE1_97_61),V(NODE1_97_62),V(NODE1_97_63),V(NODE1_97_64),V(NODE1_97_65),V(NODE1_97_66),V(NODE1_97_67),V(NODE1_97_68),V(NODE1_97_69),V(NODE1_97_70),V(NODE1_97_71),V(NODE1_97_72),V(NODE1_97_73),V(NODE1_97_74),V(NODE1_97_75),V(NODE1_97_76),V(NODE1_97_77),V(NODE1_97_78),V(NODE1_97_79),V(NODE1_97_80),V(NODE1_97_81),V(NODE1_97_82),V(NODE1_97_83),V(NODE1_97_84),V(NODE1_97_85),V(NODE1_97_86),V(NODE1_97_87),V(NODE1_97_88),V(NODE1_97_89),V(NODE1_97_90),V(NODE1_97_91),V(NODE1_97_92),V(NODE1_97_93),V(NODE1_97_94),V(NODE1_97_95),V(NODE1_97_96),V(NODE1_97_97),V(NODE1_97_98),V(NODE1_97_99),V(NODE1_98_0),V(NODE1_98_1),V(NODE1_98_2),V(NODE1_98_3),V(NODE1_98_4),V(NODE1_98_5),V(NODE1_98_6),V(NODE1_98_7),V(NODE1_98_8),V(NODE1_98_9),V(NODE1_98_10),V(NODE1_98_11),V(NODE1_98_12),V(NODE1_98_13),V(NODE1_98_14),V(NODE1_98_15),V(NODE1_98_16),V(NODE1_98_17),V(NODE1_98_18),V(NODE1_98_19),V(NODE1_98_20),V(NODE1_98_21),V(NODE1_98_22),V(NODE1_98_23),V(NODE1_98_24),V(NODE1_98_25),V(NODE1_98_26),V(NODE1_98_27),V(NODE1_98_28),V(NODE1_98_29),V(NODE1_98_30),V(NODE1_98_31),V(NODE1_98_32),V(NODE1_98_33),V(NODE1_98_34),V(NODE1_98_35),V(NODE1_98_36),V(NODE1_98_37),V(NODE1_98_38),V(NODE1_98_39),V(NODE1_98_40),V(NODE1_98_41),V(NODE1_98_42),V(NODE1_98_43),V(NODE1_98_44),V(NODE1_98_45),V(NODE1_98_46),V(NODE1_98_47),V(NODE1_98_48),V(NODE1_98_49),V(NODE1_98_50),V(NODE1_98_51),V(NODE1_98_52),V(NODE1_98_53),V(NODE1_98_54),V(NODE1_98_55),V(NODE1_98_56),V(NODE1_98_57),V(NODE1_98_58),V(NODE1_98_59),V(NODE1_98_60),V(NODE1_98_61),V(NODE1_98_62),V(NODE1_98_63),V(NODE1_98_64),V(NODE1_98_65),V(NODE1_98_66),V(NODE1_98_67),V(NODE1_98_68),V(NODE1_98_69),V(NODE1_98_70),V(NODE1_98_71),V(NODE1_98_72),V(NODE1_98_73),V(NODE1_98_74),V(NODE1_98_75),V(NODE1_98_76),V(NODE1_98_77),V(NODE1_98_78),V(NODE1_98_79),V(NODE1_98_80),V(NODE1_98_81),V(NODE1_98_82),V(NODE1_98_83),V(NODE1_98_84),V(NODE1_98_85),V(NODE1_98_86),V(NODE1_98_87),V(NODE1_98_88),V(NODE1_98_89),V(NODE1_98_90),V(NODE1_98_91),V(NODE1_98_92),V(NODE1_98_93),V(NODE1_98_94),V(NODE1_98_95),V(NODE1_98_96),V(NODE1_98_97),V(NODE1_98_98),V(NODE1_98_99),V(NODE1_99_0),V(NODE1_99_1),V(NODE1_99_2),V(NODE1_99_3),V(NODE1_99_4),V(NODE1_99_5),V(NODE1_99_6),V(NODE1_99_7),V(NODE1_99_8),V(NODE1_99_9),V(NODE1_99_10),V(NODE1_99_11),V(NODE1_99_12),V(NODE1_99_13),V(NODE1_99_14),V(NODE1_99_15),V(NODE1_99_16),V(NODE1_99_17),V(NODE1_99_18),V(NODE1_99_19),V(NODE1_99_20),V(NODE1_99_21),V(NODE1_99_22),V(NODE1_99_23),V(NODE1_99_24),V(NODE1_99_25),V(NODE1_99_26),V(NODE1_99_27),V(NODE1_99_28),V(NODE1_99_29),V(NODE1_99_30),V(NODE1_99_31),V(NODE1_99_32),V(NODE1_99_33),V(NODE1_99_34),V(NODE1_99_35),V(NODE1_99_36),V(NODE1_99_37),V(NODE1_99_38),V(NODE1_99_39),V(NODE1_99_40),V(NODE1_99_41),V(NODE1_99_42),V(NODE1_99_43),V(NODE1_99_44),V(NODE1_99_45),V(NODE1_99_46),V(NODE1_99_47),V(NODE1_99_48),V(NODE1_99_49),V(NODE1_99_50),V(NODE1_99_51),V(NODE1_99_52),V(NODE1_99_53),V(NODE1_99_54),V(NODE1_99_55),V(NODE1_99_56),V(NODE1_99_57),V(NODE1_99_58),V(NODE1_99_59),V(NODE1_99_60),V(NODE1_99_61),V(NODE1_99_62),V(NODE1_99_63),V(NODE1_99_64),V(NODE1_99_65),V(NODE1_99_66),V(NODE1_99_67),V(NODE1_99_68),V(NODE1_99_69),V(NODE1_99_70),V(NODE1_99_71),V(NODE1_99_72),V(NODE1_99_73),V(NODE1_99_74),V(NODE1_99_75),V(NODE1_99_76),V(NODE1_99_77),V(NODE1_99_78),V(NODE1_99_79),V(NODE1_99_80),V(NODE1_99_81),V(NODE1_99_82),V(NODE1_99_83),V(NODE1_99_84),V(NODE1_99_85),V(NODE1_99_86),V(NODE1_99_87),V(NODE1_99_88),V(NODE1_99_89),V(NODE1_99_90),V(NODE1_99_91),V(NODE1_99_92),V(NODE1_99_93),V(NODE1_99_94),V(NODE1_99_95),V(NODE1_99_96),V(NODE1_99_97),V(NODE1_99_98),V(NODE1_99_99),V(NODE2_0_0),V(NODE2_0_1),V(NODE2_0_2),V(NODE2_0_3),V(NODE2_0_4),V(NODE2_0_5),V(NODE2_0_6),V(NODE2_0_7),V(NODE2_0_8),V(NODE2_0_9),V(NODE2_0_10),V(NODE2_0_11),V(NODE2_0_12),V(NODE2_0_13),V(NODE2_0_14),V(NODE2_0_15),V(NODE2_0_16),V(NODE2_0_17),V(NODE2_0_18),V(NODE2_0_19),V(NODE2_0_20),V(NODE2_0_21),V(NODE2_0_22),V(NODE2_0_23),V(NODE2_0_24),V(NODE2_0_25),V(NODE2_0_26),V(NODE2_0_27),V(NODE2_0_28),V(NODE2_0_29),V(NODE2_0_30),V(NODE2_0_31),V(NODE2_0_32),V(NODE2_0_33),V(NODE2_0_34),V(NODE2_0_35),V(NODE2_0_36),V(NODE2_0_37),V(NODE2_0_38),V(NODE2_0_39),V(NODE2_0_40),V(NODE2_0_41),V(NODE2_0_42),V(NODE2_0_43),V(NODE2_0_44),V(NODE2_0_45),V(NODE2_0_46),V(NODE2_0_47),V(NODE2_0_48),V(NODE2_0_49),V(NODE2_0_50),V(NODE2_0_51),V(NODE2_0_52),V(NODE2_0_53),V(NODE2_0_54),V(NODE2_0_55),V(NODE2_0_56),V(NODE2_0_57),V(NODE2_0_58),V(NODE2_0_59),V(NODE2_0_60),V(NODE2_0_61),V(NODE2_0_62),V(NODE2_0_63),V(NODE2_0_64),V(NODE2_0_65),V(NODE2_0_66),V(NODE2_0_67),V(NODE2_0_68),V(NODE2_0_69),V(NODE2_0_70),V(NODE2_0_71),V(NODE2_0_72),V(NODE2_0_73),V(NODE2_0_74),V(NODE2_0_75),V(NODE2_0_76),V(NODE2_0_77),V(NODE2_0_78),V(NODE2_0_79),V(NODE2_0_80),V(NODE2_0_81),V(NODE2_0_82),V(NODE2_0_83),V(NODE2_0_84),V(NODE2_0_85),V(NODE2_0_86),V(NODE2_0_87),V(NODE2_0_88),V(NODE2_0_89),V(NODE2_0_90),V(NODE2_0_91),V(NODE2_0_92),V(NODE2_0_93),V(NODE2_0_94),V(NODE2_0_95),V(NODE2_0_96),V(NODE2_0_97),V(NODE2_0_98),V(NODE2_0_99),V(NODE2_1_0),V(NODE2_1_1),V(NODE2_1_2),V(NODE2_1_3),V(NODE2_1_4),V(NODE2_1_5),V(NODE2_1_6),V(NODE2_1_7),V(NODE2_1_8),V(NODE2_1_9),V(NODE2_1_10),V(NODE2_1_11),V(NODE2_1_12),V(NODE2_1_13),V(NODE2_1_14),V(NODE2_1_15),V(NODE2_1_16),V(NODE2_1_17),V(NODE2_1_18),V(NODE2_1_19),V(NODE2_1_20),V(NODE2_1_21),V(NODE2_1_22),V(NODE2_1_23),V(NODE2_1_24),V(NODE2_1_25),V(NODE2_1_26),V(NODE2_1_27),V(NODE2_1_28),V(NODE2_1_29),V(NODE2_1_30),V(NODE2_1_31),V(NODE2_1_32),V(NODE2_1_33),V(NODE2_1_34),V(NODE2_1_35),V(NODE2_1_36),V(NODE2_1_37),V(NODE2_1_38),V(NODE2_1_39),V(NODE2_1_40),V(NODE2_1_41),V(NODE2_1_42),V(NODE2_1_43),V(NODE2_1_44),V(NODE2_1_45),V(NODE2_1_46),V(NODE2_1_47),V(NODE2_1_48),V(NODE2_1_49),V(NODE2_1_50),V(NODE2_1_51),V(NODE2_1_52),V(NODE2_1_53),V(NODE2_1_54),V(NODE2_1_55),V(NODE2_1_56),V(NODE2_1_57),V(NODE2_1_58),V(NODE2_1_59),V(NODE2_1_60),V(NODE2_1_61),V(NODE2_1_62),V(NODE2_1_63),V(NODE2_1_64),V(NODE2_1_65),V(NODE2_1_66),V(NODE2_1_67),V(NODE2_1_68),V(NODE2_1_69),V(NODE2_1_70),V(NODE2_1_71),V(NODE2_1_72),V(NODE2_1_73),V(NODE2_1_74),V(NODE2_1_75),V(NODE2_1_76),V(NODE2_1_77),V(NODE2_1_78),V(NODE2_1_79),V(NODE2_1_80),V(NODE2_1_81),V(NODE2_1_82),V(NODE2_1_83),V(NODE2_1_84),V(NODE2_1_85),V(NODE2_1_86),V(NODE2_1_87),V(NODE2_1_88),V(NODE2_1_89),V(NODE2_1_90),V(NODE2_1_91),V(NODE2_1_92),V(NODE2_1_93),V(NODE2_1_94),V(NODE2_1_95),V(NODE2_1_96),V(NODE2_1_97),V(NODE2_1_98),V(NODE2_1_99),V(NODE2_2_0),V(NODE2_2_1),V(NODE2_2_2),V(NODE2_2_3),V(NODE2_2_4),V(NODE2_2_5),V(NODE2_2_6),V(NODE2_2_7),V(NODE2_2_8),V(NODE2_2_9),V(NODE2_2_10),V(NODE2_2_11),V(NODE2_2_12),V(NODE2_2_13),V(NODE2_2_14),V(NODE2_2_15),V(NODE2_2_16),V(NODE2_2_17),V(NODE2_2_18),V(NODE2_2_19),V(NODE2_2_20),V(NODE2_2_21),V(NODE2_2_22),V(NODE2_2_23),V(NODE2_2_24),V(NODE2_2_25),V(NODE2_2_26),V(NODE2_2_27),V(NODE2_2_28),V(NODE2_2_29),V(NODE2_2_30),V(NODE2_2_31),V(NODE2_2_32),V(NODE2_2_33),V(NODE2_2_34),V(NODE2_2_35),V(NODE2_2_36),V(NODE2_2_37),V(NODE2_2_38),V(NODE2_2_39),V(NODE2_2_40),V(NODE2_2_41),V(NODE2_2_42),V(NODE2_2_43),V(NODE2_2_44),V(NODE2_2_45),V(NODE2_2_46),V(NODE2_2_47),V(NODE2_2_48),V(NODE2_2_49),V(NODE2_2_50),V(NODE2_2_51),V(NODE2_2_52),V(NODE2_2_53),V(NODE2_2_54),V(NODE2_2_55),V(NODE2_2_56),V(NODE2_2_57),V(NODE2_2_58),V(NODE2_2_59),V(NODE2_2_60),V(NODE2_2_61),V(NODE2_2_62),V(NODE2_2_63),V(NODE2_2_64),V(NODE2_2_65),V(NODE2_2_66),V(NODE2_2_67),V(NODE2_2_68),V(NODE2_2_69),V(NODE2_2_70),V(NODE2_2_71),V(NODE2_2_72),V(NODE2_2_73),V(NODE2_2_74),V(NODE2_2_75),V(NODE2_2_76),V(NODE2_2_77),V(NODE2_2_78),V(NODE2_2_79),V(NODE2_2_80),V(NODE2_2_81),V(NODE2_2_82),V(NODE2_2_83),V(NODE2_2_84),V(NODE2_2_85),V(NODE2_2_86),V(NODE2_2_87),V(NODE2_2_88),V(NODE2_2_89),V(NODE2_2_90),V(NODE2_2_91),V(NODE2_2_92),V(NODE2_2_93),V(NODE2_2_94),V(NODE2_2_95),V(NODE2_2_96),V(NODE2_2_97),V(NODE2_2_98),V(NODE2_2_99),V(NODE2_3_0),V(NODE2_3_1),V(NODE2_3_2),V(NODE2_3_3),V(NODE2_3_4),V(NODE2_3_5),V(NODE2_3_6),V(NODE2_3_7),V(NODE2_3_8),V(NODE2_3_9),V(NODE2_3_10),V(NODE2_3_11),V(NODE2_3_12),V(NODE2_3_13),V(NODE2_3_14),V(NODE2_3_15),V(NODE2_3_16),V(NODE2_3_17),V(NODE2_3_18),V(NODE2_3_19),V(NODE2_3_20),V(NODE2_3_21),V(NODE2_3_22),V(NODE2_3_23),V(NODE2_3_24),V(NODE2_3_25),V(NODE2_3_26),V(NODE2_3_27),V(NODE2_3_28),V(NODE2_3_29),V(NODE2_3_30),V(NODE2_3_31),V(NODE2_3_32),V(NODE2_3_33),V(NODE2_3_34),V(NODE2_3_35),V(NODE2_3_36),V(NODE2_3_37),V(NODE2_3_38),V(NODE2_3_39),V(NODE2_3_40),V(NODE2_3_41),V(NODE2_3_42),V(NODE2_3_43),V(NODE2_3_44),V(NODE2_3_45),V(NODE2_3_46),V(NODE2_3_47),V(NODE2_3_48),V(NODE2_3_49),V(NODE2_3_50),V(NODE2_3_51),V(NODE2_3_52),V(NODE2_3_53),V(NODE2_3_54),V(NODE2_3_55),V(NODE2_3_56),V(NODE2_3_57),V(NODE2_3_58),V(NODE2_3_59),V(NODE2_3_60),V(NODE2_3_61),V(NODE2_3_62),V(NODE2_3_63),V(NODE2_3_64),V(NODE2_3_65),V(NODE2_3_66),V(NODE2_3_67),V(NODE2_3_68),V(NODE2_3_69),V(NODE2_3_70),V(NODE2_3_71),V(NODE2_3_72),V(NODE2_3_73),V(NODE2_3_74),V(NODE2_3_75),V(NODE2_3_76),V(NODE2_3_77),V(NODE2_3_78),V(NODE2_3_79),V(NODE2_3_80),V(NODE2_3_81),V(NODE2_3_82),V(NODE2_3_83),V(NODE2_3_84),V(NODE2_3_85),V(NODE2_3_86),V(NODE2_3_87),V(NODE2_3_88),V(NODE2_3_89),V(NODE2_3_90),V(NODE2_3_91),V(NODE2_3_92),V(NODE2_3_93),V(NODE2_3_94),V(NODE2_3_95),V(NODE2_3_96),V(NODE2_3_97),V(NODE2_3_98),V(NODE2_3_99),V(NODE2_4_0),V(NODE2_4_1),V(NODE2_4_2),V(NODE2_4_3),V(NODE2_4_4),V(NODE2_4_5),V(NODE2_4_6),V(NODE2_4_7),V(NODE2_4_8),V(NODE2_4_9),V(NODE2_4_10),V(NODE2_4_11),V(NODE2_4_12),V(NODE2_4_13),V(NODE2_4_14),V(NODE2_4_15),V(NODE2_4_16),V(NODE2_4_17),V(NODE2_4_18),V(NODE2_4_19),V(NODE2_4_20),V(NODE2_4_21),V(NODE2_4_22),V(NODE2_4_23),V(NODE2_4_24),V(NODE2_4_25),V(NODE2_4_26),V(NODE2_4_27),V(NODE2_4_28),V(NODE2_4_29),V(NODE2_4_30),V(NODE2_4_31),V(NODE2_4_32),V(NODE2_4_33),V(NODE2_4_34),V(NODE2_4_35),V(NODE2_4_36),V(NODE2_4_37),V(NODE2_4_38),V(NODE2_4_39),V(NODE2_4_40),V(NODE2_4_41),V(NODE2_4_42),V(NODE2_4_43),V(NODE2_4_44),V(NODE2_4_45),V(NODE2_4_46),V(NODE2_4_47),V(NODE2_4_48),V(NODE2_4_49),V(NODE2_4_50),V(NODE2_4_51),V(NODE2_4_52),V(NODE2_4_53),V(NODE2_4_54),V(NODE2_4_55),V(NODE2_4_56),V(NODE2_4_57),V(NODE2_4_58),V(NODE2_4_59),V(NODE2_4_60),V(NODE2_4_61),V(NODE2_4_62),V(NODE2_4_63),V(NODE2_4_64),V(NODE2_4_65),V(NODE2_4_66),V(NODE2_4_67),V(NODE2_4_68),V(NODE2_4_69),V(NODE2_4_70),V(NODE2_4_71),V(NODE2_4_72),V(NODE2_4_73),V(NODE2_4_74),V(NODE2_4_75),V(NODE2_4_76),V(NODE2_4_77),V(NODE2_4_78),V(NODE2_4_79),V(NODE2_4_80),V(NODE2_4_81),V(NODE2_4_82),V(NODE2_4_83),V(NODE2_4_84),V(NODE2_4_85),V(NODE2_4_86),V(NODE2_4_87),V(NODE2_4_88),V(NODE2_4_89),V(NODE2_4_90),V(NODE2_4_91),V(NODE2_4_92),V(NODE2_4_93),V(NODE2_4_94),V(NODE2_4_95),V(NODE2_4_96),V(NODE2_4_97),V(NODE2_4_98),V(NODE2_4_99),V(NODE2_5_0),V(NODE2_5_1),V(NODE2_5_2),V(NODE2_5_3),V(NODE2_5_4),V(NODE2_5_5),V(NODE2_5_6),V(NODE2_5_7),V(NODE2_5_8),V(NODE2_5_9),V(NODE2_5_10),V(NODE2_5_11),V(NODE2_5_12),V(NODE2_5_13),V(NODE2_5_14),V(NODE2_5_15),V(NODE2_5_16),V(NODE2_5_17),V(NODE2_5_18),V(NODE2_5_19),V(NODE2_5_20),V(NODE2_5_21),V(NODE2_5_22),V(NODE2_5_23),V(NODE2_5_24),V(NODE2_5_25),V(NODE2_5_26),V(NODE2_5_27),V(NODE2_5_28),V(NODE2_5_29),V(NODE2_5_30),V(NODE2_5_31),V(NODE2_5_32),V(NODE2_5_33),V(NODE2_5_34),V(NODE2_5_35),V(NODE2_5_36),V(NODE2_5_37),V(NODE2_5_38),V(NODE2_5_39),V(NODE2_5_40),V(NODE2_5_41),V(NODE2_5_42),V(NODE2_5_43),V(NODE2_5_44),V(NODE2_5_45),V(NODE2_5_46),V(NODE2_5_47),V(NODE2_5_48),V(NODE2_5_49),V(NODE2_5_50),V(NODE2_5_51),V(NODE2_5_52),V(NODE2_5_53),V(NODE2_5_54),V(NODE2_5_55),V(NODE2_5_56),V(NODE2_5_57),V(NODE2_5_58),V(NODE2_5_59),V(NODE2_5_60),V(NODE2_5_61),V(NODE2_5_62),V(NODE2_5_63),V(NODE2_5_64),V(NODE2_5_65),V(NODE2_5_66),V(NODE2_5_67),V(NODE2_5_68),V(NODE2_5_69),V(NODE2_5_70),V(NODE2_5_71),V(NODE2_5_72),V(NODE2_5_73),V(NODE2_5_74),V(NODE2_5_75),V(NODE2_5_76),V(NODE2_5_77),V(NODE2_5_78),V(NODE2_5_79),V(NODE2_5_80),V(NODE2_5_81),V(NODE2_5_82),V(NODE2_5_83),V(NODE2_5_84),V(NODE2_5_85),V(NODE2_5_86),V(NODE2_5_87),V(NODE2_5_88),V(NODE2_5_89),V(NODE2_5_90),V(NODE2_5_91),V(NODE2_5_92),V(NODE2_5_93),V(NODE2_5_94),V(NODE2_5_95),V(NODE2_5_96),V(NODE2_5_97),V(NODE2_5_98),V(NODE2_5_99),V(NODE2_6_0),V(NODE2_6_1),V(NODE2_6_2),V(NODE2_6_3),V(NODE2_6_4),V(NODE2_6_5),V(NODE2_6_6),V(NODE2_6_7),V(NODE2_6_8),V(NODE2_6_9),V(NODE2_6_10),V(NODE2_6_11),V(NODE2_6_12),V(NODE2_6_13),V(NODE2_6_14),V(NODE2_6_15),V(NODE2_6_16),V(NODE2_6_17),V(NODE2_6_18),V(NODE2_6_19),V(NODE2_6_20),V(NODE2_6_21),V(NODE2_6_22),V(NODE2_6_23),V(NODE2_6_24),V(NODE2_6_25),V(NODE2_6_26),V(NODE2_6_27),V(NODE2_6_28),V(NODE2_6_29),V(NODE2_6_30),V(NODE2_6_31),V(NODE2_6_32),V(NODE2_6_33),V(NODE2_6_34),V(NODE2_6_35),V(NODE2_6_36),V(NODE2_6_37),V(NODE2_6_38),V(NODE2_6_39),V(NODE2_6_40),V(NODE2_6_41),V(NODE2_6_42),V(NODE2_6_43),V(NODE2_6_44),V(NODE2_6_45),V(NODE2_6_46),V(NODE2_6_47),V(NODE2_6_48),V(NODE2_6_49),V(NODE2_6_50),V(NODE2_6_51),V(NODE2_6_52),V(NODE2_6_53),V(NODE2_6_54),V(NODE2_6_55),V(NODE2_6_56),V(NODE2_6_57),V(NODE2_6_58),V(NODE2_6_59),V(NODE2_6_60),V(NODE2_6_61),V(NODE2_6_62),V(NODE2_6_63),V(NODE2_6_64),V(NODE2_6_65),V(NODE2_6_66),V(NODE2_6_67),V(NODE2_6_68),V(NODE2_6_69),V(NODE2_6_70),V(NODE2_6_71),V(NODE2_6_72),V(NODE2_6_73),V(NODE2_6_74),V(NODE2_6_75),V(NODE2_6_76),V(NODE2_6_77),V(NODE2_6_78),V(NODE2_6_79),V(NODE2_6_80),V(NODE2_6_81),V(NODE2_6_82),V(NODE2_6_83),V(NODE2_6_84),V(NODE2_6_85),V(NODE2_6_86),V(NODE2_6_87),V(NODE2_6_88),V(NODE2_6_89),V(NODE2_6_90),V(NODE2_6_91),V(NODE2_6_92),V(NODE2_6_93),V(NODE2_6_94),V(NODE2_6_95),V(NODE2_6_96),V(NODE2_6_97),V(NODE2_6_98),V(NODE2_6_99),V(NODE2_7_0),V(NODE2_7_1),V(NODE2_7_2),V(NODE2_7_3),V(NODE2_7_4),V(NODE2_7_5),V(NODE2_7_6),V(NODE2_7_7),V(NODE2_7_8),V(NODE2_7_9),V(NODE2_7_10),V(NODE2_7_11),V(NODE2_7_12),V(NODE2_7_13),V(NODE2_7_14),V(NODE2_7_15),V(NODE2_7_16),V(NODE2_7_17),V(NODE2_7_18),V(NODE2_7_19),V(NODE2_7_20),V(NODE2_7_21),V(NODE2_7_22),V(NODE2_7_23),V(NODE2_7_24),V(NODE2_7_25),V(NODE2_7_26),V(NODE2_7_27),V(NODE2_7_28),V(NODE2_7_29),V(NODE2_7_30),V(NODE2_7_31),V(NODE2_7_32),V(NODE2_7_33),V(NODE2_7_34),V(NODE2_7_35),V(NODE2_7_36),V(NODE2_7_37),V(NODE2_7_38),V(NODE2_7_39),V(NODE2_7_40),V(NODE2_7_41),V(NODE2_7_42),V(NODE2_7_43),V(NODE2_7_44),V(NODE2_7_45),V(NODE2_7_46),V(NODE2_7_47),V(NODE2_7_48),V(NODE2_7_49),V(NODE2_7_50),V(NODE2_7_51),V(NODE2_7_52),V(NODE2_7_53),V(NODE2_7_54),V(NODE2_7_55),V(NODE2_7_56),V(NODE2_7_57),V(NODE2_7_58),V(NODE2_7_59),V(NODE2_7_60),V(NODE2_7_61),V(NODE2_7_62),V(NODE2_7_63),V(NODE2_7_64),V(NODE2_7_65),V(NODE2_7_66),V(NODE2_7_67),V(NODE2_7_68),V(NODE2_7_69),V(NODE2_7_70),V(NODE2_7_71),V(NODE2_7_72),V(NODE2_7_73),V(NODE2_7_74),V(NODE2_7_75),V(NODE2_7_76),V(NODE2_7_77),V(NODE2_7_78),V(NODE2_7_79),V(NODE2_7_80),V(NODE2_7_81),V(NODE2_7_82),V(NODE2_7_83),V(NODE2_7_84),V(NODE2_7_85),V(NODE2_7_86),V(NODE2_7_87),V(NODE2_7_88),V(NODE2_7_89),V(NODE2_7_90),V(NODE2_7_91),V(NODE2_7_92),V(NODE2_7_93),V(NODE2_7_94),V(NODE2_7_95),V(NODE2_7_96),V(NODE2_7_97),V(NODE2_7_98),V(NODE2_7_99),V(NODE2_8_0),V(NODE2_8_1),V(NODE2_8_2),V(NODE2_8_3),V(NODE2_8_4),V(NODE2_8_5),V(NODE2_8_6),V(NODE2_8_7),V(NODE2_8_8),V(NODE2_8_9),V(NODE2_8_10),V(NODE2_8_11),V(NODE2_8_12),V(NODE2_8_13),V(NODE2_8_14),V(NODE2_8_15),V(NODE2_8_16),V(NODE2_8_17),V(NODE2_8_18),V(NODE2_8_19),V(NODE2_8_20),V(NODE2_8_21),V(NODE2_8_22),V(NODE2_8_23),V(NODE2_8_24),V(NODE2_8_25),V(NODE2_8_26),V(NODE2_8_27),V(NODE2_8_28),V(NODE2_8_29),V(NODE2_8_30),V(NODE2_8_31),V(NODE2_8_32),V(NODE2_8_33),V(NODE2_8_34),V(NODE2_8_35),V(NODE2_8_36),V(NODE2_8_37),V(NODE2_8_38),V(NODE2_8_39),V(NODE2_8_40),V(NODE2_8_41),V(NODE2_8_42),V(NODE2_8_43),V(NODE2_8_44),V(NODE2_8_45),V(NODE2_8_46),V(NODE2_8_47),V(NODE2_8_48),V(NODE2_8_49),V(NODE2_8_50),V(NODE2_8_51),V(NODE2_8_52),V(NODE2_8_53),V(NODE2_8_54),V(NODE2_8_55),V(NODE2_8_56),V(NODE2_8_57),V(NODE2_8_58),V(NODE2_8_59),V(NODE2_8_60),V(NODE2_8_61),V(NODE2_8_62),V(NODE2_8_63),V(NODE2_8_64),V(NODE2_8_65),V(NODE2_8_66),V(NODE2_8_67),V(NODE2_8_68),V(NODE2_8_69),V(NODE2_8_70),V(NODE2_8_71),V(NODE2_8_72),V(NODE2_8_73),V(NODE2_8_74),V(NODE2_8_75),V(NODE2_8_76),V(NODE2_8_77),V(NODE2_8_78),V(NODE2_8_79),V(NODE2_8_80),V(NODE2_8_81),V(NODE2_8_82),V(NODE2_8_83),V(NODE2_8_84),V(NODE2_8_85),V(NODE2_8_86),V(NODE2_8_87),V(NODE2_8_88),V(NODE2_8_89),V(NODE2_8_90),V(NODE2_8_91),V(NODE2_8_92),V(NODE2_8_93),V(NODE2_8_94),V(NODE2_8_95),V(NODE2_8_96),V(NODE2_8_97),V(NODE2_8_98),V(NODE2_8_99),V(NODE2_9_0),V(NODE2_9_1),V(NODE2_9_2),V(NODE2_9_3),V(NODE2_9_4),V(NODE2_9_5),V(NODE2_9_6),V(NODE2_9_7),V(NODE2_9_8),V(NODE2_9_9),V(NODE2_9_10),V(NODE2_9_11),V(NODE2_9_12),V(NODE2_9_13),V(NODE2_9_14),V(NODE2_9_15),V(NODE2_9_16),V(NODE2_9_17),V(NODE2_9_18),V(NODE2_9_19),V(NODE2_9_20),V(NODE2_9_21),V(NODE2_9_22),V(NODE2_9_23),V(NODE2_9_24),V(NODE2_9_25),V(NODE2_9_26),V(NODE2_9_27),V(NODE2_9_28),V(NODE2_9_29),V(NODE2_9_30),V(NODE2_9_31),V(NODE2_9_32),V(NODE2_9_33),V(NODE2_9_34),V(NODE2_9_35),V(NODE2_9_36),V(NODE2_9_37),V(NODE2_9_38),V(NODE2_9_39),V(NODE2_9_40),V(NODE2_9_41),V(NODE2_9_42),V(NODE2_9_43),V(NODE2_9_44),V(NODE2_9_45),V(NODE2_9_46),V(NODE2_9_47),V(NODE2_9_48),V(NODE2_9_49),V(NODE2_9_50),V(NODE2_9_51),V(NODE2_9_52),V(NODE2_9_53),V(NODE2_9_54),V(NODE2_9_55),V(NODE2_9_56),V(NODE2_9_57),V(NODE2_9_58),V(NODE2_9_59),V(NODE2_9_60),V(NODE2_9_61),V(NODE2_9_62),V(NODE2_9_63),V(NODE2_9_64),V(NODE2_9_65),V(NODE2_9_66),V(NODE2_9_67),V(NODE2_9_68),V(NODE2_9_69),V(NODE2_9_70),V(NODE2_9_71),V(NODE2_9_72),V(NODE2_9_73),V(NODE2_9_74),V(NODE2_9_75),V(NODE2_9_76),V(NODE2_9_77),V(NODE2_9_78),V(NODE2_9_79),V(NODE2_9_80),V(NODE2_9_81),V(NODE2_9_82),V(NODE2_9_83),V(NODE2_9_84),V(NODE2_9_85),V(NODE2_9_86),V(NODE2_9_87),V(NODE2_9_88),V(NODE2_9_89),V(NODE2_9_90),V(NODE2_9_91),V(NODE2_9_92),V(NODE2_9_93),V(NODE2_9_94),V(NODE2_9_95),V(NODE2_9_96),V(NODE2_9_97),V(NODE2_9_98),V(NODE2_9_99),V(NODE2_10_0),V(NODE2_10_1),V(NODE2_10_2),V(NODE2_10_3),V(NODE2_10_4),V(NODE2_10_5),V(NODE2_10_6),V(NODE2_10_7),V(NODE2_10_8),V(NODE2_10_9),V(NODE2_10_10),V(NODE2_10_11),V(NODE2_10_12),V(NODE2_10_13),V(NODE2_10_14),V(NODE2_10_15),V(NODE2_10_16),V(NODE2_10_17),V(NODE2_10_18),V(NODE2_10_19),V(NODE2_10_20),V(NODE2_10_21),V(NODE2_10_22),V(NODE2_10_23),V(NODE2_10_24),V(NODE2_10_25),V(NODE2_10_26),V(NODE2_10_27),V(NODE2_10_28),V(NODE2_10_29),V(NODE2_10_30),V(NODE2_10_31),V(NODE2_10_32),V(NODE2_10_33),V(NODE2_10_34),V(NODE2_10_35),V(NODE2_10_36),V(NODE2_10_37),V(NODE2_10_38),V(NODE2_10_39),V(NODE2_10_40),V(NODE2_10_41),V(NODE2_10_42),V(NODE2_10_43),V(NODE2_10_44),V(NODE2_10_45),V(NODE2_10_46),V(NODE2_10_47),V(NODE2_10_48),V(NODE2_10_49),V(NODE2_10_50),V(NODE2_10_51),V(NODE2_10_52),V(NODE2_10_53),V(NODE2_10_54),V(NODE2_10_55),V(NODE2_10_56),V(NODE2_10_57),V(NODE2_10_58),V(NODE2_10_59),V(NODE2_10_60),V(NODE2_10_61),V(NODE2_10_62),V(NODE2_10_63),V(NODE2_10_64),V(NODE2_10_65),V(NODE2_10_66),V(NODE2_10_67),V(NODE2_10_68),V(NODE2_10_69),V(NODE2_10_70),V(NODE2_10_71),V(NODE2_10_72),V(NODE2_10_73),V(NODE2_10_74),V(NODE2_10_75),V(NODE2_10_76),V(NODE2_10_77),V(NODE2_10_78),V(NODE2_10_79),V(NODE2_10_80),V(NODE2_10_81),V(NODE2_10_82),V(NODE2_10_83),V(NODE2_10_84),V(NODE2_10_85),V(NODE2_10_86),V(NODE2_10_87),V(NODE2_10_88),V(NODE2_10_89),V(NODE2_10_90),V(NODE2_10_91),V(NODE2_10_92),V(NODE2_10_93),V(NODE2_10_94),V(NODE2_10_95),V(NODE2_10_96),V(NODE2_10_97),V(NODE2_10_98),V(NODE2_10_99),V(NODE2_11_0),V(NODE2_11_1),V(NODE2_11_2),V(NODE2_11_3),V(NODE2_11_4),V(NODE2_11_5),V(NODE2_11_6),V(NODE2_11_7),V(NODE2_11_8),V(NODE2_11_9),V(NODE2_11_10),V(NODE2_11_11),V(NODE2_11_12),V(NODE2_11_13),V(NODE2_11_14),V(NODE2_11_15),V(NODE2_11_16),V(NODE2_11_17),V(NODE2_11_18),V(NODE2_11_19),V(NODE2_11_20),V(NODE2_11_21),V(NODE2_11_22),V(NODE2_11_23),V(NODE2_11_24),V(NODE2_11_25),V(NODE2_11_26),V(NODE2_11_27),V(NODE2_11_28),V(NODE2_11_29),V(NODE2_11_30),V(NODE2_11_31),V(NODE2_11_32),V(NODE2_11_33),V(NODE2_11_34),V(NODE2_11_35),V(NODE2_11_36),V(NODE2_11_37),V(NODE2_11_38),V(NODE2_11_39),V(NODE2_11_40),V(NODE2_11_41),V(NODE2_11_42),V(NODE2_11_43),V(NODE2_11_44),V(NODE2_11_45),V(NODE2_11_46),V(NODE2_11_47),V(NODE2_11_48),V(NODE2_11_49),V(NODE2_11_50),V(NODE2_11_51),V(NODE2_11_52),V(NODE2_11_53),V(NODE2_11_54),V(NODE2_11_55),V(NODE2_11_56),V(NODE2_11_57),V(NODE2_11_58),V(NODE2_11_59),V(NODE2_11_60),V(NODE2_11_61),V(NODE2_11_62),V(NODE2_11_63),V(NODE2_11_64),V(NODE2_11_65),V(NODE2_11_66),V(NODE2_11_67),V(NODE2_11_68),V(NODE2_11_69),V(NODE2_11_70),V(NODE2_11_71),V(NODE2_11_72),V(NODE2_11_73),V(NODE2_11_74),V(NODE2_11_75),V(NODE2_11_76),V(NODE2_11_77),V(NODE2_11_78),V(NODE2_11_79),V(NODE2_11_80),V(NODE2_11_81),V(NODE2_11_82),V(NODE2_11_83),V(NODE2_11_84),V(NODE2_11_85),V(NODE2_11_86),V(NODE2_11_87),V(NODE2_11_88),V(NODE2_11_89),V(NODE2_11_90),V(NODE2_11_91),V(NODE2_11_92),V(NODE2_11_93),V(NODE2_11_94),V(NODE2_11_95),V(NODE2_11_96),V(NODE2_11_97),V(NODE2_11_98),V(NODE2_11_99),V(NODE2_12_0),V(NODE2_12_1),V(NODE2_12_2),V(NODE2_12_3),V(NODE2_12_4),V(NODE2_12_5),V(NODE2_12_6),V(NODE2_12_7),V(NODE2_12_8),V(NODE2_12_9),V(NODE2_12_10),V(NODE2_12_11),V(NODE2_12_12),V(NODE2_12_13),V(NODE2_12_14),V(NODE2_12_15),V(NODE2_12_16),V(NODE2_12_17),V(NODE2_12_18),V(NODE2_12_19),V(NODE2_12_20),V(NODE2_12_21),V(NODE2_12_22),V(NODE2_12_23),V(NODE2_12_24),V(NODE2_12_25),V(NODE2_12_26),V(NODE2_12_27),V(NODE2_12_28),V(NODE2_12_29),V(NODE2_12_30),V(NODE2_12_31),V(NODE2_12_32),V(NODE2_12_33),V(NODE2_12_34),V(NODE2_12_35),V(NODE2_12_36),V(NODE2_12_37),V(NODE2_12_38),V(NODE2_12_39),V(NODE2_12_40),V(NODE2_12_41),V(NODE2_12_42),V(NODE2_12_43),V(NODE2_12_44),V(NODE2_12_45),V(NODE2_12_46),V(NODE2_12_47),V(NODE2_12_48),V(NODE2_12_49),V(NODE2_12_50),V(NODE2_12_51),V(NODE2_12_52),V(NODE2_12_53),V(NODE2_12_54),V(NODE2_12_55),V(NODE2_12_56),V(NODE2_12_57),V(NODE2_12_58),V(NODE2_12_59),V(NODE2_12_60),V(NODE2_12_61),V(NODE2_12_62),V(NODE2_12_63),V(NODE2_12_64),V(NODE2_12_65),V(NODE2_12_66),V(NODE2_12_67),V(NODE2_12_68),V(NODE2_12_69),V(NODE2_12_70),V(NODE2_12_71),V(NODE2_12_72),V(NODE2_12_73),V(NODE2_12_74),V(NODE2_12_75),V(NODE2_12_76),V(NODE2_12_77),V(NODE2_12_78),V(NODE2_12_79),V(NODE2_12_80),V(NODE2_12_81),V(NODE2_12_82),V(NODE2_12_83),V(NODE2_12_84),V(NODE2_12_85),V(NODE2_12_86),V(NODE2_12_87),V(NODE2_12_88),V(NODE2_12_89),V(NODE2_12_90),V(NODE2_12_91),V(NODE2_12_92),V(NODE2_12_93),V(NODE2_12_94),V(NODE2_12_95),V(NODE2_12_96),V(NODE2_12_97),V(NODE2_12_98),V(NODE2_12_99),V(NODE2_13_0),V(NODE2_13_1),V(NODE2_13_2),V(NODE2_13_3),V(NODE2_13_4),V(NODE2_13_5),V(NODE2_13_6),V(NODE2_13_7),V(NODE2_13_8),V(NODE2_13_9),V(NODE2_13_10),V(NODE2_13_11),V(NODE2_13_12),V(NODE2_13_13),V(NODE2_13_14),V(NODE2_13_15),V(NODE2_13_16),V(NODE2_13_17),V(NODE2_13_18),V(NODE2_13_19),V(NODE2_13_20),V(NODE2_13_21),V(NODE2_13_22),V(NODE2_13_23),V(NODE2_13_24),V(NODE2_13_25),V(NODE2_13_26),V(NODE2_13_27),V(NODE2_13_28),V(NODE2_13_29),V(NODE2_13_30),V(NODE2_13_31),V(NODE2_13_32),V(NODE2_13_33),V(NODE2_13_34),V(NODE2_13_35),V(NODE2_13_36),V(NODE2_13_37),V(NODE2_13_38),V(NODE2_13_39),V(NODE2_13_40),V(NODE2_13_41),V(NODE2_13_42),V(NODE2_13_43),V(NODE2_13_44),V(NODE2_13_45),V(NODE2_13_46),V(NODE2_13_47),V(NODE2_13_48),V(NODE2_13_49),V(NODE2_13_50),V(NODE2_13_51),V(NODE2_13_52),V(NODE2_13_53),V(NODE2_13_54),V(NODE2_13_55),V(NODE2_13_56),V(NODE2_13_57),V(NODE2_13_58),V(NODE2_13_59),V(NODE2_13_60),V(NODE2_13_61),V(NODE2_13_62),V(NODE2_13_63),V(NODE2_13_64),V(NODE2_13_65),V(NODE2_13_66),V(NODE2_13_67),V(NODE2_13_68),V(NODE2_13_69),V(NODE2_13_70),V(NODE2_13_71),V(NODE2_13_72),V(NODE2_13_73),V(NODE2_13_74),V(NODE2_13_75),V(NODE2_13_76),V(NODE2_13_77),V(NODE2_13_78),V(NODE2_13_79),V(NODE2_13_80),V(NODE2_13_81),V(NODE2_13_82),V(NODE2_13_83),V(NODE2_13_84),V(NODE2_13_85),V(NODE2_13_86),V(NODE2_13_87),V(NODE2_13_88),V(NODE2_13_89),V(NODE2_13_90),V(NODE2_13_91),V(NODE2_13_92),V(NODE2_13_93),V(NODE2_13_94),V(NODE2_13_95),V(NODE2_13_96),V(NODE2_13_97),V(NODE2_13_98),V(NODE2_13_99),V(NODE2_14_0),V(NODE2_14_1),V(NODE2_14_2),V(NODE2_14_3),V(NODE2_14_4),V(NODE2_14_5),V(NODE2_14_6),V(NODE2_14_7),V(NODE2_14_8),V(NODE2_14_9),V(NODE2_14_10),V(NODE2_14_11),V(NODE2_14_12),V(NODE2_14_13),V(NODE2_14_14),V(NODE2_14_15),V(NODE2_14_16),V(NODE2_14_17),V(NODE2_14_18),V(NODE2_14_19),V(NODE2_14_20),V(NODE2_14_21),V(NODE2_14_22),V(NODE2_14_23),V(NODE2_14_24),V(NODE2_14_25),V(NODE2_14_26),V(NODE2_14_27),V(NODE2_14_28),V(NODE2_14_29),V(NODE2_14_30),V(NODE2_14_31),V(NODE2_14_32),V(NODE2_14_33),V(NODE2_14_34),V(NODE2_14_35),V(NODE2_14_36),V(NODE2_14_37),V(NODE2_14_38),V(NODE2_14_39),V(NODE2_14_40),V(NODE2_14_41),V(NODE2_14_42),V(NODE2_14_43),V(NODE2_14_44),V(NODE2_14_45),V(NODE2_14_46),V(NODE2_14_47),V(NODE2_14_48),V(NODE2_14_49),V(NODE2_14_50),V(NODE2_14_51),V(NODE2_14_52),V(NODE2_14_53),V(NODE2_14_54),V(NODE2_14_55),V(NODE2_14_56),V(NODE2_14_57),V(NODE2_14_58),V(NODE2_14_59),V(NODE2_14_60),V(NODE2_14_61),V(NODE2_14_62),V(NODE2_14_63),V(NODE2_14_64),V(NODE2_14_65),V(NODE2_14_66),V(NODE2_14_67),V(NODE2_14_68),V(NODE2_14_69),V(NODE2_14_70),V(NODE2_14_71),V(NODE2_14_72),V(NODE2_14_73),V(NODE2_14_74),V(NODE2_14_75),V(NODE2_14_76),V(NODE2_14_77),V(NODE2_14_78),V(NODE2_14_79),V(NODE2_14_80),V(NODE2_14_81),V(NODE2_14_82),V(NODE2_14_83),V(NODE2_14_84),V(NODE2_14_85),V(NODE2_14_86),V(NODE2_14_87),V(NODE2_14_88),V(NODE2_14_89),V(NODE2_14_90),V(NODE2_14_91),V(NODE2_14_92),V(NODE2_14_93),V(NODE2_14_94),V(NODE2_14_95),V(NODE2_14_96),V(NODE2_14_97),V(NODE2_14_98),V(NODE2_14_99),V(NODE2_15_0),V(NODE2_15_1),V(NODE2_15_2),V(NODE2_15_3),V(NODE2_15_4),V(NODE2_15_5),V(NODE2_15_6),V(NODE2_15_7),V(NODE2_15_8),V(NODE2_15_9),V(NODE2_15_10),V(NODE2_15_11),V(NODE2_15_12),V(NODE2_15_13),V(NODE2_15_14),V(NODE2_15_15),V(NODE2_15_16),V(NODE2_15_17),V(NODE2_15_18),V(NODE2_15_19),V(NODE2_15_20),V(NODE2_15_21),V(NODE2_15_22),V(NODE2_15_23),V(NODE2_15_24),V(NODE2_15_25),V(NODE2_15_26),V(NODE2_15_27),V(NODE2_15_28),V(NODE2_15_29),V(NODE2_15_30),V(NODE2_15_31),V(NODE2_15_32),V(NODE2_15_33),V(NODE2_15_34),V(NODE2_15_35),V(NODE2_15_36),V(NODE2_15_37),V(NODE2_15_38),V(NODE2_15_39),V(NODE2_15_40),V(NODE2_15_41),V(NODE2_15_42),V(NODE2_15_43),V(NODE2_15_44),V(NODE2_15_45),V(NODE2_15_46),V(NODE2_15_47),V(NODE2_15_48),V(NODE2_15_49),V(NODE2_15_50),V(NODE2_15_51),V(NODE2_15_52),V(NODE2_15_53),V(NODE2_15_54),V(NODE2_15_55),V(NODE2_15_56),V(NODE2_15_57),V(NODE2_15_58),V(NODE2_15_59),V(NODE2_15_60),V(NODE2_15_61),V(NODE2_15_62),V(NODE2_15_63),V(NODE2_15_64),V(NODE2_15_65),V(NODE2_15_66),V(NODE2_15_67),V(NODE2_15_68),V(NODE2_15_69),V(NODE2_15_70),V(NODE2_15_71),V(NODE2_15_72),V(NODE2_15_73),V(NODE2_15_74),V(NODE2_15_75),V(NODE2_15_76),V(NODE2_15_77),V(NODE2_15_78),V(NODE2_15_79),V(NODE2_15_80),V(NODE2_15_81),V(NODE2_15_82),V(NODE2_15_83),V(NODE2_15_84),V(NODE2_15_85),V(NODE2_15_86),V(NODE2_15_87),V(NODE2_15_88),V(NODE2_15_89),V(NODE2_15_90),V(NODE2_15_91),V(NODE2_15_92),V(NODE2_15_93),V(NODE2_15_94),V(NODE2_15_95),V(NODE2_15_96),V(NODE2_15_97),V(NODE2_15_98),V(NODE2_15_99),V(NODE2_16_0),V(NODE2_16_1),V(NODE2_16_2),V(NODE2_16_3),V(NODE2_16_4),V(NODE2_16_5),V(NODE2_16_6),V(NODE2_16_7),V(NODE2_16_8),V(NODE2_16_9),V(NODE2_16_10),V(NODE2_16_11),V(NODE2_16_12),V(NODE2_16_13),V(NODE2_16_14),V(NODE2_16_15),V(NODE2_16_16),V(NODE2_16_17),V(NODE2_16_18),V(NODE2_16_19),V(NODE2_16_20),V(NODE2_16_21),V(NODE2_16_22),V(NODE2_16_23),V(NODE2_16_24),V(NODE2_16_25),V(NODE2_16_26),V(NODE2_16_27),V(NODE2_16_28),V(NODE2_16_29),V(NODE2_16_30),V(NODE2_16_31),V(NODE2_16_32),V(NODE2_16_33),V(NODE2_16_34),V(NODE2_16_35),V(NODE2_16_36),V(NODE2_16_37),V(NODE2_16_38),V(NODE2_16_39),V(NODE2_16_40),V(NODE2_16_41),V(NODE2_16_42),V(NODE2_16_43),V(NODE2_16_44),V(NODE2_16_45),V(NODE2_16_46),V(NODE2_16_47),V(NODE2_16_48),V(NODE2_16_49),V(NODE2_16_50),V(NODE2_16_51),V(NODE2_16_52),V(NODE2_16_53),V(NODE2_16_54),V(NODE2_16_55),V(NODE2_16_56),V(NODE2_16_57),V(NODE2_16_58),V(NODE2_16_59),V(NODE2_16_60),V(NODE2_16_61),V(NODE2_16_62),V(NODE2_16_63),V(NODE2_16_64),V(NODE2_16_65),V(NODE2_16_66),V(NODE2_16_67),V(NODE2_16_68),V(NODE2_16_69),V(NODE2_16_70),V(NODE2_16_71),V(NODE2_16_72),V(NODE2_16_73),V(NODE2_16_74),V(NODE2_16_75),V(NODE2_16_76),V(NODE2_16_77),V(NODE2_16_78),V(NODE2_16_79),V(NODE2_16_80),V(NODE2_16_81),V(NODE2_16_82),V(NODE2_16_83),V(NODE2_16_84),V(NODE2_16_85),V(NODE2_16_86),V(NODE2_16_87),V(NODE2_16_88),V(NODE2_16_89),V(NODE2_16_90),V(NODE2_16_91),V(NODE2_16_92),V(NODE2_16_93),V(NODE2_16_94),V(NODE2_16_95),V(NODE2_16_96),V(NODE2_16_97),V(NODE2_16_98),V(NODE2_16_99),V(NODE2_17_0),V(NODE2_17_1),V(NODE2_17_2),V(NODE2_17_3),V(NODE2_17_4),V(NODE2_17_5),V(NODE2_17_6),V(NODE2_17_7),V(NODE2_17_8),V(NODE2_17_9),V(NODE2_17_10),V(NODE2_17_11),V(NODE2_17_12),V(NODE2_17_13),V(NODE2_17_14),V(NODE2_17_15),V(NODE2_17_16),V(NODE2_17_17),V(NODE2_17_18),V(NODE2_17_19),V(NODE2_17_20),V(NODE2_17_21),V(NODE2_17_22),V(NODE2_17_23),V(NODE2_17_24),V(NODE2_17_25),V(NODE2_17_26),V(NODE2_17_27),V(NODE2_17_28),V(NODE2_17_29),V(NODE2_17_30),V(NODE2_17_31),V(NODE2_17_32),V(NODE2_17_33),V(NODE2_17_34),V(NODE2_17_35),V(NODE2_17_36),V(NODE2_17_37),V(NODE2_17_38),V(NODE2_17_39),V(NODE2_17_40),V(NODE2_17_41),V(NODE2_17_42),V(NODE2_17_43),V(NODE2_17_44),V(NODE2_17_45),V(NODE2_17_46),V(NODE2_17_47),V(NODE2_17_48),V(NODE2_17_49),V(NODE2_17_50),V(NODE2_17_51),V(NODE2_17_52),V(NODE2_17_53),V(NODE2_17_54),V(NODE2_17_55),V(NODE2_17_56),V(NODE2_17_57),V(NODE2_17_58),V(NODE2_17_59),V(NODE2_17_60),V(NODE2_17_61),V(NODE2_17_62),V(NODE2_17_63),V(NODE2_17_64),V(NODE2_17_65),V(NODE2_17_66),V(NODE2_17_67),V(NODE2_17_68),V(NODE2_17_69),V(NODE2_17_70),V(NODE2_17_71),V(NODE2_17_72),V(NODE2_17_73),V(NODE2_17_74),V(NODE2_17_75),V(NODE2_17_76),V(NODE2_17_77),V(NODE2_17_78),V(NODE2_17_79),V(NODE2_17_80),V(NODE2_17_81),V(NODE2_17_82),V(NODE2_17_83),V(NODE2_17_84),V(NODE2_17_85),V(NODE2_17_86),V(NODE2_17_87),V(NODE2_17_88),V(NODE2_17_89),V(NODE2_17_90),V(NODE2_17_91),V(NODE2_17_92),V(NODE2_17_93),V(NODE2_17_94),V(NODE2_17_95),V(NODE2_17_96),V(NODE2_17_97),V(NODE2_17_98),V(NODE2_17_99),V(NODE2_18_0),V(NODE2_18_1),V(NODE2_18_2),V(NODE2_18_3),V(NODE2_18_4),V(NODE2_18_5),V(NODE2_18_6),V(NODE2_18_7),V(NODE2_18_8),V(NODE2_18_9),V(NODE2_18_10),V(NODE2_18_11),V(NODE2_18_12),V(NODE2_18_13),V(NODE2_18_14),V(NODE2_18_15),V(NODE2_18_16),V(NODE2_18_17),V(NODE2_18_18),V(NODE2_18_19),V(NODE2_18_20),V(NODE2_18_21),V(NODE2_18_22),V(NODE2_18_23),V(NODE2_18_24),V(NODE2_18_25),V(NODE2_18_26),V(NODE2_18_27),V(NODE2_18_28),V(NODE2_18_29),V(NODE2_18_30),V(NODE2_18_31),V(NODE2_18_32),V(NODE2_18_33),V(NODE2_18_34),V(NODE2_18_35),V(NODE2_18_36),V(NODE2_18_37),V(NODE2_18_38),V(NODE2_18_39),V(NODE2_18_40),V(NODE2_18_41),V(NODE2_18_42),V(NODE2_18_43),V(NODE2_18_44),V(NODE2_18_45),V(NODE2_18_46),V(NODE2_18_47),V(NODE2_18_48),V(NODE2_18_49),V(NODE2_18_50),V(NODE2_18_51),V(NODE2_18_52),V(NODE2_18_53),V(NODE2_18_54),V(NODE2_18_55),V(NODE2_18_56),V(NODE2_18_57),V(NODE2_18_58),V(NODE2_18_59),V(NODE2_18_60),V(NODE2_18_61),V(NODE2_18_62),V(NODE2_18_63),V(NODE2_18_64),V(NODE2_18_65),V(NODE2_18_66),V(NODE2_18_67),V(NODE2_18_68),V(NODE2_18_69),V(NODE2_18_70),V(NODE2_18_71),V(NODE2_18_72),V(NODE2_18_73),V(NODE2_18_74),V(NODE2_18_75),V(NODE2_18_76),V(NODE2_18_77),V(NODE2_18_78),V(NODE2_18_79),V(NODE2_18_80),V(NODE2_18_81),V(NODE2_18_82),V(NODE2_18_83),V(NODE2_18_84),V(NODE2_18_85),V(NODE2_18_86),V(NODE2_18_87),V(NODE2_18_88),V(NODE2_18_89),V(NODE2_18_90),V(NODE2_18_91),V(NODE2_18_92),V(NODE2_18_93),V(NODE2_18_94),V(NODE2_18_95),V(NODE2_18_96),V(NODE2_18_97),V(NODE2_18_98),V(NODE2_18_99),V(NODE2_19_0),V(NODE2_19_1),V(NODE2_19_2),V(NODE2_19_3),V(NODE2_19_4),V(NODE2_19_5),V(NODE2_19_6),V(NODE2_19_7),V(NODE2_19_8),V(NODE2_19_9),V(NODE2_19_10),V(NODE2_19_11),V(NODE2_19_12),V(NODE2_19_13),V(NODE2_19_14),V(NODE2_19_15),V(NODE2_19_16),V(NODE2_19_17),V(NODE2_19_18),V(NODE2_19_19),V(NODE2_19_20),V(NODE2_19_21),V(NODE2_19_22),V(NODE2_19_23),V(NODE2_19_24),V(NODE2_19_25),V(NODE2_19_26),V(NODE2_19_27),V(NODE2_19_28),V(NODE2_19_29),V(NODE2_19_30),V(NODE2_19_31),V(NODE2_19_32),V(NODE2_19_33),V(NODE2_19_34),V(NODE2_19_35),V(NODE2_19_36),V(NODE2_19_37),V(NODE2_19_38),V(NODE2_19_39),V(NODE2_19_40),V(NODE2_19_41),V(NODE2_19_42),V(NODE2_19_43),V(NODE2_19_44),V(NODE2_19_45),V(NODE2_19_46),V(NODE2_19_47),V(NODE2_19_48),V(NODE2_19_49),V(NODE2_19_50),V(NODE2_19_51),V(NODE2_19_52),V(NODE2_19_53),V(NODE2_19_54),V(NODE2_19_55),V(NODE2_19_56),V(NODE2_19_57),V(NODE2_19_58),V(NODE2_19_59),V(NODE2_19_60),V(NODE2_19_61),V(NODE2_19_62),V(NODE2_19_63),V(NODE2_19_64),V(NODE2_19_65),V(NODE2_19_66),V(NODE2_19_67),V(NODE2_19_68),V(NODE2_19_69),V(NODE2_19_70),V(NODE2_19_71),V(NODE2_19_72),V(NODE2_19_73),V(NODE2_19_74),V(NODE2_19_75),V(NODE2_19_76),V(NODE2_19_77),V(NODE2_19_78),V(NODE2_19_79),V(NODE2_19_80),V(NODE2_19_81),V(NODE2_19_82),V(NODE2_19_83),V(NODE2_19_84),V(NODE2_19_85),V(NODE2_19_86),V(NODE2_19_87),V(NODE2_19_88),V(NODE2_19_89),V(NODE2_19_90),V(NODE2_19_91),V(NODE2_19_92),V(NODE2_19_93),V(NODE2_19_94),V(NODE2_19_95),V(NODE2_19_96),V(NODE2_19_97),V(NODE2_19_98),V(NODE2_19_99),V(NODE2_20_0),V(NODE2_20_1),V(NODE2_20_2),V(NODE2_20_3),V(NODE2_20_4),V(NODE2_20_5),V(NODE2_20_6),V(NODE2_20_7),V(NODE2_20_8),V(NODE2_20_9),V(NODE2_20_10),V(NODE2_20_11),V(NODE2_20_12),V(NODE2_20_13),V(NODE2_20_14),V(NODE2_20_15),V(NODE2_20_16),V(NODE2_20_17),V(NODE2_20_18),V(NODE2_20_19),V(NODE2_20_20),V(NODE2_20_21),V(NODE2_20_22),V(NODE2_20_23),V(NODE2_20_24),V(NODE2_20_25),V(NODE2_20_26),V(NODE2_20_27),V(NODE2_20_28),V(NODE2_20_29),V(NODE2_20_30),V(NODE2_20_31),V(NODE2_20_32),V(NODE2_20_33),V(NODE2_20_34),V(NODE2_20_35),V(NODE2_20_36),V(NODE2_20_37),V(NODE2_20_38),V(NODE2_20_39),V(NODE2_20_40),V(NODE2_20_41),V(NODE2_20_42),V(NODE2_20_43),V(NODE2_20_44),V(NODE2_20_45),V(NODE2_20_46),V(NODE2_20_47),V(NODE2_20_48),V(NODE2_20_49),V(NODE2_20_50),V(NODE2_20_51),V(NODE2_20_52),V(NODE2_20_53),V(NODE2_20_54),V(NODE2_20_55),V(NODE2_20_56),V(NODE2_20_57),V(NODE2_20_58),V(NODE2_20_59),V(NODE2_20_60),V(NODE2_20_61),V(NODE2_20_62),V(NODE2_20_63),V(NODE2_20_64),V(NODE2_20_65),V(NODE2_20_66),V(NODE2_20_67),V(NODE2_20_68),V(NODE2_20_69),V(NODE2_20_70),V(NODE2_20_71),V(NODE2_20_72),V(NODE2_20_73),V(NODE2_20_74),V(NODE2_20_75),V(NODE2_20_76),V(NODE2_20_77),V(NODE2_20_78),V(NODE2_20_79),V(NODE2_20_80),V(NODE2_20_81),V(NODE2_20_82),V(NODE2_20_83),V(NODE2_20_84),V(NODE2_20_85),V(NODE2_20_86),V(NODE2_20_87),V(NODE2_20_88),V(NODE2_20_89),V(NODE2_20_90),V(NODE2_20_91),V(NODE2_20_92),V(NODE2_20_93),V(NODE2_20_94),V(NODE2_20_95),V(NODE2_20_96),V(NODE2_20_97),V(NODE2_20_98),V(NODE2_20_99),V(NODE2_21_0),V(NODE2_21_1),V(NODE2_21_2),V(NODE2_21_3),V(NODE2_21_4),V(NODE2_21_5),V(NODE2_21_6),V(NODE2_21_7),V(NODE2_21_8),V(NODE2_21_9),V(NODE2_21_10),V(NODE2_21_11),V(NODE2_21_12),V(NODE2_21_13),V(NODE2_21_14),V(NODE2_21_15),V(NODE2_21_16),V(NODE2_21_17),V(NODE2_21_18),V(NODE2_21_19),V(NODE2_21_20),V(NODE2_21_21),V(NODE2_21_22),V(NODE2_21_23),V(NODE2_21_24),V(NODE2_21_25),V(NODE2_21_26),V(NODE2_21_27),V(NODE2_21_28),V(NODE2_21_29),V(NODE2_21_30),V(NODE2_21_31),V(NODE2_21_32),V(NODE2_21_33),V(NODE2_21_34),V(NODE2_21_35),V(NODE2_21_36),V(NODE2_21_37),V(NODE2_21_38),V(NODE2_21_39),V(NODE2_21_40),V(NODE2_21_41),V(NODE2_21_42),V(NODE2_21_43),V(NODE2_21_44),V(NODE2_21_45),V(NODE2_21_46),V(NODE2_21_47),V(NODE2_21_48),V(NODE2_21_49),V(NODE2_21_50),V(NODE2_21_51),V(NODE2_21_52),V(NODE2_21_53),V(NODE2_21_54),V(NODE2_21_55),V(NODE2_21_56),V(NODE2_21_57),V(NODE2_21_58),V(NODE2_21_59),V(NODE2_21_60),V(NODE2_21_61),V(NODE2_21_62),V(NODE2_21_63),V(NODE2_21_64),V(NODE2_21_65),V(NODE2_21_66),V(NODE2_21_67),V(NODE2_21_68),V(NODE2_21_69),V(NODE2_21_70),V(NODE2_21_71),V(NODE2_21_72),V(NODE2_21_73),V(NODE2_21_74),V(NODE2_21_75),V(NODE2_21_76),V(NODE2_21_77),V(NODE2_21_78),V(NODE2_21_79),V(NODE2_21_80),V(NODE2_21_81),V(NODE2_21_82),V(NODE2_21_83),V(NODE2_21_84),V(NODE2_21_85),V(NODE2_21_86),V(NODE2_21_87),V(NODE2_21_88),V(NODE2_21_89),V(NODE2_21_90),V(NODE2_21_91),V(NODE2_21_92),V(NODE2_21_93),V(NODE2_21_94),V(NODE2_21_95),V(NODE2_21_96),V(NODE2_21_97),V(NODE2_21_98),V(NODE2_21_99),V(NODE2_22_0),V(NODE2_22_1),V(NODE2_22_2),V(NODE2_22_3),V(NODE2_22_4),V(NODE2_22_5),V(NODE2_22_6),V(NODE2_22_7),V(NODE2_22_8),V(NODE2_22_9),V(NODE2_22_10),V(NODE2_22_11),V(NODE2_22_12),V(NODE2_22_13),V(NODE2_22_14),V(NODE2_22_15),V(NODE2_22_16),V(NODE2_22_17),V(NODE2_22_18),V(NODE2_22_19),V(NODE2_22_20),V(NODE2_22_21),V(NODE2_22_22),V(NODE2_22_23),V(NODE2_22_24),V(NODE2_22_25),V(NODE2_22_26),V(NODE2_22_27),V(NODE2_22_28),V(NODE2_22_29),V(NODE2_22_30),V(NODE2_22_31),V(NODE2_22_32),V(NODE2_22_33),V(NODE2_22_34),V(NODE2_22_35),V(NODE2_22_36),V(NODE2_22_37),V(NODE2_22_38),V(NODE2_22_39),V(NODE2_22_40),V(NODE2_22_41),V(NODE2_22_42),V(NODE2_22_43),V(NODE2_22_44),V(NODE2_22_45),V(NODE2_22_46),V(NODE2_22_47),V(NODE2_22_48),V(NODE2_22_49),V(NODE2_22_50),V(NODE2_22_51),V(NODE2_22_52),V(NODE2_22_53),V(NODE2_22_54),V(NODE2_22_55),V(NODE2_22_56),V(NODE2_22_57),V(NODE2_22_58),V(NODE2_22_59),V(NODE2_22_60),V(NODE2_22_61),V(NODE2_22_62),V(NODE2_22_63),V(NODE2_22_64),V(NODE2_22_65),V(NODE2_22_66),V(NODE2_22_67),V(NODE2_22_68),V(NODE2_22_69),V(NODE2_22_70),V(NODE2_22_71),V(NODE2_22_72),V(NODE2_22_73),V(NODE2_22_74),V(NODE2_22_75),V(NODE2_22_76),V(NODE2_22_77),V(NODE2_22_78),V(NODE2_22_79),V(NODE2_22_80),V(NODE2_22_81),V(NODE2_22_82),V(NODE2_22_83),V(NODE2_22_84),V(NODE2_22_85),V(NODE2_22_86),V(NODE2_22_87),V(NODE2_22_88),V(NODE2_22_89),V(NODE2_22_90),V(NODE2_22_91),V(NODE2_22_92),V(NODE2_22_93),V(NODE2_22_94),V(NODE2_22_95),V(NODE2_22_96),V(NODE2_22_97),V(NODE2_22_98),V(NODE2_22_99),V(NODE2_23_0),V(NODE2_23_1),V(NODE2_23_2),V(NODE2_23_3),V(NODE2_23_4),V(NODE2_23_5),V(NODE2_23_6),V(NODE2_23_7),V(NODE2_23_8),V(NODE2_23_9),V(NODE2_23_10),V(NODE2_23_11),V(NODE2_23_12),V(NODE2_23_13),V(NODE2_23_14),V(NODE2_23_15),V(NODE2_23_16),V(NODE2_23_17),V(NODE2_23_18),V(NODE2_23_19),V(NODE2_23_20),V(NODE2_23_21),V(NODE2_23_22),V(NODE2_23_23),V(NODE2_23_24),V(NODE2_23_25),V(NODE2_23_26),V(NODE2_23_27),V(NODE2_23_28),V(NODE2_23_29),V(NODE2_23_30),V(NODE2_23_31),V(NODE2_23_32),V(NODE2_23_33),V(NODE2_23_34),V(NODE2_23_35),V(NODE2_23_36),V(NODE2_23_37),V(NODE2_23_38),V(NODE2_23_39),V(NODE2_23_40),V(NODE2_23_41),V(NODE2_23_42),V(NODE2_23_43),V(NODE2_23_44),V(NODE2_23_45),V(NODE2_23_46),V(NODE2_23_47),V(NODE2_23_48),V(NODE2_23_49),V(NODE2_23_50),V(NODE2_23_51),V(NODE2_23_52),V(NODE2_23_53),V(NODE2_23_54),V(NODE2_23_55),V(NODE2_23_56),V(NODE2_23_57),V(NODE2_23_58),V(NODE2_23_59),V(NODE2_23_60),V(NODE2_23_61),V(NODE2_23_62),V(NODE2_23_63),V(NODE2_23_64),V(NODE2_23_65),V(NODE2_23_66),V(NODE2_23_67),V(NODE2_23_68),V(NODE2_23_69),V(NODE2_23_70),V(NODE2_23_71),V(NODE2_23_72),V(NODE2_23_73),V(NODE2_23_74),V(NODE2_23_75),V(NODE2_23_76),V(NODE2_23_77),V(NODE2_23_78),V(NODE2_23_79),V(NODE2_23_80),V(NODE2_23_81),V(NODE2_23_82),V(NODE2_23_83),V(NODE2_23_84),V(NODE2_23_85),V(NODE2_23_86),V(NODE2_23_87),V(NODE2_23_88),V(NODE2_23_89),V(NODE2_23_90),V(NODE2_23_91),V(NODE2_23_92),V(NODE2_23_93),V(NODE2_23_94),V(NODE2_23_95),V(NODE2_23_96),V(NODE2_23_97),V(NODE2_23_98),V(NODE2_23_99),V(NODE2_24_0),V(NODE2_24_1),V(NODE2_24_2),V(NODE2_24_3),V(NODE2_24_4),V(NODE2_24_5),V(NODE2_24_6),V(NODE2_24_7),V(NODE2_24_8),V(NODE2_24_9),V(NODE2_24_10),V(NODE2_24_11),V(NODE2_24_12),V(NODE2_24_13),V(NODE2_24_14),V(NODE2_24_15),V(NODE2_24_16),V(NODE2_24_17),V(NODE2_24_18),V(NODE2_24_19),V(NODE2_24_20),V(NODE2_24_21),V(NODE2_24_22),V(NODE2_24_23),V(NODE2_24_24),V(NODE2_24_25),V(NODE2_24_26),V(NODE2_24_27),V(NODE2_24_28),V(NODE2_24_29),V(NODE2_24_30),V(NODE2_24_31),V(NODE2_24_32),V(NODE2_24_33),V(NODE2_24_34),V(NODE2_24_35),V(NODE2_24_36),V(NODE2_24_37),V(NODE2_24_38),V(NODE2_24_39),V(NODE2_24_40),V(NODE2_24_41),V(NODE2_24_42),V(NODE2_24_43),V(NODE2_24_44),V(NODE2_24_45),V(NODE2_24_46),V(NODE2_24_47),V(NODE2_24_48),V(NODE2_24_49),V(NODE2_24_50),V(NODE2_24_51),V(NODE2_24_52),V(NODE2_24_53),V(NODE2_24_54),V(NODE2_24_55),V(NODE2_24_56),V(NODE2_24_57),V(NODE2_24_58),V(NODE2_24_59),V(NODE2_24_60),V(NODE2_24_61),V(NODE2_24_62),V(NODE2_24_63),V(NODE2_24_64),V(NODE2_24_65),V(NODE2_24_66),V(NODE2_24_67),V(NODE2_24_68),V(NODE2_24_69),V(NODE2_24_70),V(NODE2_24_71),V(NODE2_24_72),V(NODE2_24_73),V(NODE2_24_74),V(NODE2_24_75),V(NODE2_24_76),V(NODE2_24_77),V(NODE2_24_78),V(NODE2_24_79),V(NODE2_24_80),V(NODE2_24_81),V(NODE2_24_82),V(NODE2_24_83),V(NODE2_24_84),V(NODE2_24_85),V(NODE2_24_86),V(NODE2_24_87),V(NODE2_24_88),V(NODE2_24_89),V(NODE2_24_90),V(NODE2_24_91),V(NODE2_24_92),V(NODE2_24_93),V(NODE2_24_94),V(NODE2_24_95),V(NODE2_24_96),V(NODE2_24_97),V(NODE2_24_98),V(NODE2_24_99),V(NODE2_25_0),V(NODE2_25_1),V(NODE2_25_2),V(NODE2_25_3),V(NODE2_25_4),V(NODE2_25_5),V(NODE2_25_6),V(NODE2_25_7),V(NODE2_25_8),V(NODE2_25_9),V(NODE2_25_10),V(NODE2_25_11),V(NODE2_25_12),V(NODE2_25_13),V(NODE2_25_14),V(NODE2_25_15),V(NODE2_25_16),V(NODE2_25_17),V(NODE2_25_18),V(NODE2_25_19),V(NODE2_25_20),V(NODE2_25_21),V(NODE2_25_22),V(NODE2_25_23),V(NODE2_25_24),V(NODE2_25_25),V(NODE2_25_26),V(NODE2_25_27),V(NODE2_25_28),V(NODE2_25_29),V(NODE2_25_30),V(NODE2_25_31),V(NODE2_25_32),V(NODE2_25_33),V(NODE2_25_34),V(NODE2_25_35),V(NODE2_25_36),V(NODE2_25_37),V(NODE2_25_38),V(NODE2_25_39),V(NODE2_25_40),V(NODE2_25_41),V(NODE2_25_42),V(NODE2_25_43),V(NODE2_25_44),V(NODE2_25_45),V(NODE2_25_46),V(NODE2_25_47),V(NODE2_25_48),V(NODE2_25_49),V(NODE2_25_50),V(NODE2_25_51),V(NODE2_25_52),V(NODE2_25_53),V(NODE2_25_54),V(NODE2_25_55),V(NODE2_25_56),V(NODE2_25_57),V(NODE2_25_58),V(NODE2_25_59),V(NODE2_25_60),V(NODE2_25_61),V(NODE2_25_62),V(NODE2_25_63),V(NODE2_25_64),V(NODE2_25_65),V(NODE2_25_66),V(NODE2_25_67),V(NODE2_25_68),V(NODE2_25_69),V(NODE2_25_70),V(NODE2_25_71),V(NODE2_25_72),V(NODE2_25_73),V(NODE2_25_74),V(NODE2_25_75),V(NODE2_25_76),V(NODE2_25_77),V(NODE2_25_78),V(NODE2_25_79),V(NODE2_25_80),V(NODE2_25_81),V(NODE2_25_82),V(NODE2_25_83),V(NODE2_25_84),V(NODE2_25_85),V(NODE2_25_86),V(NODE2_25_87),V(NODE2_25_88),V(NODE2_25_89),V(NODE2_25_90),V(NODE2_25_91),V(NODE2_25_92),V(NODE2_25_93),V(NODE2_25_94),V(NODE2_25_95),V(NODE2_25_96),V(NODE2_25_97),V(NODE2_25_98),V(NODE2_25_99),V(NODE2_26_0),V(NODE2_26_1),V(NODE2_26_2),V(NODE2_26_3),V(NODE2_26_4),V(NODE2_26_5),V(NODE2_26_6),V(NODE2_26_7),V(NODE2_26_8),V(NODE2_26_9),V(NODE2_26_10),V(NODE2_26_11),V(NODE2_26_12),V(NODE2_26_13),V(NODE2_26_14),V(NODE2_26_15),V(NODE2_26_16),V(NODE2_26_17),V(NODE2_26_18),V(NODE2_26_19),V(NODE2_26_20),V(NODE2_26_21),V(NODE2_26_22),V(NODE2_26_23),V(NODE2_26_24),V(NODE2_26_25),V(NODE2_26_26),V(NODE2_26_27),V(NODE2_26_28),V(NODE2_26_29),V(NODE2_26_30),V(NODE2_26_31),V(NODE2_26_32),V(NODE2_26_33),V(NODE2_26_34),V(NODE2_26_35),V(NODE2_26_36),V(NODE2_26_37),V(NODE2_26_38),V(NODE2_26_39),V(NODE2_26_40),V(NODE2_26_41),V(NODE2_26_42),V(NODE2_26_43),V(NODE2_26_44),V(NODE2_26_45),V(NODE2_26_46),V(NODE2_26_47),V(NODE2_26_48),V(NODE2_26_49),V(NODE2_26_50),V(NODE2_26_51),V(NODE2_26_52),V(NODE2_26_53),V(NODE2_26_54),V(NODE2_26_55),V(NODE2_26_56),V(NODE2_26_57),V(NODE2_26_58),V(NODE2_26_59),V(NODE2_26_60),V(NODE2_26_61),V(NODE2_26_62),V(NODE2_26_63),V(NODE2_26_64),V(NODE2_26_65),V(NODE2_26_66),V(NODE2_26_67),V(NODE2_26_68),V(NODE2_26_69),V(NODE2_26_70),V(NODE2_26_71),V(NODE2_26_72),V(NODE2_26_73),V(NODE2_26_74),V(NODE2_26_75),V(NODE2_26_76),V(NODE2_26_77),V(NODE2_26_78),V(NODE2_26_79),V(NODE2_26_80),V(NODE2_26_81),V(NODE2_26_82),V(NODE2_26_83),V(NODE2_26_84),V(NODE2_26_85),V(NODE2_26_86),V(NODE2_26_87),V(NODE2_26_88),V(NODE2_26_89),V(NODE2_26_90),V(NODE2_26_91),V(NODE2_26_92),V(NODE2_26_93),V(NODE2_26_94),V(NODE2_26_95),V(NODE2_26_96),V(NODE2_26_97),V(NODE2_26_98),V(NODE2_26_99),V(NODE2_27_0),V(NODE2_27_1),V(NODE2_27_2),V(NODE2_27_3),V(NODE2_27_4),V(NODE2_27_5),V(NODE2_27_6),V(NODE2_27_7),V(NODE2_27_8),V(NODE2_27_9),V(NODE2_27_10),V(NODE2_27_11),V(NODE2_27_12),V(NODE2_27_13),V(NODE2_27_14),V(NODE2_27_15),V(NODE2_27_16),V(NODE2_27_17),V(NODE2_27_18),V(NODE2_27_19),V(NODE2_27_20),V(NODE2_27_21),V(NODE2_27_22),V(NODE2_27_23),V(NODE2_27_24),V(NODE2_27_25),V(NODE2_27_26),V(NODE2_27_27),V(NODE2_27_28),V(NODE2_27_29),V(NODE2_27_30),V(NODE2_27_31),V(NODE2_27_32),V(NODE2_27_33),V(NODE2_27_34),V(NODE2_27_35),V(NODE2_27_36),V(NODE2_27_37),V(NODE2_27_38),V(NODE2_27_39),V(NODE2_27_40),V(NODE2_27_41),V(NODE2_27_42),V(NODE2_27_43),V(NODE2_27_44),V(NODE2_27_45),V(NODE2_27_46),V(NODE2_27_47),V(NODE2_27_48),V(NODE2_27_49),V(NODE2_27_50),V(NODE2_27_51),V(NODE2_27_52),V(NODE2_27_53),V(NODE2_27_54),V(NODE2_27_55),V(NODE2_27_56),V(NODE2_27_57),V(NODE2_27_58),V(NODE2_27_59),V(NODE2_27_60),V(NODE2_27_61),V(NODE2_27_62),V(NODE2_27_63),V(NODE2_27_64),V(NODE2_27_65),V(NODE2_27_66),V(NODE2_27_67),V(NODE2_27_68),V(NODE2_27_69),V(NODE2_27_70),V(NODE2_27_71),V(NODE2_27_72),V(NODE2_27_73),V(NODE2_27_74),V(NODE2_27_75),V(NODE2_27_76),V(NODE2_27_77),V(NODE2_27_78),V(NODE2_27_79),V(NODE2_27_80),V(NODE2_27_81),V(NODE2_27_82),V(NODE2_27_83),V(NODE2_27_84),V(NODE2_27_85),V(NODE2_27_86),V(NODE2_27_87),V(NODE2_27_88),V(NODE2_27_89),V(NODE2_27_90),V(NODE2_27_91),V(NODE2_27_92),V(NODE2_27_93),V(NODE2_27_94),V(NODE2_27_95),V(NODE2_27_96),V(NODE2_27_97),V(NODE2_27_98),V(NODE2_27_99),V(NODE2_28_0),V(NODE2_28_1),V(NODE2_28_2),V(NODE2_28_3),V(NODE2_28_4),V(NODE2_28_5),V(NODE2_28_6),V(NODE2_28_7),V(NODE2_28_8),V(NODE2_28_9),V(NODE2_28_10),V(NODE2_28_11),V(NODE2_28_12),V(NODE2_28_13),V(NODE2_28_14),V(NODE2_28_15),V(NODE2_28_16),V(NODE2_28_17),V(NODE2_28_18),V(NODE2_28_19),V(NODE2_28_20),V(NODE2_28_21),V(NODE2_28_22),V(NODE2_28_23),V(NODE2_28_24),V(NODE2_28_25),V(NODE2_28_26),V(NODE2_28_27),V(NODE2_28_28),V(NODE2_28_29),V(NODE2_28_30),V(NODE2_28_31),V(NODE2_28_32),V(NODE2_28_33),V(NODE2_28_34),V(NODE2_28_35),V(NODE2_28_36),V(NODE2_28_37),V(NODE2_28_38),V(NODE2_28_39),V(NODE2_28_40),V(NODE2_28_41),V(NODE2_28_42),V(NODE2_28_43),V(NODE2_28_44),V(NODE2_28_45),V(NODE2_28_46),V(NODE2_28_47),V(NODE2_28_48),V(NODE2_28_49),V(NODE2_28_50),V(NODE2_28_51),V(NODE2_28_52),V(NODE2_28_53),V(NODE2_28_54),V(NODE2_28_55),V(NODE2_28_56),V(NODE2_28_57),V(NODE2_28_58),V(NODE2_28_59),V(NODE2_28_60),V(NODE2_28_61),V(NODE2_28_62),V(NODE2_28_63),V(NODE2_28_64),V(NODE2_28_65),V(NODE2_28_66),V(NODE2_28_67),V(NODE2_28_68),V(NODE2_28_69),V(NODE2_28_70),V(NODE2_28_71),V(NODE2_28_72),V(NODE2_28_73),V(NODE2_28_74),V(NODE2_28_75),V(NODE2_28_76),V(NODE2_28_77),V(NODE2_28_78),V(NODE2_28_79),V(NODE2_28_80),V(NODE2_28_81),V(NODE2_28_82),V(NODE2_28_83),V(NODE2_28_84),V(NODE2_28_85),V(NODE2_28_86),V(NODE2_28_87),V(NODE2_28_88),V(NODE2_28_89),V(NODE2_28_90),V(NODE2_28_91),V(NODE2_28_92),V(NODE2_28_93),V(NODE2_28_94),V(NODE2_28_95),V(NODE2_28_96),V(NODE2_28_97),V(NODE2_28_98),V(NODE2_28_99),V(NODE2_29_0),V(NODE2_29_1),V(NODE2_29_2),V(NODE2_29_3),V(NODE2_29_4),V(NODE2_29_5),V(NODE2_29_6),V(NODE2_29_7),V(NODE2_29_8),V(NODE2_29_9),V(NODE2_29_10),V(NODE2_29_11),V(NODE2_29_12),V(NODE2_29_13),V(NODE2_29_14),V(NODE2_29_15),V(NODE2_29_16),V(NODE2_29_17),V(NODE2_29_18),V(NODE2_29_19),V(NODE2_29_20),V(NODE2_29_21),V(NODE2_29_22),V(NODE2_29_23),V(NODE2_29_24),V(NODE2_29_25),V(NODE2_29_26),V(NODE2_29_27),V(NODE2_29_28),V(NODE2_29_29),V(NODE2_29_30),V(NODE2_29_31),V(NODE2_29_32),V(NODE2_29_33),V(NODE2_29_34),V(NODE2_29_35),V(NODE2_29_36),V(NODE2_29_37),V(NODE2_29_38),V(NODE2_29_39),V(NODE2_29_40),V(NODE2_29_41),V(NODE2_29_42),V(NODE2_29_43),V(NODE2_29_44),V(NODE2_29_45),V(NODE2_29_46),V(NODE2_29_47),V(NODE2_29_48),V(NODE2_29_49),V(NODE2_29_50),V(NODE2_29_51),V(NODE2_29_52),V(NODE2_29_53),V(NODE2_29_54),V(NODE2_29_55),V(NODE2_29_56),V(NODE2_29_57),V(NODE2_29_58),V(NODE2_29_59),V(NODE2_29_60),V(NODE2_29_61),V(NODE2_29_62),V(NODE2_29_63),V(NODE2_29_64),V(NODE2_29_65),V(NODE2_29_66),V(NODE2_29_67),V(NODE2_29_68),V(NODE2_29_69),V(NODE2_29_70),V(NODE2_29_71),V(NODE2_29_72),V(NODE2_29_73),V(NODE2_29_74),V(NODE2_29_75),V(NODE2_29_76),V(NODE2_29_77),V(NODE2_29_78),V(NODE2_29_79),V(NODE2_29_80),V(NODE2_29_81),V(NODE2_29_82),V(NODE2_29_83),V(NODE2_29_84),V(NODE2_29_85),V(NODE2_29_86),V(NODE2_29_87),V(NODE2_29_88),V(NODE2_29_89),V(NODE2_29_90),V(NODE2_29_91),V(NODE2_29_92),V(NODE2_29_93),V(NODE2_29_94),V(NODE2_29_95),V(NODE2_29_96),V(NODE2_29_97),V(NODE2_29_98),V(NODE2_29_99),V(NODE2_30_0),V(NODE2_30_1),V(NODE2_30_2),V(NODE2_30_3),V(NODE2_30_4),V(NODE2_30_5),V(NODE2_30_6),V(NODE2_30_7),V(NODE2_30_8),V(NODE2_30_9),V(NODE2_30_10),V(NODE2_30_11),V(NODE2_30_12),V(NODE2_30_13),V(NODE2_30_14),V(NODE2_30_15),V(NODE2_30_16),V(NODE2_30_17),V(NODE2_30_18),V(NODE2_30_19),V(NODE2_30_20),V(NODE2_30_21),V(NODE2_30_22),V(NODE2_30_23),V(NODE2_30_24),V(NODE2_30_25),V(NODE2_30_26),V(NODE2_30_27),V(NODE2_30_28),V(NODE2_30_29),V(NODE2_30_30),V(NODE2_30_31),V(NODE2_30_32),V(NODE2_30_33),V(NODE2_30_34),V(NODE2_30_35),V(NODE2_30_36),V(NODE2_30_37),V(NODE2_30_38),V(NODE2_30_39),V(NODE2_30_40),V(NODE2_30_41),V(NODE2_30_42),V(NODE2_30_43),V(NODE2_30_44),V(NODE2_30_45),V(NODE2_30_46),V(NODE2_30_47),V(NODE2_30_48),V(NODE2_30_49),V(NODE2_30_50),V(NODE2_30_51),V(NODE2_30_52),V(NODE2_30_53),V(NODE2_30_54),V(NODE2_30_55),V(NODE2_30_56),V(NODE2_30_57),V(NODE2_30_58),V(NODE2_30_59),V(NODE2_30_60),V(NODE2_30_61),V(NODE2_30_62),V(NODE2_30_63),V(NODE2_30_64),V(NODE2_30_65),V(NODE2_30_66),V(NODE2_30_67),V(NODE2_30_68),V(NODE2_30_69),V(NODE2_30_70),V(NODE2_30_71),V(NODE2_30_72),V(NODE2_30_73),V(NODE2_30_74),V(NODE2_30_75),V(NODE2_30_76),V(NODE2_30_77),V(NODE2_30_78),V(NODE2_30_79),V(NODE2_30_80),V(NODE2_30_81),V(NODE2_30_82),V(NODE2_30_83),V(NODE2_30_84),V(NODE2_30_85),V(NODE2_30_86),V(NODE2_30_87),V(NODE2_30_88),V(NODE2_30_89),V(NODE2_30_90),V(NODE2_30_91),V(NODE2_30_92),V(NODE2_30_93),V(NODE2_30_94),V(NODE2_30_95),V(NODE2_30_96),V(NODE2_30_97),V(NODE2_30_98),V(NODE2_30_99),V(NODE2_31_0),V(NODE2_31_1),V(NODE2_31_2),V(NODE2_31_3),V(NODE2_31_4),V(NODE2_31_5),V(NODE2_31_6),V(NODE2_31_7),V(NODE2_31_8),V(NODE2_31_9),V(NODE2_31_10),V(NODE2_31_11),V(NODE2_31_12),V(NODE2_31_13),V(NODE2_31_14),V(NODE2_31_15),V(NODE2_31_16),V(NODE2_31_17),V(NODE2_31_18),V(NODE2_31_19),V(NODE2_31_20),V(NODE2_31_21),V(NODE2_31_22),V(NODE2_31_23),V(NODE2_31_24),V(NODE2_31_25),V(NODE2_31_26),V(NODE2_31_27),V(NODE2_31_28),V(NODE2_31_29),V(NODE2_31_30),V(NODE2_31_31),V(NODE2_31_32),V(NODE2_31_33),V(NODE2_31_34),V(NODE2_31_35),V(NODE2_31_36),V(NODE2_31_37),V(NODE2_31_38),V(NODE2_31_39),V(NODE2_31_40),V(NODE2_31_41),V(NODE2_31_42),V(NODE2_31_43),V(NODE2_31_44),V(NODE2_31_45),V(NODE2_31_46),V(NODE2_31_47),V(NODE2_31_48),V(NODE2_31_49),V(NODE2_31_50),V(NODE2_31_51),V(NODE2_31_52),V(NODE2_31_53),V(NODE2_31_54),V(NODE2_31_55),V(NODE2_31_56),V(NODE2_31_57),V(NODE2_31_58),V(NODE2_31_59),V(NODE2_31_60),V(NODE2_31_61),V(NODE2_31_62),V(NODE2_31_63),V(NODE2_31_64),V(NODE2_31_65),V(NODE2_31_66),V(NODE2_31_67),V(NODE2_31_68),V(NODE2_31_69),V(NODE2_31_70),V(NODE2_31_71),V(NODE2_31_72),V(NODE2_31_73),V(NODE2_31_74),V(NODE2_31_75),V(NODE2_31_76),V(NODE2_31_77),V(NODE2_31_78),V(NODE2_31_79),V(NODE2_31_80),V(NODE2_31_81),V(NODE2_31_82),V(NODE2_31_83),V(NODE2_31_84),V(NODE2_31_85),V(NODE2_31_86),V(NODE2_31_87),V(NODE2_31_88),V(NODE2_31_89),V(NODE2_31_90),V(NODE2_31_91),V(NODE2_31_92),V(NODE2_31_93),V(NODE2_31_94),V(NODE2_31_95),V(NODE2_31_96),V(NODE2_31_97),V(NODE2_31_98),V(NODE2_31_99),V(NODE2_32_0),V(NODE2_32_1),V(NODE2_32_2),V(NODE2_32_3),V(NODE2_32_4),V(NODE2_32_5),V(NODE2_32_6),V(NODE2_32_7),V(NODE2_32_8),V(NODE2_32_9),V(NODE2_32_10),V(NODE2_32_11),V(NODE2_32_12),V(NODE2_32_13),V(NODE2_32_14),V(NODE2_32_15),V(NODE2_32_16),V(NODE2_32_17),V(NODE2_32_18),V(NODE2_32_19),V(NODE2_32_20),V(NODE2_32_21),V(NODE2_32_22),V(NODE2_32_23),V(NODE2_32_24),V(NODE2_32_25),V(NODE2_32_26),V(NODE2_32_27),V(NODE2_32_28),V(NODE2_32_29),V(NODE2_32_30),V(NODE2_32_31),V(NODE2_32_32),V(NODE2_32_33),V(NODE2_32_34),V(NODE2_32_35),V(NODE2_32_36),V(NODE2_32_37),V(NODE2_32_38),V(NODE2_32_39),V(NODE2_32_40),V(NODE2_32_41),V(NODE2_32_42),V(NODE2_32_43),V(NODE2_32_44),V(NODE2_32_45),V(NODE2_32_46),V(NODE2_32_47),V(NODE2_32_48),V(NODE2_32_49),V(NODE2_32_50),V(NODE2_32_51),V(NODE2_32_52),V(NODE2_32_53),V(NODE2_32_54),V(NODE2_32_55),V(NODE2_32_56),V(NODE2_32_57),V(NODE2_32_58),V(NODE2_32_59),V(NODE2_32_60),V(NODE2_32_61),V(NODE2_32_62),V(NODE2_32_63),V(NODE2_32_64),V(NODE2_32_65),V(NODE2_32_66),V(NODE2_32_67),V(NODE2_32_68),V(NODE2_32_69),V(NODE2_32_70),V(NODE2_32_71),V(NODE2_32_72),V(NODE2_32_73),V(NODE2_32_74),V(NODE2_32_75),V(NODE2_32_76),V(NODE2_32_77),V(NODE2_32_78),V(NODE2_32_79),V(NODE2_32_80),V(NODE2_32_81),V(NODE2_32_82),V(NODE2_32_83),V(NODE2_32_84),V(NODE2_32_85),V(NODE2_32_86),V(NODE2_32_87),V(NODE2_32_88),V(NODE2_32_89),V(NODE2_32_90),V(NODE2_32_91),V(NODE2_32_92),V(NODE2_32_93),V(NODE2_32_94),V(NODE2_32_95),V(NODE2_32_96),V(NODE2_32_97),V(NODE2_32_98),V(NODE2_32_99),V(NODE2_33_0),V(NODE2_33_1),V(NODE2_33_2),V(NODE2_33_3),V(NODE2_33_4),V(NODE2_33_5),V(NODE2_33_6),V(NODE2_33_7),V(NODE2_33_8),V(NODE2_33_9),V(NODE2_33_10),V(NODE2_33_11),V(NODE2_33_12),V(NODE2_33_13),V(NODE2_33_14),V(NODE2_33_15),V(NODE2_33_16),V(NODE2_33_17),V(NODE2_33_18),V(NODE2_33_19),V(NODE2_33_20),V(NODE2_33_21),V(NODE2_33_22),V(NODE2_33_23),V(NODE2_33_24),V(NODE2_33_25),V(NODE2_33_26),V(NODE2_33_27),V(NODE2_33_28),V(NODE2_33_29),V(NODE2_33_30),V(NODE2_33_31),V(NODE2_33_32),V(NODE2_33_33),V(NODE2_33_34),V(NODE2_33_35),V(NODE2_33_36),V(NODE2_33_37),V(NODE2_33_38),V(NODE2_33_39),V(NODE2_33_40),V(NODE2_33_41),V(NODE2_33_42),V(NODE2_33_43),V(NODE2_33_44),V(NODE2_33_45),V(NODE2_33_46),V(NODE2_33_47),V(NODE2_33_48),V(NODE2_33_49),V(NODE2_33_50),V(NODE2_33_51),V(NODE2_33_52),V(NODE2_33_53),V(NODE2_33_54),V(NODE2_33_55),V(NODE2_33_56),V(NODE2_33_57),V(NODE2_33_58),V(NODE2_33_59),V(NODE2_33_60),V(NODE2_33_61),V(NODE2_33_62),V(NODE2_33_63),V(NODE2_33_64),V(NODE2_33_65),V(NODE2_33_66),V(NODE2_33_67),V(NODE2_33_68),V(NODE2_33_69),V(NODE2_33_70),V(NODE2_33_71),V(NODE2_33_72),V(NODE2_33_73),V(NODE2_33_74),V(NODE2_33_75),V(NODE2_33_76),V(NODE2_33_77),V(NODE2_33_78),V(NODE2_33_79),V(NODE2_33_80),V(NODE2_33_81),V(NODE2_33_82),V(NODE2_33_83),V(NODE2_33_84),V(NODE2_33_85),V(NODE2_33_86),V(NODE2_33_87),V(NODE2_33_88),V(NODE2_33_89),V(NODE2_33_90),V(NODE2_33_91),V(NODE2_33_92),V(NODE2_33_93),V(NODE2_33_94),V(NODE2_33_95),V(NODE2_33_96),V(NODE2_33_97),V(NODE2_33_98),V(NODE2_33_99),V(NODE2_34_0),V(NODE2_34_1),V(NODE2_34_2),V(NODE2_34_3),V(NODE2_34_4),V(NODE2_34_5),V(NODE2_34_6),V(NODE2_34_7),V(NODE2_34_8),V(NODE2_34_9),V(NODE2_34_10),V(NODE2_34_11),V(NODE2_34_12),V(NODE2_34_13),V(NODE2_34_14),V(NODE2_34_15),V(NODE2_34_16),V(NODE2_34_17),V(NODE2_34_18),V(NODE2_34_19),V(NODE2_34_20),V(NODE2_34_21),V(NODE2_34_22),V(NODE2_34_23),V(NODE2_34_24),V(NODE2_34_25),V(NODE2_34_26),V(NODE2_34_27),V(NODE2_34_28),V(NODE2_34_29),V(NODE2_34_30),V(NODE2_34_31),V(NODE2_34_32),V(NODE2_34_33),V(NODE2_34_34),V(NODE2_34_35),V(NODE2_34_36),V(NODE2_34_37),V(NODE2_34_38),V(NODE2_34_39),V(NODE2_34_40),V(NODE2_34_41),V(NODE2_34_42),V(NODE2_34_43),V(NODE2_34_44),V(NODE2_34_45),V(NODE2_34_46),V(NODE2_34_47),V(NODE2_34_48),V(NODE2_34_49),V(NODE2_34_50),V(NODE2_34_51),V(NODE2_34_52),V(NODE2_34_53),V(NODE2_34_54),V(NODE2_34_55),V(NODE2_34_56),V(NODE2_34_57),V(NODE2_34_58),V(NODE2_34_59),V(NODE2_34_60),V(NODE2_34_61),V(NODE2_34_62),V(NODE2_34_63),V(NODE2_34_64),V(NODE2_34_65),V(NODE2_34_66),V(NODE2_34_67),V(NODE2_34_68),V(NODE2_34_69),V(NODE2_34_70),V(NODE2_34_71),V(NODE2_34_72),V(NODE2_34_73),V(NODE2_34_74),V(NODE2_34_75),V(NODE2_34_76),V(NODE2_34_77),V(NODE2_34_78),V(NODE2_34_79),V(NODE2_34_80),V(NODE2_34_81),V(NODE2_34_82),V(NODE2_34_83),V(NODE2_34_84),V(NODE2_34_85),V(NODE2_34_86),V(NODE2_34_87),V(NODE2_34_88),V(NODE2_34_89),V(NODE2_34_90),V(NODE2_34_91),V(NODE2_34_92),V(NODE2_34_93),V(NODE2_34_94),V(NODE2_34_95),V(NODE2_34_96),V(NODE2_34_97),V(NODE2_34_98),V(NODE2_34_99),V(NODE2_35_0),V(NODE2_35_1),V(NODE2_35_2),V(NODE2_35_3),V(NODE2_35_4),V(NODE2_35_5),V(NODE2_35_6),V(NODE2_35_7),V(NODE2_35_8),V(NODE2_35_9),V(NODE2_35_10),V(NODE2_35_11),V(NODE2_35_12),V(NODE2_35_13),V(NODE2_35_14),V(NODE2_35_15),V(NODE2_35_16),V(NODE2_35_17),V(NODE2_35_18),V(NODE2_35_19),V(NODE2_35_20),V(NODE2_35_21),V(NODE2_35_22),V(NODE2_35_23),V(NODE2_35_24),V(NODE2_35_25),V(NODE2_35_26),V(NODE2_35_27),V(NODE2_35_28),V(NODE2_35_29),V(NODE2_35_30),V(NODE2_35_31),V(NODE2_35_32),V(NODE2_35_33),V(NODE2_35_34),V(NODE2_35_35),V(NODE2_35_36),V(NODE2_35_37),V(NODE2_35_38),V(NODE2_35_39),V(NODE2_35_40),V(NODE2_35_41),V(NODE2_35_42),V(NODE2_35_43),V(NODE2_35_44),V(NODE2_35_45),V(NODE2_35_46),V(NODE2_35_47),V(NODE2_35_48),V(NODE2_35_49),V(NODE2_35_50),V(NODE2_35_51),V(NODE2_35_52),V(NODE2_35_53),V(NODE2_35_54),V(NODE2_35_55),V(NODE2_35_56),V(NODE2_35_57),V(NODE2_35_58),V(NODE2_35_59),V(NODE2_35_60),V(NODE2_35_61),V(NODE2_35_62),V(NODE2_35_63),V(NODE2_35_64),V(NODE2_35_65),V(NODE2_35_66),V(NODE2_35_67),V(NODE2_35_68),V(NODE2_35_69),V(NODE2_35_70),V(NODE2_35_71),V(NODE2_35_72),V(NODE2_35_73),V(NODE2_35_74),V(NODE2_35_75),V(NODE2_35_76),V(NODE2_35_77),V(NODE2_35_78),V(NODE2_35_79),V(NODE2_35_80),V(NODE2_35_81),V(NODE2_35_82),V(NODE2_35_83),V(NODE2_35_84),V(NODE2_35_85),V(NODE2_35_86),V(NODE2_35_87),V(NODE2_35_88),V(NODE2_35_89),V(NODE2_35_90),V(NODE2_35_91),V(NODE2_35_92),V(NODE2_35_93),V(NODE2_35_94),V(NODE2_35_95),V(NODE2_35_96),V(NODE2_35_97),V(NODE2_35_98),V(NODE2_35_99),V(NODE2_36_0),V(NODE2_36_1),V(NODE2_36_2),V(NODE2_36_3),V(NODE2_36_4),V(NODE2_36_5),V(NODE2_36_6),V(NODE2_36_7),V(NODE2_36_8),V(NODE2_36_9),V(NODE2_36_10),V(NODE2_36_11),V(NODE2_36_12),V(NODE2_36_13),V(NODE2_36_14),V(NODE2_36_15),V(NODE2_36_16),V(NODE2_36_17),V(NODE2_36_18),V(NODE2_36_19),V(NODE2_36_20),V(NODE2_36_21),V(NODE2_36_22),V(NODE2_36_23),V(NODE2_36_24),V(NODE2_36_25),V(NODE2_36_26),V(NODE2_36_27),V(NODE2_36_28),V(NODE2_36_29),V(NODE2_36_30),V(NODE2_36_31),V(NODE2_36_32),V(NODE2_36_33),V(NODE2_36_34),V(NODE2_36_35),V(NODE2_36_36),V(NODE2_36_37),V(NODE2_36_38),V(NODE2_36_39),V(NODE2_36_40),V(NODE2_36_41),V(NODE2_36_42),V(NODE2_36_43),V(NODE2_36_44),V(NODE2_36_45),V(NODE2_36_46),V(NODE2_36_47),V(NODE2_36_48),V(NODE2_36_49),V(NODE2_36_50),V(NODE2_36_51),V(NODE2_36_52),V(NODE2_36_53),V(NODE2_36_54),V(NODE2_36_55),V(NODE2_36_56),V(NODE2_36_57),V(NODE2_36_58),V(NODE2_36_59),V(NODE2_36_60),V(NODE2_36_61),V(NODE2_36_62),V(NODE2_36_63),V(NODE2_36_64),V(NODE2_36_65),V(NODE2_36_66),V(NODE2_36_67),V(NODE2_36_68),V(NODE2_36_69),V(NODE2_36_70),V(NODE2_36_71),V(NODE2_36_72),V(NODE2_36_73),V(NODE2_36_74),V(NODE2_36_75),V(NODE2_36_76),V(NODE2_36_77),V(NODE2_36_78),V(NODE2_36_79),V(NODE2_36_80),V(NODE2_36_81),V(NODE2_36_82),V(NODE2_36_83),V(NODE2_36_84),V(NODE2_36_85),V(NODE2_36_86),V(NODE2_36_87),V(NODE2_36_88),V(NODE2_36_89),V(NODE2_36_90),V(NODE2_36_91),V(NODE2_36_92),V(NODE2_36_93),V(NODE2_36_94),V(NODE2_36_95),V(NODE2_36_96),V(NODE2_36_97),V(NODE2_36_98),V(NODE2_36_99),V(NODE2_37_0),V(NODE2_37_1),V(NODE2_37_2),V(NODE2_37_3),V(NODE2_37_4),V(NODE2_37_5),V(NODE2_37_6),V(NODE2_37_7),V(NODE2_37_8),V(NODE2_37_9),V(NODE2_37_10),V(NODE2_37_11),V(NODE2_37_12),V(NODE2_37_13),V(NODE2_37_14),V(NODE2_37_15),V(NODE2_37_16),V(NODE2_37_17),V(NODE2_37_18),V(NODE2_37_19),V(NODE2_37_20),V(NODE2_37_21),V(NODE2_37_22),V(NODE2_37_23),V(NODE2_37_24),V(NODE2_37_25),V(NODE2_37_26),V(NODE2_37_27),V(NODE2_37_28),V(NODE2_37_29),V(NODE2_37_30),V(NODE2_37_31),V(NODE2_37_32),V(NODE2_37_33),V(NODE2_37_34),V(NODE2_37_35),V(NODE2_37_36),V(NODE2_37_37),V(NODE2_37_38),V(NODE2_37_39),V(NODE2_37_40),V(NODE2_37_41),V(NODE2_37_42),V(NODE2_37_43),V(NODE2_37_44),V(NODE2_37_45),V(NODE2_37_46),V(NODE2_37_47),V(NODE2_37_48),V(NODE2_37_49),V(NODE2_37_50),V(NODE2_37_51),V(NODE2_37_52),V(NODE2_37_53),V(NODE2_37_54),V(NODE2_37_55),V(NODE2_37_56),V(NODE2_37_57),V(NODE2_37_58),V(NODE2_37_59),V(NODE2_37_60),V(NODE2_37_61),V(NODE2_37_62),V(NODE2_37_63),V(NODE2_37_64),V(NODE2_37_65),V(NODE2_37_66),V(NODE2_37_67),V(NODE2_37_68),V(NODE2_37_69),V(NODE2_37_70),V(NODE2_37_71),V(NODE2_37_72),V(NODE2_37_73),V(NODE2_37_74),V(NODE2_37_75),V(NODE2_37_76),V(NODE2_37_77),V(NODE2_37_78),V(NODE2_37_79),V(NODE2_37_80),V(NODE2_37_81),V(NODE2_37_82),V(NODE2_37_83),V(NODE2_37_84),V(NODE2_37_85),V(NODE2_37_86),V(NODE2_37_87),V(NODE2_37_88),V(NODE2_37_89),V(NODE2_37_90),V(NODE2_37_91),V(NODE2_37_92),V(NODE2_37_93),V(NODE2_37_94),V(NODE2_37_95),V(NODE2_37_96),V(NODE2_37_97),V(NODE2_37_98),V(NODE2_37_99),V(NODE2_38_0),V(NODE2_38_1),V(NODE2_38_2),V(NODE2_38_3),V(NODE2_38_4),V(NODE2_38_5),V(NODE2_38_6),V(NODE2_38_7),V(NODE2_38_8),V(NODE2_38_9),V(NODE2_38_10),V(NODE2_38_11),V(NODE2_38_12),V(NODE2_38_13),V(NODE2_38_14),V(NODE2_38_15),V(NODE2_38_16),V(NODE2_38_17),V(NODE2_38_18),V(NODE2_38_19),V(NODE2_38_20),V(NODE2_38_21),V(NODE2_38_22),V(NODE2_38_23),V(NODE2_38_24),V(NODE2_38_25),V(NODE2_38_26),V(NODE2_38_27),V(NODE2_38_28),V(NODE2_38_29),V(NODE2_38_30),V(NODE2_38_31),V(NODE2_38_32),V(NODE2_38_33),V(NODE2_38_34),V(NODE2_38_35),V(NODE2_38_36),V(NODE2_38_37),V(NODE2_38_38),V(NODE2_38_39),V(NODE2_38_40),V(NODE2_38_41),V(NODE2_38_42),V(NODE2_38_43),V(NODE2_38_44),V(NODE2_38_45),V(NODE2_38_46),V(NODE2_38_47),V(NODE2_38_48),V(NODE2_38_49),V(NODE2_38_50),V(NODE2_38_51),V(NODE2_38_52),V(NODE2_38_53),V(NODE2_38_54),V(NODE2_38_55),V(NODE2_38_56),V(NODE2_38_57),V(NODE2_38_58),V(NODE2_38_59),V(NODE2_38_60),V(NODE2_38_61),V(NODE2_38_62),V(NODE2_38_63),V(NODE2_38_64),V(NODE2_38_65),V(NODE2_38_66),V(NODE2_38_67),V(NODE2_38_68),V(NODE2_38_69),V(NODE2_38_70),V(NODE2_38_71),V(NODE2_38_72),V(NODE2_38_73),V(NODE2_38_74),V(NODE2_38_75),V(NODE2_38_76),V(NODE2_38_77),V(NODE2_38_78),V(NODE2_38_79),V(NODE2_38_80),V(NODE2_38_81),V(NODE2_38_82),V(NODE2_38_83),V(NODE2_38_84),V(NODE2_38_85),V(NODE2_38_86),V(NODE2_38_87),V(NODE2_38_88),V(NODE2_38_89),V(NODE2_38_90),V(NODE2_38_91),V(NODE2_38_92),V(NODE2_38_93),V(NODE2_38_94),V(NODE2_38_95),V(NODE2_38_96),V(NODE2_38_97),V(NODE2_38_98),V(NODE2_38_99),V(NODE2_39_0),V(NODE2_39_1),V(NODE2_39_2),V(NODE2_39_3),V(NODE2_39_4),V(NODE2_39_5),V(NODE2_39_6),V(NODE2_39_7),V(NODE2_39_8),V(NODE2_39_9),V(NODE2_39_10),V(NODE2_39_11),V(NODE2_39_12),V(NODE2_39_13),V(NODE2_39_14),V(NODE2_39_15),V(NODE2_39_16),V(NODE2_39_17),V(NODE2_39_18),V(NODE2_39_19),V(NODE2_39_20),V(NODE2_39_21),V(NODE2_39_22),V(NODE2_39_23),V(NODE2_39_24),V(NODE2_39_25),V(NODE2_39_26),V(NODE2_39_27),V(NODE2_39_28),V(NODE2_39_29),V(NODE2_39_30),V(NODE2_39_31),V(NODE2_39_32),V(NODE2_39_33),V(NODE2_39_34),V(NODE2_39_35),V(NODE2_39_36),V(NODE2_39_37),V(NODE2_39_38),V(NODE2_39_39),V(NODE2_39_40),V(NODE2_39_41),V(NODE2_39_42),V(NODE2_39_43),V(NODE2_39_44),V(NODE2_39_45),V(NODE2_39_46),V(NODE2_39_47),V(NODE2_39_48),V(NODE2_39_49),V(NODE2_39_50),V(NODE2_39_51),V(NODE2_39_52),V(NODE2_39_53),V(NODE2_39_54),V(NODE2_39_55),V(NODE2_39_56),V(NODE2_39_57),V(NODE2_39_58),V(NODE2_39_59),V(NODE2_39_60),V(NODE2_39_61),V(NODE2_39_62),V(NODE2_39_63),V(NODE2_39_64),V(NODE2_39_65),V(NODE2_39_66),V(NODE2_39_67),V(NODE2_39_68),V(NODE2_39_69),V(NODE2_39_70),V(NODE2_39_71),V(NODE2_39_72),V(NODE2_39_73),V(NODE2_39_74),V(NODE2_39_75),V(NODE2_39_76),V(NODE2_39_77),V(NODE2_39_78),V(NODE2_39_79),V(NODE2_39_80),V(NODE2_39_81),V(NODE2_39_82),V(NODE2_39_83),V(NODE2_39_84),V(NODE2_39_85),V(NODE2_39_86),V(NODE2_39_87),V(NODE2_39_88),V(NODE2_39_89),V(NODE2_39_90),V(NODE2_39_91),V(NODE2_39_92),V(NODE2_39_93),V(NODE2_39_94),V(NODE2_39_95),V(NODE2_39_96),V(NODE2_39_97),V(NODE2_39_98),V(NODE2_39_99),V(NODE2_40_0),V(NODE2_40_1),V(NODE2_40_2),V(NODE2_40_3),V(NODE2_40_4),V(NODE2_40_5),V(NODE2_40_6),V(NODE2_40_7),V(NODE2_40_8),V(NODE2_40_9),V(NODE2_40_10),V(NODE2_40_11),V(NODE2_40_12),V(NODE2_40_13),V(NODE2_40_14),V(NODE2_40_15),V(NODE2_40_16),V(NODE2_40_17),V(NODE2_40_18),V(NODE2_40_19),V(NODE2_40_20),V(NODE2_40_21),V(NODE2_40_22),V(NODE2_40_23),V(NODE2_40_24),V(NODE2_40_25),V(NODE2_40_26),V(NODE2_40_27),V(NODE2_40_28),V(NODE2_40_29),V(NODE2_40_30),V(NODE2_40_31),V(NODE2_40_32),V(NODE2_40_33),V(NODE2_40_34),V(NODE2_40_35),V(NODE2_40_36),V(NODE2_40_37),V(NODE2_40_38),V(NODE2_40_39),V(NODE2_40_40),V(NODE2_40_41),V(NODE2_40_42),V(NODE2_40_43),V(NODE2_40_44),V(NODE2_40_45),V(NODE2_40_46),V(NODE2_40_47),V(NODE2_40_48),V(NODE2_40_49),V(NODE2_40_50),V(NODE2_40_51),V(NODE2_40_52),V(NODE2_40_53),V(NODE2_40_54),V(NODE2_40_55),V(NODE2_40_56),V(NODE2_40_57),V(NODE2_40_58),V(NODE2_40_59),V(NODE2_40_60),V(NODE2_40_61),V(NODE2_40_62),V(NODE2_40_63),V(NODE2_40_64),V(NODE2_40_65),V(NODE2_40_66),V(NODE2_40_67),V(NODE2_40_68),V(NODE2_40_69),V(NODE2_40_70),V(NODE2_40_71),V(NODE2_40_72),V(NODE2_40_73),V(NODE2_40_74),V(NODE2_40_75),V(NODE2_40_76),V(NODE2_40_77),V(NODE2_40_78),V(NODE2_40_79),V(NODE2_40_80),V(NODE2_40_81),V(NODE2_40_82),V(NODE2_40_83),V(NODE2_40_84),V(NODE2_40_85),V(NODE2_40_86),V(NODE2_40_87),V(NODE2_40_88),V(NODE2_40_89),V(NODE2_40_90),V(NODE2_40_91),V(NODE2_40_92),V(NODE2_40_93),V(NODE2_40_94),V(NODE2_40_95),V(NODE2_40_96),V(NODE2_40_97),V(NODE2_40_98),V(NODE2_40_99),V(NODE2_41_0),V(NODE2_41_1),V(NODE2_41_2),V(NODE2_41_3),V(NODE2_41_4),V(NODE2_41_5),V(NODE2_41_6),V(NODE2_41_7),V(NODE2_41_8),V(NODE2_41_9),V(NODE2_41_10),V(NODE2_41_11),V(NODE2_41_12),V(NODE2_41_13),V(NODE2_41_14),V(NODE2_41_15),V(NODE2_41_16),V(NODE2_41_17),V(NODE2_41_18),V(NODE2_41_19),V(NODE2_41_20),V(NODE2_41_21),V(NODE2_41_22),V(NODE2_41_23),V(NODE2_41_24),V(NODE2_41_25),V(NODE2_41_26),V(NODE2_41_27),V(NODE2_41_28),V(NODE2_41_29),V(NODE2_41_30),V(NODE2_41_31),V(NODE2_41_32),V(NODE2_41_33),V(NODE2_41_34),V(NODE2_41_35),V(NODE2_41_36),V(NODE2_41_37),V(NODE2_41_38),V(NODE2_41_39),V(NODE2_41_40),V(NODE2_41_41),V(NODE2_41_42),V(NODE2_41_43),V(NODE2_41_44),V(NODE2_41_45),V(NODE2_41_46),V(NODE2_41_47),V(NODE2_41_48),V(NODE2_41_49),V(NODE2_41_50),V(NODE2_41_51),V(NODE2_41_52),V(NODE2_41_53),V(NODE2_41_54),V(NODE2_41_55),V(NODE2_41_56),V(NODE2_41_57),V(NODE2_41_58),V(NODE2_41_59),V(NODE2_41_60),V(NODE2_41_61),V(NODE2_41_62),V(NODE2_41_63),V(NODE2_41_64),V(NODE2_41_65),V(NODE2_41_66),V(NODE2_41_67),V(NODE2_41_68),V(NODE2_41_69),V(NODE2_41_70),V(NODE2_41_71),V(NODE2_41_72),V(NODE2_41_73),V(NODE2_41_74),V(NODE2_41_75),V(NODE2_41_76),V(NODE2_41_77),V(NODE2_41_78),V(NODE2_41_79),V(NODE2_41_80),V(NODE2_41_81),V(NODE2_41_82),V(NODE2_41_83),V(NODE2_41_84),V(NODE2_41_85),V(NODE2_41_86),V(NODE2_41_87),V(NODE2_41_88),V(NODE2_41_89),V(NODE2_41_90),V(NODE2_41_91),V(NODE2_41_92),V(NODE2_41_93),V(NODE2_41_94),V(NODE2_41_95),V(NODE2_41_96),V(NODE2_41_97),V(NODE2_41_98),V(NODE2_41_99),V(NODE2_42_0),V(NODE2_42_1),V(NODE2_42_2),V(NODE2_42_3),V(NODE2_42_4),V(NODE2_42_5),V(NODE2_42_6),V(NODE2_42_7),V(NODE2_42_8),V(NODE2_42_9),V(NODE2_42_10),V(NODE2_42_11),V(NODE2_42_12),V(NODE2_42_13),V(NODE2_42_14),V(NODE2_42_15),V(NODE2_42_16),V(NODE2_42_17),V(NODE2_42_18),V(NODE2_42_19),V(NODE2_42_20),V(NODE2_42_21),V(NODE2_42_22),V(NODE2_42_23),V(NODE2_42_24),V(NODE2_42_25),V(NODE2_42_26),V(NODE2_42_27),V(NODE2_42_28),V(NODE2_42_29),V(NODE2_42_30),V(NODE2_42_31),V(NODE2_42_32),V(NODE2_42_33),V(NODE2_42_34),V(NODE2_42_35),V(NODE2_42_36),V(NODE2_42_37),V(NODE2_42_38),V(NODE2_42_39),V(NODE2_42_40),V(NODE2_42_41),V(NODE2_42_42),V(NODE2_42_43),V(NODE2_42_44),V(NODE2_42_45),V(NODE2_42_46),V(NODE2_42_47),V(NODE2_42_48),V(NODE2_42_49),V(NODE2_42_50),V(NODE2_42_51),V(NODE2_42_52),V(NODE2_42_53),V(NODE2_42_54),V(NODE2_42_55),V(NODE2_42_56),V(NODE2_42_57),V(NODE2_42_58),V(NODE2_42_59),V(NODE2_42_60),V(NODE2_42_61),V(NODE2_42_62),V(NODE2_42_63),V(NODE2_42_64),V(NODE2_42_65),V(NODE2_42_66),V(NODE2_42_67),V(NODE2_42_68),V(NODE2_42_69),V(NODE2_42_70),V(NODE2_42_71),V(NODE2_42_72),V(NODE2_42_73),V(NODE2_42_74),V(NODE2_42_75),V(NODE2_42_76),V(NODE2_42_77),V(NODE2_42_78),V(NODE2_42_79),V(NODE2_42_80),V(NODE2_42_81),V(NODE2_42_82),V(NODE2_42_83),V(NODE2_42_84),V(NODE2_42_85),V(NODE2_42_86),V(NODE2_42_87),V(NODE2_42_88),V(NODE2_42_89),V(NODE2_42_90),V(NODE2_42_91),V(NODE2_42_92),V(NODE2_42_93),V(NODE2_42_94),V(NODE2_42_95),V(NODE2_42_96),V(NODE2_42_97),V(NODE2_42_98),V(NODE2_42_99),V(NODE2_43_0),V(NODE2_43_1),V(NODE2_43_2),V(NODE2_43_3),V(NODE2_43_4),V(NODE2_43_5),V(NODE2_43_6),V(NODE2_43_7),V(NODE2_43_8),V(NODE2_43_9),V(NODE2_43_10),V(NODE2_43_11),V(NODE2_43_12),V(NODE2_43_13),V(NODE2_43_14),V(NODE2_43_15),V(NODE2_43_16),V(NODE2_43_17),V(NODE2_43_18),V(NODE2_43_19),V(NODE2_43_20),V(NODE2_43_21),V(NODE2_43_22),V(NODE2_43_23),V(NODE2_43_24),V(NODE2_43_25),V(NODE2_43_26),V(NODE2_43_27),V(NODE2_43_28),V(NODE2_43_29),V(NODE2_43_30),V(NODE2_43_31),V(NODE2_43_32),V(NODE2_43_33),V(NODE2_43_34),V(NODE2_43_35),V(NODE2_43_36),V(NODE2_43_37),V(NODE2_43_38),V(NODE2_43_39),V(NODE2_43_40),V(NODE2_43_41),V(NODE2_43_42),V(NODE2_43_43),V(NODE2_43_44),V(NODE2_43_45),V(NODE2_43_46),V(NODE2_43_47),V(NODE2_43_48),V(NODE2_43_49),V(NODE2_43_50),V(NODE2_43_51),V(NODE2_43_52),V(NODE2_43_53),V(NODE2_43_54),V(NODE2_43_55),V(NODE2_43_56),V(NODE2_43_57),V(NODE2_43_58),V(NODE2_43_59),V(NODE2_43_60),V(NODE2_43_61),V(NODE2_43_62),V(NODE2_43_63),V(NODE2_43_64),V(NODE2_43_65),V(NODE2_43_66),V(NODE2_43_67),V(NODE2_43_68),V(NODE2_43_69),V(NODE2_43_70),V(NODE2_43_71),V(NODE2_43_72),V(NODE2_43_73),V(NODE2_43_74),V(NODE2_43_75),V(NODE2_43_76),V(NODE2_43_77),V(NODE2_43_78),V(NODE2_43_79),V(NODE2_43_80),V(NODE2_43_81),V(NODE2_43_82),V(NODE2_43_83),V(NODE2_43_84),V(NODE2_43_85),V(NODE2_43_86),V(NODE2_43_87),V(NODE2_43_88),V(NODE2_43_89),V(NODE2_43_90),V(NODE2_43_91),V(NODE2_43_92),V(NODE2_43_93),V(NODE2_43_94),V(NODE2_43_95),V(NODE2_43_96),V(NODE2_43_97),V(NODE2_43_98),V(NODE2_43_99),V(NODE2_44_0),V(NODE2_44_1),V(NODE2_44_2),V(NODE2_44_3),V(NODE2_44_4),V(NODE2_44_5),V(NODE2_44_6),V(NODE2_44_7),V(NODE2_44_8),V(NODE2_44_9),V(NODE2_44_10),V(NODE2_44_11),V(NODE2_44_12),V(NODE2_44_13),V(NODE2_44_14),V(NODE2_44_15),V(NODE2_44_16),V(NODE2_44_17),V(NODE2_44_18),V(NODE2_44_19),V(NODE2_44_20),V(NODE2_44_21),V(NODE2_44_22),V(NODE2_44_23),V(NODE2_44_24),V(NODE2_44_25),V(NODE2_44_26),V(NODE2_44_27),V(NODE2_44_28),V(NODE2_44_29),V(NODE2_44_30),V(NODE2_44_31),V(NODE2_44_32),V(NODE2_44_33),V(NODE2_44_34),V(NODE2_44_35),V(NODE2_44_36),V(NODE2_44_37),V(NODE2_44_38),V(NODE2_44_39),V(NODE2_44_40),V(NODE2_44_41),V(NODE2_44_42),V(NODE2_44_43),V(NODE2_44_44),V(NODE2_44_45),V(NODE2_44_46),V(NODE2_44_47),V(NODE2_44_48),V(NODE2_44_49),V(NODE2_44_50),V(NODE2_44_51),V(NODE2_44_52),V(NODE2_44_53),V(NODE2_44_54),V(NODE2_44_55),V(NODE2_44_56),V(NODE2_44_57),V(NODE2_44_58),V(NODE2_44_59),V(NODE2_44_60),V(NODE2_44_61),V(NODE2_44_62),V(NODE2_44_63),V(NODE2_44_64),V(NODE2_44_65),V(NODE2_44_66),V(NODE2_44_67),V(NODE2_44_68),V(NODE2_44_69),V(NODE2_44_70),V(NODE2_44_71),V(NODE2_44_72),V(NODE2_44_73),V(NODE2_44_74),V(NODE2_44_75),V(NODE2_44_76),V(NODE2_44_77),V(NODE2_44_78),V(NODE2_44_79),V(NODE2_44_80),V(NODE2_44_81),V(NODE2_44_82),V(NODE2_44_83),V(NODE2_44_84),V(NODE2_44_85),V(NODE2_44_86),V(NODE2_44_87),V(NODE2_44_88),V(NODE2_44_89),V(NODE2_44_90),V(NODE2_44_91),V(NODE2_44_92),V(NODE2_44_93),V(NODE2_44_94),V(NODE2_44_95),V(NODE2_44_96),V(NODE2_44_97),V(NODE2_44_98),V(NODE2_44_99),V(NODE2_45_0),V(NODE2_45_1),V(NODE2_45_2),V(NODE2_45_3),V(NODE2_45_4),V(NODE2_45_5),V(NODE2_45_6),V(NODE2_45_7),V(NODE2_45_8),V(NODE2_45_9),V(NODE2_45_10),V(NODE2_45_11),V(NODE2_45_12),V(NODE2_45_13),V(NODE2_45_14),V(NODE2_45_15),V(NODE2_45_16),V(NODE2_45_17),V(NODE2_45_18),V(NODE2_45_19),V(NODE2_45_20),V(NODE2_45_21),V(NODE2_45_22),V(NODE2_45_23),V(NODE2_45_24),V(NODE2_45_25),V(NODE2_45_26),V(NODE2_45_27),V(NODE2_45_28),V(NODE2_45_29),V(NODE2_45_30),V(NODE2_45_31),V(NODE2_45_32),V(NODE2_45_33),V(NODE2_45_34),V(NODE2_45_35),V(NODE2_45_36),V(NODE2_45_37),V(NODE2_45_38),V(NODE2_45_39),V(NODE2_45_40),V(NODE2_45_41),V(NODE2_45_42),V(NODE2_45_43),V(NODE2_45_44),V(NODE2_45_45),V(NODE2_45_46),V(NODE2_45_47),V(NODE2_45_48),V(NODE2_45_49),V(NODE2_45_50),V(NODE2_45_51),V(NODE2_45_52),V(NODE2_45_53),V(NODE2_45_54),V(NODE2_45_55),V(NODE2_45_56),V(NODE2_45_57),V(NODE2_45_58),V(NODE2_45_59),V(NODE2_45_60),V(NODE2_45_61),V(NODE2_45_62),V(NODE2_45_63),V(NODE2_45_64),V(NODE2_45_65),V(NODE2_45_66),V(NODE2_45_67),V(NODE2_45_68),V(NODE2_45_69),V(NODE2_45_70),V(NODE2_45_71),V(NODE2_45_72),V(NODE2_45_73),V(NODE2_45_74),V(NODE2_45_75),V(NODE2_45_76),V(NODE2_45_77),V(NODE2_45_78),V(NODE2_45_79),V(NODE2_45_80),V(NODE2_45_81),V(NODE2_45_82),V(NODE2_45_83),V(NODE2_45_84),V(NODE2_45_85),V(NODE2_45_86),V(NODE2_45_87),V(NODE2_45_88),V(NODE2_45_89),V(NODE2_45_90),V(NODE2_45_91),V(NODE2_45_92),V(NODE2_45_93),V(NODE2_45_94),V(NODE2_45_95),V(NODE2_45_96),V(NODE2_45_97),V(NODE2_45_98),V(NODE2_45_99),V(NODE2_46_0),V(NODE2_46_1),V(NODE2_46_2),V(NODE2_46_3),V(NODE2_46_4),V(NODE2_46_5),V(NODE2_46_6),V(NODE2_46_7),V(NODE2_46_8),V(NODE2_46_9),V(NODE2_46_10),V(NODE2_46_11),V(NODE2_46_12),V(NODE2_46_13),V(NODE2_46_14),V(NODE2_46_15),V(NODE2_46_16),V(NODE2_46_17),V(NODE2_46_18),V(NODE2_46_19),V(NODE2_46_20),V(NODE2_46_21),V(NODE2_46_22),V(NODE2_46_23),V(NODE2_46_24),V(NODE2_46_25),V(NODE2_46_26),V(NODE2_46_27),V(NODE2_46_28),V(NODE2_46_29),V(NODE2_46_30),V(NODE2_46_31),V(NODE2_46_32),V(NODE2_46_33),V(NODE2_46_34),V(NODE2_46_35),V(NODE2_46_36),V(NODE2_46_37),V(NODE2_46_38),V(NODE2_46_39),V(NODE2_46_40),V(NODE2_46_41),V(NODE2_46_42),V(NODE2_46_43),V(NODE2_46_44),V(NODE2_46_45),V(NODE2_46_46),V(NODE2_46_47),V(NODE2_46_48),V(NODE2_46_49),V(NODE2_46_50),V(NODE2_46_51),V(NODE2_46_52),V(NODE2_46_53),V(NODE2_46_54),V(NODE2_46_55),V(NODE2_46_56),V(NODE2_46_57),V(NODE2_46_58),V(NODE2_46_59),V(NODE2_46_60),V(NODE2_46_61),V(NODE2_46_62),V(NODE2_46_63),V(NODE2_46_64),V(NODE2_46_65),V(NODE2_46_66),V(NODE2_46_67),V(NODE2_46_68),V(NODE2_46_69),V(NODE2_46_70),V(NODE2_46_71),V(NODE2_46_72),V(NODE2_46_73),V(NODE2_46_74),V(NODE2_46_75),V(NODE2_46_76),V(NODE2_46_77),V(NODE2_46_78),V(NODE2_46_79),V(NODE2_46_80),V(NODE2_46_81),V(NODE2_46_82),V(NODE2_46_83),V(NODE2_46_84),V(NODE2_46_85),V(NODE2_46_86),V(NODE2_46_87),V(NODE2_46_88),V(NODE2_46_89),V(NODE2_46_90),V(NODE2_46_91),V(NODE2_46_92),V(NODE2_46_93),V(NODE2_46_94),V(NODE2_46_95),V(NODE2_46_96),V(NODE2_46_97),V(NODE2_46_98),V(NODE2_46_99),V(NODE2_47_0),V(NODE2_47_1),V(NODE2_47_2),V(NODE2_47_3),V(NODE2_47_4),V(NODE2_47_5),V(NODE2_47_6),V(NODE2_47_7),V(NODE2_47_8),V(NODE2_47_9),V(NODE2_47_10),V(NODE2_47_11),V(NODE2_47_12),V(NODE2_47_13),V(NODE2_47_14),V(NODE2_47_15),V(NODE2_47_16),V(NODE2_47_17),V(NODE2_47_18),V(NODE2_47_19),V(NODE2_47_20),V(NODE2_47_21),V(NODE2_47_22),V(NODE2_47_23),V(NODE2_47_24),V(NODE2_47_25),V(NODE2_47_26),V(NODE2_47_27),V(NODE2_47_28),V(NODE2_47_29),V(NODE2_47_30),V(NODE2_47_31),V(NODE2_47_32),V(NODE2_47_33),V(NODE2_47_34),V(NODE2_47_35),V(NODE2_47_36),V(NODE2_47_37),V(NODE2_47_38),V(NODE2_47_39),V(NODE2_47_40),V(NODE2_47_41),V(NODE2_47_42),V(NODE2_47_43),V(NODE2_47_44),V(NODE2_47_45),V(NODE2_47_46),V(NODE2_47_47),V(NODE2_47_48),V(NODE2_47_49),V(NODE2_47_50),V(NODE2_47_51),V(NODE2_47_52),V(NODE2_47_53),V(NODE2_47_54),V(NODE2_47_55),V(NODE2_47_56),V(NODE2_47_57),V(NODE2_47_58),V(NODE2_47_59),V(NODE2_47_60),V(NODE2_47_61),V(NODE2_47_62),V(NODE2_47_63),V(NODE2_47_64),V(NODE2_47_65),V(NODE2_47_66),V(NODE2_47_67),V(NODE2_47_68),V(NODE2_47_69),V(NODE2_47_70),V(NODE2_47_71),V(NODE2_47_72),V(NODE2_47_73),V(NODE2_47_74),V(NODE2_47_75),V(NODE2_47_76),V(NODE2_47_77),V(NODE2_47_78),V(NODE2_47_79),V(NODE2_47_80),V(NODE2_47_81),V(NODE2_47_82),V(NODE2_47_83),V(NODE2_47_84),V(NODE2_47_85),V(NODE2_47_86),V(NODE2_47_87),V(NODE2_47_88),V(NODE2_47_89),V(NODE2_47_90),V(NODE2_47_91),V(NODE2_47_92),V(NODE2_47_93),V(NODE2_47_94),V(NODE2_47_95),V(NODE2_47_96),V(NODE2_47_97),V(NODE2_47_98),V(NODE2_47_99),V(NODE2_48_0),V(NODE2_48_1),V(NODE2_48_2),V(NODE2_48_3),V(NODE2_48_4),V(NODE2_48_5),V(NODE2_48_6),V(NODE2_48_7),V(NODE2_48_8),V(NODE2_48_9),V(NODE2_48_10),V(NODE2_48_11),V(NODE2_48_12),V(NODE2_48_13),V(NODE2_48_14),V(NODE2_48_15),V(NODE2_48_16),V(NODE2_48_17),V(NODE2_48_18),V(NODE2_48_19),V(NODE2_48_20),V(NODE2_48_21),V(NODE2_48_22),V(NODE2_48_23),V(NODE2_48_24),V(NODE2_48_25),V(NODE2_48_26),V(NODE2_48_27),V(NODE2_48_28),V(NODE2_48_29),V(NODE2_48_30),V(NODE2_48_31),V(NODE2_48_32),V(NODE2_48_33),V(NODE2_48_34),V(NODE2_48_35),V(NODE2_48_36),V(NODE2_48_37),V(NODE2_48_38),V(NODE2_48_39),V(NODE2_48_40),V(NODE2_48_41),V(NODE2_48_42),V(NODE2_48_43),V(NODE2_48_44),V(NODE2_48_45),V(NODE2_48_46),V(NODE2_48_47),V(NODE2_48_48),V(NODE2_48_49),V(NODE2_48_50),V(NODE2_48_51),V(NODE2_48_52),V(NODE2_48_53),V(NODE2_48_54),V(NODE2_48_55),V(NODE2_48_56),V(NODE2_48_57),V(NODE2_48_58),V(NODE2_48_59),V(NODE2_48_60),V(NODE2_48_61),V(NODE2_48_62),V(NODE2_48_63),V(NODE2_48_64),V(NODE2_48_65),V(NODE2_48_66),V(NODE2_48_67),V(NODE2_48_68),V(NODE2_48_69),V(NODE2_48_70),V(NODE2_48_71),V(NODE2_48_72),V(NODE2_48_73),V(NODE2_48_74),V(NODE2_48_75),V(NODE2_48_76),V(NODE2_48_77),V(NODE2_48_78),V(NODE2_48_79),V(NODE2_48_80),V(NODE2_48_81),V(NODE2_48_82),V(NODE2_48_83),V(NODE2_48_84),V(NODE2_48_85),V(NODE2_48_86),V(NODE2_48_87),V(NODE2_48_88),V(NODE2_48_89),V(NODE2_48_90),V(NODE2_48_91),V(NODE2_48_92),V(NODE2_48_93),V(NODE2_48_94),V(NODE2_48_95),V(NODE2_48_96),V(NODE2_48_97),V(NODE2_48_98),V(NODE2_48_99),V(NODE2_49_0),V(NODE2_49_1),V(NODE2_49_2),V(NODE2_49_3),V(NODE2_49_4),V(NODE2_49_5),V(NODE2_49_6),V(NODE2_49_7),V(NODE2_49_8),V(NODE2_49_9),V(NODE2_49_10),V(NODE2_49_11),V(NODE2_49_12),V(NODE2_49_13),V(NODE2_49_14),V(NODE2_49_15),V(NODE2_49_16),V(NODE2_49_17),V(NODE2_49_18),V(NODE2_49_19),V(NODE2_49_20),V(NODE2_49_21),V(NODE2_49_22),V(NODE2_49_23),V(NODE2_49_24),V(NODE2_49_25),V(NODE2_49_26),V(NODE2_49_27),V(NODE2_49_28),V(NODE2_49_29),V(NODE2_49_30),V(NODE2_49_31),V(NODE2_49_32),V(NODE2_49_33),V(NODE2_49_34),V(NODE2_49_35),V(NODE2_49_36),V(NODE2_49_37),V(NODE2_49_38),V(NODE2_49_39),V(NODE2_49_40),V(NODE2_49_41),V(NODE2_49_42),V(NODE2_49_43),V(NODE2_49_44),V(NODE2_49_45),V(NODE2_49_46),V(NODE2_49_47),V(NODE2_49_48),V(NODE2_49_49),V(NODE2_49_50),V(NODE2_49_51),V(NODE2_49_52),V(NODE2_49_53),V(NODE2_49_54),V(NODE2_49_55),V(NODE2_49_56),V(NODE2_49_57),V(NODE2_49_58),V(NODE2_49_59),V(NODE2_49_60),V(NODE2_49_61),V(NODE2_49_62),V(NODE2_49_63),V(NODE2_49_64),V(NODE2_49_65),V(NODE2_49_66),V(NODE2_49_67),V(NODE2_49_68),V(NODE2_49_69),V(NODE2_49_70),V(NODE2_49_71),V(NODE2_49_72),V(NODE2_49_73),V(NODE2_49_74),V(NODE2_49_75),V(NODE2_49_76),V(NODE2_49_77),V(NODE2_49_78),V(NODE2_49_79),V(NODE2_49_80),V(NODE2_49_81),V(NODE2_49_82),V(NODE2_49_83),V(NODE2_49_84),V(NODE2_49_85),V(NODE2_49_86),V(NODE2_49_87),V(NODE2_49_88),V(NODE2_49_89),V(NODE2_49_90),V(NODE2_49_91),V(NODE2_49_92),V(NODE2_49_93),V(NODE2_49_94),V(NODE2_49_95),V(NODE2_49_96),V(NODE2_49_97),V(NODE2_49_98),V(NODE2_49_99),V(NODE2_50_0),V(NODE2_50_1),V(NODE2_50_2),V(NODE2_50_3),V(NODE2_50_4),V(NODE2_50_5),V(NODE2_50_6),V(NODE2_50_7),V(NODE2_50_8),V(NODE2_50_9),V(NODE2_50_10),V(NODE2_50_11),V(NODE2_50_12),V(NODE2_50_13),V(NODE2_50_14),V(NODE2_50_15),V(NODE2_50_16),V(NODE2_50_17),V(NODE2_50_18),V(NODE2_50_19),V(NODE2_50_20),V(NODE2_50_21),V(NODE2_50_22),V(NODE2_50_23),V(NODE2_50_24),V(NODE2_50_25),V(NODE2_50_26),V(NODE2_50_27),V(NODE2_50_28),V(NODE2_50_29),V(NODE2_50_30),V(NODE2_50_31),V(NODE2_50_32),V(NODE2_50_33),V(NODE2_50_34),V(NODE2_50_35),V(NODE2_50_36),V(NODE2_50_37),V(NODE2_50_38),V(NODE2_50_39),V(NODE2_50_40),V(NODE2_50_41),V(NODE2_50_42),V(NODE2_50_43),V(NODE2_50_44),V(NODE2_50_45),V(NODE2_50_46),V(NODE2_50_47),V(NODE2_50_48),V(NODE2_50_49),V(NODE2_50_50),V(NODE2_50_51),V(NODE2_50_52),V(NODE2_50_53),V(NODE2_50_54),V(NODE2_50_55),V(NODE2_50_56),V(NODE2_50_57),V(NODE2_50_58),V(NODE2_50_59),V(NODE2_50_60),V(NODE2_50_61),V(NODE2_50_62),V(NODE2_50_63),V(NODE2_50_64),V(NODE2_50_65),V(NODE2_50_66),V(NODE2_50_67),V(NODE2_50_68),V(NODE2_50_69),V(NODE2_50_70),V(NODE2_50_71),V(NODE2_50_72),V(NODE2_50_73),V(NODE2_50_74),V(NODE2_50_75),V(NODE2_50_76),V(NODE2_50_77),V(NODE2_50_78),V(NODE2_50_79),V(NODE2_50_80),V(NODE2_50_81),V(NODE2_50_82),V(NODE2_50_83),V(NODE2_50_84),V(NODE2_50_85),V(NODE2_50_86),V(NODE2_50_87),V(NODE2_50_88),V(NODE2_50_89),V(NODE2_50_90),V(NODE2_50_91),V(NODE2_50_92),V(NODE2_50_93),V(NODE2_50_94),V(NODE2_50_95),V(NODE2_50_96),V(NODE2_50_97),V(NODE2_50_98),V(NODE2_50_99),V(NODE2_51_0),V(NODE2_51_1),V(NODE2_51_2),V(NODE2_51_3),V(NODE2_51_4),V(NODE2_51_5),V(NODE2_51_6),V(NODE2_51_7),V(NODE2_51_8),V(NODE2_51_9),V(NODE2_51_10),V(NODE2_51_11),V(NODE2_51_12),V(NODE2_51_13),V(NODE2_51_14),V(NODE2_51_15),V(NODE2_51_16),V(NODE2_51_17),V(NODE2_51_18),V(NODE2_51_19),V(NODE2_51_20),V(NODE2_51_21),V(NODE2_51_22),V(NODE2_51_23),V(NODE2_51_24),V(NODE2_51_25),V(NODE2_51_26),V(NODE2_51_27),V(NODE2_51_28),V(NODE2_51_29),V(NODE2_51_30),V(NODE2_51_31),V(NODE2_51_32),V(NODE2_51_33),V(NODE2_51_34),V(NODE2_51_35),V(NODE2_51_36),V(NODE2_51_37),V(NODE2_51_38),V(NODE2_51_39),V(NODE2_51_40),V(NODE2_51_41),V(NODE2_51_42),V(NODE2_51_43),V(NODE2_51_44),V(NODE2_51_45),V(NODE2_51_46),V(NODE2_51_47),V(NODE2_51_48),V(NODE2_51_49),V(NODE2_51_50),V(NODE2_51_51),V(NODE2_51_52),V(NODE2_51_53),V(NODE2_51_54),V(NODE2_51_55),V(NODE2_51_56),V(NODE2_51_57),V(NODE2_51_58),V(NODE2_51_59),V(NODE2_51_60),V(NODE2_51_61),V(NODE2_51_62),V(NODE2_51_63),V(NODE2_51_64),V(NODE2_51_65),V(NODE2_51_66),V(NODE2_51_67),V(NODE2_51_68),V(NODE2_51_69),V(NODE2_51_70),V(NODE2_51_71),V(NODE2_51_72),V(NODE2_51_73),V(NODE2_51_74),V(NODE2_51_75),V(NODE2_51_76),V(NODE2_51_77),V(NODE2_51_78),V(NODE2_51_79),V(NODE2_51_80),V(NODE2_51_81),V(NODE2_51_82),V(NODE2_51_83),V(NODE2_51_84),V(NODE2_51_85),V(NODE2_51_86),V(NODE2_51_87),V(NODE2_51_88),V(NODE2_51_89),V(NODE2_51_90),V(NODE2_51_91),V(NODE2_51_92),V(NODE2_51_93),V(NODE2_51_94),V(NODE2_51_95),V(NODE2_51_96),V(NODE2_51_97),V(NODE2_51_98),V(NODE2_51_99),V(NODE2_52_0),V(NODE2_52_1),V(NODE2_52_2),V(NODE2_52_3),V(NODE2_52_4),V(NODE2_52_5),V(NODE2_52_6),V(NODE2_52_7),V(NODE2_52_8),V(NODE2_52_9),V(NODE2_52_10),V(NODE2_52_11),V(NODE2_52_12),V(NODE2_52_13),V(NODE2_52_14),V(NODE2_52_15),V(NODE2_52_16),V(NODE2_52_17),V(NODE2_52_18),V(NODE2_52_19),V(NODE2_52_20),V(NODE2_52_21),V(NODE2_52_22),V(NODE2_52_23),V(NODE2_52_24),V(NODE2_52_25),V(NODE2_52_26),V(NODE2_52_27),V(NODE2_52_28),V(NODE2_52_29),V(NODE2_52_30),V(NODE2_52_31),V(NODE2_52_32),V(NODE2_52_33),V(NODE2_52_34),V(NODE2_52_35),V(NODE2_52_36),V(NODE2_52_37),V(NODE2_52_38),V(NODE2_52_39),V(NODE2_52_40),V(NODE2_52_41),V(NODE2_52_42),V(NODE2_52_43),V(NODE2_52_44),V(NODE2_52_45),V(NODE2_52_46),V(NODE2_52_47),V(NODE2_52_48),V(NODE2_52_49),V(NODE2_52_50),V(NODE2_52_51),V(NODE2_52_52),V(NODE2_52_53),V(NODE2_52_54),V(NODE2_52_55),V(NODE2_52_56),V(NODE2_52_57),V(NODE2_52_58),V(NODE2_52_59),V(NODE2_52_60),V(NODE2_52_61),V(NODE2_52_62),V(NODE2_52_63),V(NODE2_52_64),V(NODE2_52_65),V(NODE2_52_66),V(NODE2_52_67),V(NODE2_52_68),V(NODE2_52_69),V(NODE2_52_70),V(NODE2_52_71),V(NODE2_52_72),V(NODE2_52_73),V(NODE2_52_74),V(NODE2_52_75),V(NODE2_52_76),V(NODE2_52_77),V(NODE2_52_78),V(NODE2_52_79),V(NODE2_52_80),V(NODE2_52_81),V(NODE2_52_82),V(NODE2_52_83),V(NODE2_52_84),V(NODE2_52_85),V(NODE2_52_86),V(NODE2_52_87),V(NODE2_52_88),V(NODE2_52_89),V(NODE2_52_90),V(NODE2_52_91),V(NODE2_52_92),V(NODE2_52_93),V(NODE2_52_94),V(NODE2_52_95),V(NODE2_52_96),V(NODE2_52_97),V(NODE2_52_98),V(NODE2_52_99),V(NODE2_53_0),V(NODE2_53_1),V(NODE2_53_2),V(NODE2_53_3),V(NODE2_53_4),V(NODE2_53_5),V(NODE2_53_6),V(NODE2_53_7),V(NODE2_53_8),V(NODE2_53_9),V(NODE2_53_10),V(NODE2_53_11),V(NODE2_53_12),V(NODE2_53_13),V(NODE2_53_14),V(NODE2_53_15),V(NODE2_53_16),V(NODE2_53_17),V(NODE2_53_18),V(NODE2_53_19),V(NODE2_53_20),V(NODE2_53_21),V(NODE2_53_22),V(NODE2_53_23),V(NODE2_53_24),V(NODE2_53_25),V(NODE2_53_26),V(NODE2_53_27),V(NODE2_53_28),V(NODE2_53_29),V(NODE2_53_30),V(NODE2_53_31),V(NODE2_53_32),V(NODE2_53_33),V(NODE2_53_34),V(NODE2_53_35),V(NODE2_53_36),V(NODE2_53_37),V(NODE2_53_38),V(NODE2_53_39),V(NODE2_53_40),V(NODE2_53_41),V(NODE2_53_42),V(NODE2_53_43),V(NODE2_53_44),V(NODE2_53_45),V(NODE2_53_46),V(NODE2_53_47),V(NODE2_53_48),V(NODE2_53_49),V(NODE2_53_50),V(NODE2_53_51),V(NODE2_53_52),V(NODE2_53_53),V(NODE2_53_54),V(NODE2_53_55),V(NODE2_53_56),V(NODE2_53_57),V(NODE2_53_58),V(NODE2_53_59),V(NODE2_53_60),V(NODE2_53_61),V(NODE2_53_62),V(NODE2_53_63),V(NODE2_53_64),V(NODE2_53_65),V(NODE2_53_66),V(NODE2_53_67),V(NODE2_53_68),V(NODE2_53_69),V(NODE2_53_70),V(NODE2_53_71),V(NODE2_53_72),V(NODE2_53_73),V(NODE2_53_74),V(NODE2_53_75),V(NODE2_53_76),V(NODE2_53_77),V(NODE2_53_78),V(NODE2_53_79),V(NODE2_53_80),V(NODE2_53_81),V(NODE2_53_82),V(NODE2_53_83),V(NODE2_53_84),V(NODE2_53_85),V(NODE2_53_86),V(NODE2_53_87),V(NODE2_53_88),V(NODE2_53_89),V(NODE2_53_90),V(NODE2_53_91),V(NODE2_53_92),V(NODE2_53_93),V(NODE2_53_94),V(NODE2_53_95),V(NODE2_53_96),V(NODE2_53_97),V(NODE2_53_98),V(NODE2_53_99),V(NODE2_54_0),V(NODE2_54_1),V(NODE2_54_2),V(NODE2_54_3),V(NODE2_54_4),V(NODE2_54_5),V(NODE2_54_6),V(NODE2_54_7),V(NODE2_54_8),V(NODE2_54_9),V(NODE2_54_10),V(NODE2_54_11),V(NODE2_54_12),V(NODE2_54_13),V(NODE2_54_14),V(NODE2_54_15),V(NODE2_54_16),V(NODE2_54_17),V(NODE2_54_18),V(NODE2_54_19),V(NODE2_54_20),V(NODE2_54_21),V(NODE2_54_22),V(NODE2_54_23),V(NODE2_54_24),V(NODE2_54_25),V(NODE2_54_26),V(NODE2_54_27),V(NODE2_54_28),V(NODE2_54_29),V(NODE2_54_30),V(NODE2_54_31),V(NODE2_54_32),V(NODE2_54_33),V(NODE2_54_34),V(NODE2_54_35),V(NODE2_54_36),V(NODE2_54_37),V(NODE2_54_38),V(NODE2_54_39),V(NODE2_54_40),V(NODE2_54_41),V(NODE2_54_42),V(NODE2_54_43),V(NODE2_54_44),V(NODE2_54_45),V(NODE2_54_46),V(NODE2_54_47),V(NODE2_54_48),V(NODE2_54_49),V(NODE2_54_50),V(NODE2_54_51),V(NODE2_54_52),V(NODE2_54_53),V(NODE2_54_54),V(NODE2_54_55),V(NODE2_54_56),V(NODE2_54_57),V(NODE2_54_58),V(NODE2_54_59),V(NODE2_54_60),V(NODE2_54_61),V(NODE2_54_62),V(NODE2_54_63),V(NODE2_54_64),V(NODE2_54_65),V(NODE2_54_66),V(NODE2_54_67),V(NODE2_54_68),V(NODE2_54_69),V(NODE2_54_70),V(NODE2_54_71),V(NODE2_54_72),V(NODE2_54_73),V(NODE2_54_74),V(NODE2_54_75),V(NODE2_54_76),V(NODE2_54_77),V(NODE2_54_78),V(NODE2_54_79),V(NODE2_54_80),V(NODE2_54_81),V(NODE2_54_82),V(NODE2_54_83),V(NODE2_54_84),V(NODE2_54_85),V(NODE2_54_86),V(NODE2_54_87),V(NODE2_54_88),V(NODE2_54_89),V(NODE2_54_90),V(NODE2_54_91),V(NODE2_54_92),V(NODE2_54_93),V(NODE2_54_94),V(NODE2_54_95),V(NODE2_54_96),V(NODE2_54_97),V(NODE2_54_98),V(NODE2_54_99),V(NODE2_55_0),V(NODE2_55_1),V(NODE2_55_2),V(NODE2_55_3),V(NODE2_55_4),V(NODE2_55_5),V(NODE2_55_6),V(NODE2_55_7),V(NODE2_55_8),V(NODE2_55_9),V(NODE2_55_10),V(NODE2_55_11),V(NODE2_55_12),V(NODE2_55_13),V(NODE2_55_14),V(NODE2_55_15),V(NODE2_55_16),V(NODE2_55_17),V(NODE2_55_18),V(NODE2_55_19),V(NODE2_55_20),V(NODE2_55_21),V(NODE2_55_22),V(NODE2_55_23),V(NODE2_55_24),V(NODE2_55_25),V(NODE2_55_26),V(NODE2_55_27),V(NODE2_55_28),V(NODE2_55_29),V(NODE2_55_30),V(NODE2_55_31),V(NODE2_55_32),V(NODE2_55_33),V(NODE2_55_34),V(NODE2_55_35),V(NODE2_55_36),V(NODE2_55_37),V(NODE2_55_38),V(NODE2_55_39),V(NODE2_55_40),V(NODE2_55_41),V(NODE2_55_42),V(NODE2_55_43),V(NODE2_55_44),V(NODE2_55_45),V(NODE2_55_46),V(NODE2_55_47),V(NODE2_55_48),V(NODE2_55_49),V(NODE2_55_50),V(NODE2_55_51),V(NODE2_55_52),V(NODE2_55_53),V(NODE2_55_54),V(NODE2_55_55),V(NODE2_55_56),V(NODE2_55_57),V(NODE2_55_58),V(NODE2_55_59),V(NODE2_55_60),V(NODE2_55_61),V(NODE2_55_62),V(NODE2_55_63),V(NODE2_55_64),V(NODE2_55_65),V(NODE2_55_66),V(NODE2_55_67),V(NODE2_55_68),V(NODE2_55_69),V(NODE2_55_70),V(NODE2_55_71),V(NODE2_55_72),V(NODE2_55_73),V(NODE2_55_74),V(NODE2_55_75),V(NODE2_55_76),V(NODE2_55_77),V(NODE2_55_78),V(NODE2_55_79),V(NODE2_55_80),V(NODE2_55_81),V(NODE2_55_82),V(NODE2_55_83),V(NODE2_55_84),V(NODE2_55_85),V(NODE2_55_86),V(NODE2_55_87),V(NODE2_55_88),V(NODE2_55_89),V(NODE2_55_90),V(NODE2_55_91),V(NODE2_55_92),V(NODE2_55_93),V(NODE2_55_94),V(NODE2_55_95),V(NODE2_55_96),V(NODE2_55_97),V(NODE2_55_98),V(NODE2_55_99),V(NODE2_56_0),V(NODE2_56_1),V(NODE2_56_2),V(NODE2_56_3),V(NODE2_56_4),V(NODE2_56_5),V(NODE2_56_6),V(NODE2_56_7),V(NODE2_56_8),V(NODE2_56_9),V(NODE2_56_10),V(NODE2_56_11),V(NODE2_56_12),V(NODE2_56_13),V(NODE2_56_14),V(NODE2_56_15),V(NODE2_56_16),V(NODE2_56_17),V(NODE2_56_18),V(NODE2_56_19),V(NODE2_56_20),V(NODE2_56_21),V(NODE2_56_22),V(NODE2_56_23),V(NODE2_56_24),V(NODE2_56_25),V(NODE2_56_26),V(NODE2_56_27),V(NODE2_56_28),V(NODE2_56_29),V(NODE2_56_30),V(NODE2_56_31),V(NODE2_56_32),V(NODE2_56_33),V(NODE2_56_34),V(NODE2_56_35),V(NODE2_56_36),V(NODE2_56_37),V(NODE2_56_38),V(NODE2_56_39),V(NODE2_56_40),V(NODE2_56_41),V(NODE2_56_42),V(NODE2_56_43),V(NODE2_56_44),V(NODE2_56_45),V(NODE2_56_46),V(NODE2_56_47),V(NODE2_56_48),V(NODE2_56_49),V(NODE2_56_50),V(NODE2_56_51),V(NODE2_56_52),V(NODE2_56_53),V(NODE2_56_54),V(NODE2_56_55),V(NODE2_56_56),V(NODE2_56_57),V(NODE2_56_58),V(NODE2_56_59),V(NODE2_56_60),V(NODE2_56_61),V(NODE2_56_62),V(NODE2_56_63),V(NODE2_56_64),V(NODE2_56_65),V(NODE2_56_66),V(NODE2_56_67),V(NODE2_56_68),V(NODE2_56_69),V(NODE2_56_70),V(NODE2_56_71),V(NODE2_56_72),V(NODE2_56_73),V(NODE2_56_74),V(NODE2_56_75),V(NODE2_56_76),V(NODE2_56_77),V(NODE2_56_78),V(NODE2_56_79),V(NODE2_56_80),V(NODE2_56_81),V(NODE2_56_82),V(NODE2_56_83),V(NODE2_56_84),V(NODE2_56_85),V(NODE2_56_86),V(NODE2_56_87),V(NODE2_56_88),V(NODE2_56_89),V(NODE2_56_90),V(NODE2_56_91),V(NODE2_56_92),V(NODE2_56_93),V(NODE2_56_94),V(NODE2_56_95),V(NODE2_56_96),V(NODE2_56_97),V(NODE2_56_98),V(NODE2_56_99),V(NODE2_57_0),V(NODE2_57_1),V(NODE2_57_2),V(NODE2_57_3),V(NODE2_57_4),V(NODE2_57_5),V(NODE2_57_6),V(NODE2_57_7),V(NODE2_57_8),V(NODE2_57_9),V(NODE2_57_10),V(NODE2_57_11),V(NODE2_57_12),V(NODE2_57_13),V(NODE2_57_14),V(NODE2_57_15),V(NODE2_57_16),V(NODE2_57_17),V(NODE2_57_18),V(NODE2_57_19),V(NODE2_57_20),V(NODE2_57_21),V(NODE2_57_22),V(NODE2_57_23),V(NODE2_57_24),V(NODE2_57_25),V(NODE2_57_26),V(NODE2_57_27),V(NODE2_57_28),V(NODE2_57_29),V(NODE2_57_30),V(NODE2_57_31),V(NODE2_57_32),V(NODE2_57_33),V(NODE2_57_34),V(NODE2_57_35),V(NODE2_57_36),V(NODE2_57_37),V(NODE2_57_38),V(NODE2_57_39),V(NODE2_57_40),V(NODE2_57_41),V(NODE2_57_42),V(NODE2_57_43),V(NODE2_57_44),V(NODE2_57_45),V(NODE2_57_46),V(NODE2_57_47),V(NODE2_57_48),V(NODE2_57_49),V(NODE2_57_50),V(NODE2_57_51),V(NODE2_57_52),V(NODE2_57_53),V(NODE2_57_54),V(NODE2_57_55),V(NODE2_57_56),V(NODE2_57_57),V(NODE2_57_58),V(NODE2_57_59),V(NODE2_57_60),V(NODE2_57_61),V(NODE2_57_62),V(NODE2_57_63),V(NODE2_57_64),V(NODE2_57_65),V(NODE2_57_66),V(NODE2_57_67),V(NODE2_57_68),V(NODE2_57_69),V(NODE2_57_70),V(NODE2_57_71),V(NODE2_57_72),V(NODE2_57_73),V(NODE2_57_74),V(NODE2_57_75),V(NODE2_57_76),V(NODE2_57_77),V(NODE2_57_78),V(NODE2_57_79),V(NODE2_57_80),V(NODE2_57_81),V(NODE2_57_82),V(NODE2_57_83),V(NODE2_57_84),V(NODE2_57_85),V(NODE2_57_86),V(NODE2_57_87),V(NODE2_57_88),V(NODE2_57_89),V(NODE2_57_90),V(NODE2_57_91),V(NODE2_57_92),V(NODE2_57_93),V(NODE2_57_94),V(NODE2_57_95),V(NODE2_57_96),V(NODE2_57_97),V(NODE2_57_98),V(NODE2_57_99),V(NODE2_58_0),V(NODE2_58_1),V(NODE2_58_2),V(NODE2_58_3),V(NODE2_58_4),V(NODE2_58_5),V(NODE2_58_6),V(NODE2_58_7),V(NODE2_58_8),V(NODE2_58_9),V(NODE2_58_10),V(NODE2_58_11),V(NODE2_58_12),V(NODE2_58_13),V(NODE2_58_14),V(NODE2_58_15),V(NODE2_58_16),V(NODE2_58_17),V(NODE2_58_18),V(NODE2_58_19),V(NODE2_58_20),V(NODE2_58_21),V(NODE2_58_22),V(NODE2_58_23),V(NODE2_58_24),V(NODE2_58_25),V(NODE2_58_26),V(NODE2_58_27),V(NODE2_58_28),V(NODE2_58_29),V(NODE2_58_30),V(NODE2_58_31),V(NODE2_58_32),V(NODE2_58_33),V(NODE2_58_34),V(NODE2_58_35),V(NODE2_58_36),V(NODE2_58_37),V(NODE2_58_38),V(NODE2_58_39),V(NODE2_58_40),V(NODE2_58_41),V(NODE2_58_42),V(NODE2_58_43),V(NODE2_58_44),V(NODE2_58_45),V(NODE2_58_46),V(NODE2_58_47),V(NODE2_58_48),V(NODE2_58_49),V(NODE2_58_50),V(NODE2_58_51),V(NODE2_58_52),V(NODE2_58_53),V(NODE2_58_54),V(NODE2_58_55),V(NODE2_58_56),V(NODE2_58_57),V(NODE2_58_58),V(NODE2_58_59),V(NODE2_58_60),V(NODE2_58_61),V(NODE2_58_62),V(NODE2_58_63),V(NODE2_58_64),V(NODE2_58_65),V(NODE2_58_66),V(NODE2_58_67),V(NODE2_58_68),V(NODE2_58_69),V(NODE2_58_70),V(NODE2_58_71),V(NODE2_58_72),V(NODE2_58_73),V(NODE2_58_74),V(NODE2_58_75),V(NODE2_58_76),V(NODE2_58_77),V(NODE2_58_78),V(NODE2_58_79),V(NODE2_58_80),V(NODE2_58_81),V(NODE2_58_82),V(NODE2_58_83),V(NODE2_58_84),V(NODE2_58_85),V(NODE2_58_86),V(NODE2_58_87),V(NODE2_58_88),V(NODE2_58_89),V(NODE2_58_90),V(NODE2_58_91),V(NODE2_58_92),V(NODE2_58_93),V(NODE2_58_94),V(NODE2_58_95),V(NODE2_58_96),V(NODE2_58_97),V(NODE2_58_98),V(NODE2_58_99),V(NODE2_59_0),V(NODE2_59_1),V(NODE2_59_2),V(NODE2_59_3),V(NODE2_59_4),V(NODE2_59_5),V(NODE2_59_6),V(NODE2_59_7),V(NODE2_59_8),V(NODE2_59_9),V(NODE2_59_10),V(NODE2_59_11),V(NODE2_59_12),V(NODE2_59_13),V(NODE2_59_14),V(NODE2_59_15),V(NODE2_59_16),V(NODE2_59_17),V(NODE2_59_18),V(NODE2_59_19),V(NODE2_59_20),V(NODE2_59_21),V(NODE2_59_22),V(NODE2_59_23),V(NODE2_59_24),V(NODE2_59_25),V(NODE2_59_26),V(NODE2_59_27),V(NODE2_59_28),V(NODE2_59_29),V(NODE2_59_30),V(NODE2_59_31),V(NODE2_59_32),V(NODE2_59_33),V(NODE2_59_34),V(NODE2_59_35),V(NODE2_59_36),V(NODE2_59_37),V(NODE2_59_38),V(NODE2_59_39),V(NODE2_59_40),V(NODE2_59_41),V(NODE2_59_42),V(NODE2_59_43),V(NODE2_59_44),V(NODE2_59_45),V(NODE2_59_46),V(NODE2_59_47),V(NODE2_59_48),V(NODE2_59_49),V(NODE2_59_50),V(NODE2_59_51),V(NODE2_59_52),V(NODE2_59_53),V(NODE2_59_54),V(NODE2_59_55),V(NODE2_59_56),V(NODE2_59_57),V(NODE2_59_58),V(NODE2_59_59),V(NODE2_59_60),V(NODE2_59_61),V(NODE2_59_62),V(NODE2_59_63),V(NODE2_59_64),V(NODE2_59_65),V(NODE2_59_66),V(NODE2_59_67),V(NODE2_59_68),V(NODE2_59_69),V(NODE2_59_70),V(NODE2_59_71),V(NODE2_59_72),V(NODE2_59_73),V(NODE2_59_74),V(NODE2_59_75),V(NODE2_59_76),V(NODE2_59_77),V(NODE2_59_78),V(NODE2_59_79),V(NODE2_59_80),V(NODE2_59_81),V(NODE2_59_82),V(NODE2_59_83),V(NODE2_59_84),V(NODE2_59_85),V(NODE2_59_86),V(NODE2_59_87),V(NODE2_59_88),V(NODE2_59_89),V(NODE2_59_90),V(NODE2_59_91),V(NODE2_59_92),V(NODE2_59_93),V(NODE2_59_94),V(NODE2_59_95),V(NODE2_59_96),V(NODE2_59_97),V(NODE2_59_98),V(NODE2_59_99),V(NODE2_60_0),V(NODE2_60_1),V(NODE2_60_2),V(NODE2_60_3),V(NODE2_60_4),V(NODE2_60_5),V(NODE2_60_6),V(NODE2_60_7),V(NODE2_60_8),V(NODE2_60_9),V(NODE2_60_10),V(NODE2_60_11),V(NODE2_60_12),V(NODE2_60_13),V(NODE2_60_14),V(NODE2_60_15),V(NODE2_60_16),V(NODE2_60_17),V(NODE2_60_18),V(NODE2_60_19),V(NODE2_60_20),V(NODE2_60_21),V(NODE2_60_22),V(NODE2_60_23),V(NODE2_60_24),V(NODE2_60_25),V(NODE2_60_26),V(NODE2_60_27),V(NODE2_60_28),V(NODE2_60_29),V(NODE2_60_30),V(NODE2_60_31),V(NODE2_60_32),V(NODE2_60_33),V(NODE2_60_34),V(NODE2_60_35),V(NODE2_60_36),V(NODE2_60_37),V(NODE2_60_38),V(NODE2_60_39),V(NODE2_60_40),V(NODE2_60_41),V(NODE2_60_42),V(NODE2_60_43),V(NODE2_60_44),V(NODE2_60_45),V(NODE2_60_46),V(NODE2_60_47),V(NODE2_60_48),V(NODE2_60_49),V(NODE2_60_50),V(NODE2_60_51),V(NODE2_60_52),V(NODE2_60_53),V(NODE2_60_54),V(NODE2_60_55),V(NODE2_60_56),V(NODE2_60_57),V(NODE2_60_58),V(NODE2_60_59),V(NODE2_60_60),V(NODE2_60_61),V(NODE2_60_62),V(NODE2_60_63),V(NODE2_60_64),V(NODE2_60_65),V(NODE2_60_66),V(NODE2_60_67),V(NODE2_60_68),V(NODE2_60_69),V(NODE2_60_70),V(NODE2_60_71),V(NODE2_60_72),V(NODE2_60_73),V(NODE2_60_74),V(NODE2_60_75),V(NODE2_60_76),V(NODE2_60_77),V(NODE2_60_78),V(NODE2_60_79),V(NODE2_60_80),V(NODE2_60_81),V(NODE2_60_82),V(NODE2_60_83),V(NODE2_60_84),V(NODE2_60_85),V(NODE2_60_86),V(NODE2_60_87),V(NODE2_60_88),V(NODE2_60_89),V(NODE2_60_90),V(NODE2_60_91),V(NODE2_60_92),V(NODE2_60_93),V(NODE2_60_94),V(NODE2_60_95),V(NODE2_60_96),V(NODE2_60_97),V(NODE2_60_98),V(NODE2_60_99),V(NODE2_61_0),V(NODE2_61_1),V(NODE2_61_2),V(NODE2_61_3),V(NODE2_61_4),V(NODE2_61_5),V(NODE2_61_6),V(NODE2_61_7),V(NODE2_61_8),V(NODE2_61_9),V(NODE2_61_10),V(NODE2_61_11),V(NODE2_61_12),V(NODE2_61_13),V(NODE2_61_14),V(NODE2_61_15),V(NODE2_61_16),V(NODE2_61_17),V(NODE2_61_18),V(NODE2_61_19),V(NODE2_61_20),V(NODE2_61_21),V(NODE2_61_22),V(NODE2_61_23),V(NODE2_61_24),V(NODE2_61_25),V(NODE2_61_26),V(NODE2_61_27),V(NODE2_61_28),V(NODE2_61_29),V(NODE2_61_30),V(NODE2_61_31),V(NODE2_61_32),V(NODE2_61_33),V(NODE2_61_34),V(NODE2_61_35),V(NODE2_61_36),V(NODE2_61_37),V(NODE2_61_38),V(NODE2_61_39),V(NODE2_61_40),V(NODE2_61_41),V(NODE2_61_42),V(NODE2_61_43),V(NODE2_61_44),V(NODE2_61_45),V(NODE2_61_46),V(NODE2_61_47),V(NODE2_61_48),V(NODE2_61_49),V(NODE2_61_50),V(NODE2_61_51),V(NODE2_61_52),V(NODE2_61_53),V(NODE2_61_54),V(NODE2_61_55),V(NODE2_61_56),V(NODE2_61_57),V(NODE2_61_58),V(NODE2_61_59),V(NODE2_61_60),V(NODE2_61_61),V(NODE2_61_62),V(NODE2_61_63),V(NODE2_61_64),V(NODE2_61_65),V(NODE2_61_66),V(NODE2_61_67),V(NODE2_61_68),V(NODE2_61_69),V(NODE2_61_70),V(NODE2_61_71),V(NODE2_61_72),V(NODE2_61_73),V(NODE2_61_74),V(NODE2_61_75),V(NODE2_61_76),V(NODE2_61_77),V(NODE2_61_78),V(NODE2_61_79),V(NODE2_61_80),V(NODE2_61_81),V(NODE2_61_82),V(NODE2_61_83),V(NODE2_61_84),V(NODE2_61_85),V(NODE2_61_86),V(NODE2_61_87),V(NODE2_61_88),V(NODE2_61_89),V(NODE2_61_90),V(NODE2_61_91),V(NODE2_61_92),V(NODE2_61_93),V(NODE2_61_94),V(NODE2_61_95),V(NODE2_61_96),V(NODE2_61_97),V(NODE2_61_98),V(NODE2_61_99),V(NODE2_62_0),V(NODE2_62_1),V(NODE2_62_2),V(NODE2_62_3),V(NODE2_62_4),V(NODE2_62_5),V(NODE2_62_6),V(NODE2_62_7),V(NODE2_62_8),V(NODE2_62_9),V(NODE2_62_10),V(NODE2_62_11),V(NODE2_62_12),V(NODE2_62_13),V(NODE2_62_14),V(NODE2_62_15),V(NODE2_62_16),V(NODE2_62_17),V(NODE2_62_18),V(NODE2_62_19),V(NODE2_62_20),V(NODE2_62_21),V(NODE2_62_22),V(NODE2_62_23),V(NODE2_62_24),V(NODE2_62_25),V(NODE2_62_26),V(NODE2_62_27),V(NODE2_62_28),V(NODE2_62_29),V(NODE2_62_30),V(NODE2_62_31),V(NODE2_62_32),V(NODE2_62_33),V(NODE2_62_34),V(NODE2_62_35),V(NODE2_62_36),V(NODE2_62_37),V(NODE2_62_38),V(NODE2_62_39),V(NODE2_62_40),V(NODE2_62_41),V(NODE2_62_42),V(NODE2_62_43),V(NODE2_62_44),V(NODE2_62_45),V(NODE2_62_46),V(NODE2_62_47),V(NODE2_62_48),V(NODE2_62_49),V(NODE2_62_50),V(NODE2_62_51),V(NODE2_62_52),V(NODE2_62_53),V(NODE2_62_54),V(NODE2_62_55),V(NODE2_62_56),V(NODE2_62_57),V(NODE2_62_58),V(NODE2_62_59),V(NODE2_62_60),V(NODE2_62_61),V(NODE2_62_62),V(NODE2_62_63),V(NODE2_62_64),V(NODE2_62_65),V(NODE2_62_66),V(NODE2_62_67),V(NODE2_62_68),V(NODE2_62_69),V(NODE2_62_70),V(NODE2_62_71),V(NODE2_62_72),V(NODE2_62_73),V(NODE2_62_74),V(NODE2_62_75),V(NODE2_62_76),V(NODE2_62_77),V(NODE2_62_78),V(NODE2_62_79),V(NODE2_62_80),V(NODE2_62_81),V(NODE2_62_82),V(NODE2_62_83),V(NODE2_62_84),V(NODE2_62_85),V(NODE2_62_86),V(NODE2_62_87),V(NODE2_62_88),V(NODE2_62_89),V(NODE2_62_90),V(NODE2_62_91),V(NODE2_62_92),V(NODE2_62_93),V(NODE2_62_94),V(NODE2_62_95),V(NODE2_62_96),V(NODE2_62_97),V(NODE2_62_98),V(NODE2_62_99),V(NODE2_63_0),V(NODE2_63_1),V(NODE2_63_2),V(NODE2_63_3),V(NODE2_63_4),V(NODE2_63_5),V(NODE2_63_6),V(NODE2_63_7),V(NODE2_63_8),V(NODE2_63_9),V(NODE2_63_10),V(NODE2_63_11),V(NODE2_63_12),V(NODE2_63_13),V(NODE2_63_14),V(NODE2_63_15),V(NODE2_63_16),V(NODE2_63_17),V(NODE2_63_18),V(NODE2_63_19),V(NODE2_63_20),V(NODE2_63_21),V(NODE2_63_22),V(NODE2_63_23),V(NODE2_63_24),V(NODE2_63_25),V(NODE2_63_26),V(NODE2_63_27),V(NODE2_63_28),V(NODE2_63_29),V(NODE2_63_30),V(NODE2_63_31),V(NODE2_63_32),V(NODE2_63_33),V(NODE2_63_34),V(NODE2_63_35),V(NODE2_63_36),V(NODE2_63_37),V(NODE2_63_38),V(NODE2_63_39),V(NODE2_63_40),V(NODE2_63_41),V(NODE2_63_42),V(NODE2_63_43),V(NODE2_63_44),V(NODE2_63_45),V(NODE2_63_46),V(NODE2_63_47),V(NODE2_63_48),V(NODE2_63_49),V(NODE2_63_50),V(NODE2_63_51),V(NODE2_63_52),V(NODE2_63_53),V(NODE2_63_54),V(NODE2_63_55),V(NODE2_63_56),V(NODE2_63_57),V(NODE2_63_58),V(NODE2_63_59),V(NODE2_63_60),V(NODE2_63_61),V(NODE2_63_62),V(NODE2_63_63),V(NODE2_63_64),V(NODE2_63_65),V(NODE2_63_66),V(NODE2_63_67),V(NODE2_63_68),V(NODE2_63_69),V(NODE2_63_70),V(NODE2_63_71),V(NODE2_63_72),V(NODE2_63_73),V(NODE2_63_74),V(NODE2_63_75),V(NODE2_63_76),V(NODE2_63_77),V(NODE2_63_78),V(NODE2_63_79),V(NODE2_63_80),V(NODE2_63_81),V(NODE2_63_82),V(NODE2_63_83),V(NODE2_63_84),V(NODE2_63_85),V(NODE2_63_86),V(NODE2_63_87),V(NODE2_63_88),V(NODE2_63_89),V(NODE2_63_90),V(NODE2_63_91),V(NODE2_63_92),V(NODE2_63_93),V(NODE2_63_94),V(NODE2_63_95),V(NODE2_63_96),V(NODE2_63_97),V(NODE2_63_98),V(NODE2_63_99),V(NODE2_64_0),V(NODE2_64_1),V(NODE2_64_2),V(NODE2_64_3),V(NODE2_64_4),V(NODE2_64_5),V(NODE2_64_6),V(NODE2_64_7),V(NODE2_64_8),V(NODE2_64_9),V(NODE2_64_10),V(NODE2_64_11),V(NODE2_64_12),V(NODE2_64_13),V(NODE2_64_14),V(NODE2_64_15),V(NODE2_64_16),V(NODE2_64_17),V(NODE2_64_18),V(NODE2_64_19),V(NODE2_64_20),V(NODE2_64_21),V(NODE2_64_22),V(NODE2_64_23),V(NODE2_64_24),V(NODE2_64_25),V(NODE2_64_26),V(NODE2_64_27),V(NODE2_64_28),V(NODE2_64_29),V(NODE2_64_30),V(NODE2_64_31),V(NODE2_64_32),V(NODE2_64_33),V(NODE2_64_34),V(NODE2_64_35),V(NODE2_64_36),V(NODE2_64_37),V(NODE2_64_38),V(NODE2_64_39),V(NODE2_64_40),V(NODE2_64_41),V(NODE2_64_42),V(NODE2_64_43),V(NODE2_64_44),V(NODE2_64_45),V(NODE2_64_46),V(NODE2_64_47),V(NODE2_64_48),V(NODE2_64_49),V(NODE2_64_50),V(NODE2_64_51),V(NODE2_64_52),V(NODE2_64_53),V(NODE2_64_54),V(NODE2_64_55),V(NODE2_64_56),V(NODE2_64_57),V(NODE2_64_58),V(NODE2_64_59),V(NODE2_64_60),V(NODE2_64_61),V(NODE2_64_62),V(NODE2_64_63),V(NODE2_64_64),V(NODE2_64_65),V(NODE2_64_66),V(NODE2_64_67),V(NODE2_64_68),V(NODE2_64_69),V(NODE2_64_70),V(NODE2_64_71),V(NODE2_64_72),V(NODE2_64_73),V(NODE2_64_74),V(NODE2_64_75),V(NODE2_64_76),V(NODE2_64_77),V(NODE2_64_78),V(NODE2_64_79),V(NODE2_64_80),V(NODE2_64_81),V(NODE2_64_82),V(NODE2_64_83),V(NODE2_64_84),V(NODE2_64_85),V(NODE2_64_86),V(NODE2_64_87),V(NODE2_64_88),V(NODE2_64_89),V(NODE2_64_90),V(NODE2_64_91),V(NODE2_64_92),V(NODE2_64_93),V(NODE2_64_94),V(NODE2_64_95),V(NODE2_64_96),V(NODE2_64_97),V(NODE2_64_98),V(NODE2_64_99),V(NODE2_65_0),V(NODE2_65_1),V(NODE2_65_2),V(NODE2_65_3),V(NODE2_65_4),V(NODE2_65_5),V(NODE2_65_6),V(NODE2_65_7),V(NODE2_65_8),V(NODE2_65_9),V(NODE2_65_10),V(NODE2_65_11),V(NODE2_65_12),V(NODE2_65_13),V(NODE2_65_14),V(NODE2_65_15),V(NODE2_65_16),V(NODE2_65_17),V(NODE2_65_18),V(NODE2_65_19),V(NODE2_65_20),V(NODE2_65_21),V(NODE2_65_22),V(NODE2_65_23),V(NODE2_65_24),V(NODE2_65_25),V(NODE2_65_26),V(NODE2_65_27),V(NODE2_65_28),V(NODE2_65_29),V(NODE2_65_30),V(NODE2_65_31),V(NODE2_65_32),V(NODE2_65_33),V(NODE2_65_34),V(NODE2_65_35),V(NODE2_65_36),V(NODE2_65_37),V(NODE2_65_38),V(NODE2_65_39),V(NODE2_65_40),V(NODE2_65_41),V(NODE2_65_42),V(NODE2_65_43),V(NODE2_65_44),V(NODE2_65_45),V(NODE2_65_46),V(NODE2_65_47),V(NODE2_65_48),V(NODE2_65_49),V(NODE2_65_50),V(NODE2_65_51),V(NODE2_65_52),V(NODE2_65_53),V(NODE2_65_54),V(NODE2_65_55),V(NODE2_65_56),V(NODE2_65_57),V(NODE2_65_58),V(NODE2_65_59),V(NODE2_65_60),V(NODE2_65_61),V(NODE2_65_62),V(NODE2_65_63),V(NODE2_65_64),V(NODE2_65_65),V(NODE2_65_66),V(NODE2_65_67),V(NODE2_65_68),V(NODE2_65_69),V(NODE2_65_70),V(NODE2_65_71),V(NODE2_65_72),V(NODE2_65_73),V(NODE2_65_74),V(NODE2_65_75),V(NODE2_65_76),V(NODE2_65_77),V(NODE2_65_78),V(NODE2_65_79),V(NODE2_65_80),V(NODE2_65_81),V(NODE2_65_82),V(NODE2_65_83),V(NODE2_65_84),V(NODE2_65_85),V(NODE2_65_86),V(NODE2_65_87),V(NODE2_65_88),V(NODE2_65_89),V(NODE2_65_90),V(NODE2_65_91),V(NODE2_65_92),V(NODE2_65_93),V(NODE2_65_94),V(NODE2_65_95),V(NODE2_65_96),V(NODE2_65_97),V(NODE2_65_98),V(NODE2_65_99),V(NODE2_66_0),V(NODE2_66_1),V(NODE2_66_2),V(NODE2_66_3),V(NODE2_66_4),V(NODE2_66_5),V(NODE2_66_6),V(NODE2_66_7),V(NODE2_66_8),V(NODE2_66_9),V(NODE2_66_10),V(NODE2_66_11),V(NODE2_66_12),V(NODE2_66_13),V(NODE2_66_14),V(NODE2_66_15),V(NODE2_66_16),V(NODE2_66_17),V(NODE2_66_18),V(NODE2_66_19),V(NODE2_66_20),V(NODE2_66_21),V(NODE2_66_22),V(NODE2_66_23),V(NODE2_66_24),V(NODE2_66_25),V(NODE2_66_26),V(NODE2_66_27),V(NODE2_66_28),V(NODE2_66_29),V(NODE2_66_30),V(NODE2_66_31),V(NODE2_66_32),V(NODE2_66_33),V(NODE2_66_34),V(NODE2_66_35),V(NODE2_66_36),V(NODE2_66_37),V(NODE2_66_38),V(NODE2_66_39),V(NODE2_66_40),V(NODE2_66_41),V(NODE2_66_42),V(NODE2_66_43),V(NODE2_66_44),V(NODE2_66_45),V(NODE2_66_46),V(NODE2_66_47),V(NODE2_66_48),V(NODE2_66_49),V(NODE2_66_50),V(NODE2_66_51),V(NODE2_66_52),V(NODE2_66_53),V(NODE2_66_54),V(NODE2_66_55),V(NODE2_66_56),V(NODE2_66_57),V(NODE2_66_58),V(NODE2_66_59),V(NODE2_66_60),V(NODE2_66_61),V(NODE2_66_62),V(NODE2_66_63),V(NODE2_66_64),V(NODE2_66_65),V(NODE2_66_66),V(NODE2_66_67),V(NODE2_66_68),V(NODE2_66_69),V(NODE2_66_70),V(NODE2_66_71),V(NODE2_66_72),V(NODE2_66_73),V(NODE2_66_74),V(NODE2_66_75),V(NODE2_66_76),V(NODE2_66_77),V(NODE2_66_78),V(NODE2_66_79),V(NODE2_66_80),V(NODE2_66_81),V(NODE2_66_82),V(NODE2_66_83),V(NODE2_66_84),V(NODE2_66_85),V(NODE2_66_86),V(NODE2_66_87),V(NODE2_66_88),V(NODE2_66_89),V(NODE2_66_90),V(NODE2_66_91),V(NODE2_66_92),V(NODE2_66_93),V(NODE2_66_94),V(NODE2_66_95),V(NODE2_66_96),V(NODE2_66_97),V(NODE2_66_98),V(NODE2_66_99),V(NODE2_67_0),V(NODE2_67_1),V(NODE2_67_2),V(NODE2_67_3),V(NODE2_67_4),V(NODE2_67_5),V(NODE2_67_6),V(NODE2_67_7),V(NODE2_67_8),V(NODE2_67_9),V(NODE2_67_10),V(NODE2_67_11),V(NODE2_67_12),V(NODE2_67_13),V(NODE2_67_14),V(NODE2_67_15),V(NODE2_67_16),V(NODE2_67_17),V(NODE2_67_18),V(NODE2_67_19),V(NODE2_67_20),V(NODE2_67_21),V(NODE2_67_22),V(NODE2_67_23),V(NODE2_67_24),V(NODE2_67_25),V(NODE2_67_26),V(NODE2_67_27),V(NODE2_67_28),V(NODE2_67_29),V(NODE2_67_30),V(NODE2_67_31),V(NODE2_67_32),V(NODE2_67_33),V(NODE2_67_34),V(NODE2_67_35),V(NODE2_67_36),V(NODE2_67_37),V(NODE2_67_38),V(NODE2_67_39),V(NODE2_67_40),V(NODE2_67_41),V(NODE2_67_42),V(NODE2_67_43),V(NODE2_67_44),V(NODE2_67_45),V(NODE2_67_46),V(NODE2_67_47),V(NODE2_67_48),V(NODE2_67_49),V(NODE2_67_50),V(NODE2_67_51),V(NODE2_67_52),V(NODE2_67_53),V(NODE2_67_54),V(NODE2_67_55),V(NODE2_67_56),V(NODE2_67_57),V(NODE2_67_58),V(NODE2_67_59),V(NODE2_67_60),V(NODE2_67_61),V(NODE2_67_62),V(NODE2_67_63),V(NODE2_67_64),V(NODE2_67_65),V(NODE2_67_66),V(NODE2_67_67),V(NODE2_67_68),V(NODE2_67_69),V(NODE2_67_70),V(NODE2_67_71),V(NODE2_67_72),V(NODE2_67_73),V(NODE2_67_74),V(NODE2_67_75),V(NODE2_67_76),V(NODE2_67_77),V(NODE2_67_78),V(NODE2_67_79),V(NODE2_67_80),V(NODE2_67_81),V(NODE2_67_82),V(NODE2_67_83),V(NODE2_67_84),V(NODE2_67_85),V(NODE2_67_86),V(NODE2_67_87),V(NODE2_67_88),V(NODE2_67_89),V(NODE2_67_90),V(NODE2_67_91),V(NODE2_67_92),V(NODE2_67_93),V(NODE2_67_94),V(NODE2_67_95),V(NODE2_67_96),V(NODE2_67_97),V(NODE2_67_98),V(NODE2_67_99),V(NODE2_68_0),V(NODE2_68_1),V(NODE2_68_2),V(NODE2_68_3),V(NODE2_68_4),V(NODE2_68_5),V(NODE2_68_6),V(NODE2_68_7),V(NODE2_68_8),V(NODE2_68_9),V(NODE2_68_10),V(NODE2_68_11),V(NODE2_68_12),V(NODE2_68_13),V(NODE2_68_14),V(NODE2_68_15),V(NODE2_68_16),V(NODE2_68_17),V(NODE2_68_18),V(NODE2_68_19),V(NODE2_68_20),V(NODE2_68_21),V(NODE2_68_22),V(NODE2_68_23),V(NODE2_68_24),V(NODE2_68_25),V(NODE2_68_26),V(NODE2_68_27),V(NODE2_68_28),V(NODE2_68_29),V(NODE2_68_30),V(NODE2_68_31),V(NODE2_68_32),V(NODE2_68_33),V(NODE2_68_34),V(NODE2_68_35),V(NODE2_68_36),V(NODE2_68_37),V(NODE2_68_38),V(NODE2_68_39),V(NODE2_68_40),V(NODE2_68_41),V(NODE2_68_42),V(NODE2_68_43),V(NODE2_68_44),V(NODE2_68_45),V(NODE2_68_46),V(NODE2_68_47),V(NODE2_68_48),V(NODE2_68_49),V(NODE2_68_50),V(NODE2_68_51),V(NODE2_68_52),V(NODE2_68_53),V(NODE2_68_54),V(NODE2_68_55),V(NODE2_68_56),V(NODE2_68_57),V(NODE2_68_58),V(NODE2_68_59),V(NODE2_68_60),V(NODE2_68_61),V(NODE2_68_62),V(NODE2_68_63),V(NODE2_68_64),V(NODE2_68_65),V(NODE2_68_66),V(NODE2_68_67),V(NODE2_68_68),V(NODE2_68_69),V(NODE2_68_70),V(NODE2_68_71),V(NODE2_68_72),V(NODE2_68_73),V(NODE2_68_74),V(NODE2_68_75),V(NODE2_68_76),V(NODE2_68_77),V(NODE2_68_78),V(NODE2_68_79),V(NODE2_68_80),V(NODE2_68_81),V(NODE2_68_82),V(NODE2_68_83),V(NODE2_68_84),V(NODE2_68_85),V(NODE2_68_86),V(NODE2_68_87),V(NODE2_68_88),V(NODE2_68_89),V(NODE2_68_90),V(NODE2_68_91),V(NODE2_68_92),V(NODE2_68_93),V(NODE2_68_94),V(NODE2_68_95),V(NODE2_68_96),V(NODE2_68_97),V(NODE2_68_98),V(NODE2_68_99),V(NODE2_69_0),V(NODE2_69_1),V(NODE2_69_2),V(NODE2_69_3),V(NODE2_69_4),V(NODE2_69_5),V(NODE2_69_6),V(NODE2_69_7),V(NODE2_69_8),V(NODE2_69_9),V(NODE2_69_10),V(NODE2_69_11),V(NODE2_69_12),V(NODE2_69_13),V(NODE2_69_14),V(NODE2_69_15),V(NODE2_69_16),V(NODE2_69_17),V(NODE2_69_18),V(NODE2_69_19),V(NODE2_69_20),V(NODE2_69_21),V(NODE2_69_22),V(NODE2_69_23),V(NODE2_69_24),V(NODE2_69_25),V(NODE2_69_26),V(NODE2_69_27),V(NODE2_69_28),V(NODE2_69_29),V(NODE2_69_30),V(NODE2_69_31),V(NODE2_69_32),V(NODE2_69_33),V(NODE2_69_34),V(NODE2_69_35),V(NODE2_69_36),V(NODE2_69_37),V(NODE2_69_38),V(NODE2_69_39),V(NODE2_69_40),V(NODE2_69_41),V(NODE2_69_42),V(NODE2_69_43),V(NODE2_69_44),V(NODE2_69_45),V(NODE2_69_46),V(NODE2_69_47),V(NODE2_69_48),V(NODE2_69_49),V(NODE2_69_50),V(NODE2_69_51),V(NODE2_69_52),V(NODE2_69_53),V(NODE2_69_54),V(NODE2_69_55),V(NODE2_69_56),V(NODE2_69_57),V(NODE2_69_58),V(NODE2_69_59),V(NODE2_69_60),V(NODE2_69_61),V(NODE2_69_62),V(NODE2_69_63),V(NODE2_69_64),V(NODE2_69_65),V(NODE2_69_66),V(NODE2_69_67),V(NODE2_69_68),V(NODE2_69_69),V(NODE2_69_70),V(NODE2_69_71),V(NODE2_69_72),V(NODE2_69_73),V(NODE2_69_74),V(NODE2_69_75),V(NODE2_69_76),V(NODE2_69_77),V(NODE2_69_78),V(NODE2_69_79),V(NODE2_69_80),V(NODE2_69_81),V(NODE2_69_82),V(NODE2_69_83),V(NODE2_69_84),V(NODE2_69_85),V(NODE2_69_86),V(NODE2_69_87),V(NODE2_69_88),V(NODE2_69_89),V(NODE2_69_90),V(NODE2_69_91),V(NODE2_69_92),V(NODE2_69_93),V(NODE2_69_94),V(NODE2_69_95),V(NODE2_69_96),V(NODE2_69_97),V(NODE2_69_98),V(NODE2_69_99),V(NODE2_70_0),V(NODE2_70_1),V(NODE2_70_2),V(NODE2_70_3),V(NODE2_70_4),V(NODE2_70_5),V(NODE2_70_6),V(NODE2_70_7),V(NODE2_70_8),V(NODE2_70_9),V(NODE2_70_10),V(NODE2_70_11),V(NODE2_70_12),V(NODE2_70_13),V(NODE2_70_14),V(NODE2_70_15),V(NODE2_70_16),V(NODE2_70_17),V(NODE2_70_18),V(NODE2_70_19),V(NODE2_70_20),V(NODE2_70_21),V(NODE2_70_22),V(NODE2_70_23),V(NODE2_70_24),V(NODE2_70_25),V(NODE2_70_26),V(NODE2_70_27),V(NODE2_70_28),V(NODE2_70_29),V(NODE2_70_30),V(NODE2_70_31),V(NODE2_70_32),V(NODE2_70_33),V(NODE2_70_34),V(NODE2_70_35),V(NODE2_70_36),V(NODE2_70_37),V(NODE2_70_38),V(NODE2_70_39),V(NODE2_70_40),V(NODE2_70_41),V(NODE2_70_42),V(NODE2_70_43),V(NODE2_70_44),V(NODE2_70_45),V(NODE2_70_46),V(NODE2_70_47),V(NODE2_70_48),V(NODE2_70_49),V(NODE2_70_50),V(NODE2_70_51),V(NODE2_70_52),V(NODE2_70_53),V(NODE2_70_54),V(NODE2_70_55),V(NODE2_70_56),V(NODE2_70_57),V(NODE2_70_58),V(NODE2_70_59),V(NODE2_70_60),V(NODE2_70_61),V(NODE2_70_62),V(NODE2_70_63),V(NODE2_70_64),V(NODE2_70_65),V(NODE2_70_66),V(NODE2_70_67),V(NODE2_70_68),V(NODE2_70_69),V(NODE2_70_70),V(NODE2_70_71),V(NODE2_70_72),V(NODE2_70_73),V(NODE2_70_74),V(NODE2_70_75),V(NODE2_70_76),V(NODE2_70_77),V(NODE2_70_78),V(NODE2_70_79),V(NODE2_70_80),V(NODE2_70_81),V(NODE2_70_82),V(NODE2_70_83),V(NODE2_70_84),V(NODE2_70_85),V(NODE2_70_86),V(NODE2_70_87),V(NODE2_70_88),V(NODE2_70_89),V(NODE2_70_90),V(NODE2_70_91),V(NODE2_70_92),V(NODE2_70_93),V(NODE2_70_94),V(NODE2_70_95),V(NODE2_70_96),V(NODE2_70_97),V(NODE2_70_98),V(NODE2_70_99),V(NODE2_71_0),V(NODE2_71_1),V(NODE2_71_2),V(NODE2_71_3),V(NODE2_71_4),V(NODE2_71_5),V(NODE2_71_6),V(NODE2_71_7),V(NODE2_71_8),V(NODE2_71_9),V(NODE2_71_10),V(NODE2_71_11),V(NODE2_71_12),V(NODE2_71_13),V(NODE2_71_14),V(NODE2_71_15),V(NODE2_71_16),V(NODE2_71_17),V(NODE2_71_18),V(NODE2_71_19),V(NODE2_71_20),V(NODE2_71_21),V(NODE2_71_22),V(NODE2_71_23),V(NODE2_71_24),V(NODE2_71_25),V(NODE2_71_26),V(NODE2_71_27),V(NODE2_71_28),V(NODE2_71_29),V(NODE2_71_30),V(NODE2_71_31),V(NODE2_71_32),V(NODE2_71_33),V(NODE2_71_34),V(NODE2_71_35),V(NODE2_71_36),V(NODE2_71_37),V(NODE2_71_38),V(NODE2_71_39),V(NODE2_71_40),V(NODE2_71_41),V(NODE2_71_42),V(NODE2_71_43),V(NODE2_71_44),V(NODE2_71_45),V(NODE2_71_46),V(NODE2_71_47),V(NODE2_71_48),V(NODE2_71_49),V(NODE2_71_50),V(NODE2_71_51),V(NODE2_71_52),V(NODE2_71_53),V(NODE2_71_54),V(NODE2_71_55),V(NODE2_71_56),V(NODE2_71_57),V(NODE2_71_58),V(NODE2_71_59),V(NODE2_71_60),V(NODE2_71_61),V(NODE2_71_62),V(NODE2_71_63),V(NODE2_71_64),V(NODE2_71_65),V(NODE2_71_66),V(NODE2_71_67),V(NODE2_71_68),V(NODE2_71_69),V(NODE2_71_70),V(NODE2_71_71),V(NODE2_71_72),V(NODE2_71_73),V(NODE2_71_74),V(NODE2_71_75),V(NODE2_71_76),V(NODE2_71_77),V(NODE2_71_78),V(NODE2_71_79),V(NODE2_71_80),V(NODE2_71_81),V(NODE2_71_82),V(NODE2_71_83),V(NODE2_71_84),V(NODE2_71_85),V(NODE2_71_86),V(NODE2_71_87),V(NODE2_71_88),V(NODE2_71_89),V(NODE2_71_90),V(NODE2_71_91),V(NODE2_71_92),V(NODE2_71_93),V(NODE2_71_94),V(NODE2_71_95),V(NODE2_71_96),V(NODE2_71_97),V(NODE2_71_98),V(NODE2_71_99),V(NODE2_72_0),V(NODE2_72_1),V(NODE2_72_2),V(NODE2_72_3),V(NODE2_72_4),V(NODE2_72_5),V(NODE2_72_6),V(NODE2_72_7),V(NODE2_72_8),V(NODE2_72_9),V(NODE2_72_10),V(NODE2_72_11),V(NODE2_72_12),V(NODE2_72_13),V(NODE2_72_14),V(NODE2_72_15),V(NODE2_72_16),V(NODE2_72_17),V(NODE2_72_18),V(NODE2_72_19),V(NODE2_72_20),V(NODE2_72_21),V(NODE2_72_22),V(NODE2_72_23),V(NODE2_72_24),V(NODE2_72_25),V(NODE2_72_26),V(NODE2_72_27),V(NODE2_72_28),V(NODE2_72_29),V(NODE2_72_30),V(NODE2_72_31),V(NODE2_72_32),V(NODE2_72_33),V(NODE2_72_34),V(NODE2_72_35),V(NODE2_72_36),V(NODE2_72_37),V(NODE2_72_38),V(NODE2_72_39),V(NODE2_72_40),V(NODE2_72_41),V(NODE2_72_42),V(NODE2_72_43),V(NODE2_72_44),V(NODE2_72_45),V(NODE2_72_46),V(NODE2_72_47),V(NODE2_72_48),V(NODE2_72_49),V(NODE2_72_50),V(NODE2_72_51),V(NODE2_72_52),V(NODE2_72_53),V(NODE2_72_54),V(NODE2_72_55),V(NODE2_72_56),V(NODE2_72_57),V(NODE2_72_58),V(NODE2_72_59),V(NODE2_72_60),V(NODE2_72_61),V(NODE2_72_62),V(NODE2_72_63),V(NODE2_72_64),V(NODE2_72_65),V(NODE2_72_66),V(NODE2_72_67),V(NODE2_72_68),V(NODE2_72_69),V(NODE2_72_70),V(NODE2_72_71),V(NODE2_72_72),V(NODE2_72_73),V(NODE2_72_74),V(NODE2_72_75),V(NODE2_72_76),V(NODE2_72_77),V(NODE2_72_78),V(NODE2_72_79),V(NODE2_72_80),V(NODE2_72_81),V(NODE2_72_82),V(NODE2_72_83),V(NODE2_72_84),V(NODE2_72_85),V(NODE2_72_86),V(NODE2_72_87),V(NODE2_72_88),V(NODE2_72_89),V(NODE2_72_90),V(NODE2_72_91),V(NODE2_72_92),V(NODE2_72_93),V(NODE2_72_94),V(NODE2_72_95),V(NODE2_72_96),V(NODE2_72_97),V(NODE2_72_98),V(NODE2_72_99),V(NODE2_73_0),V(NODE2_73_1),V(NODE2_73_2),V(NODE2_73_3),V(NODE2_73_4),V(NODE2_73_5),V(NODE2_73_6),V(NODE2_73_7),V(NODE2_73_8),V(NODE2_73_9),V(NODE2_73_10),V(NODE2_73_11),V(NODE2_73_12),V(NODE2_73_13),V(NODE2_73_14),V(NODE2_73_15),V(NODE2_73_16),V(NODE2_73_17),V(NODE2_73_18),V(NODE2_73_19),V(NODE2_73_20),V(NODE2_73_21),V(NODE2_73_22),V(NODE2_73_23),V(NODE2_73_24),V(NODE2_73_25),V(NODE2_73_26),V(NODE2_73_27),V(NODE2_73_28),V(NODE2_73_29),V(NODE2_73_30),V(NODE2_73_31),V(NODE2_73_32),V(NODE2_73_33),V(NODE2_73_34),V(NODE2_73_35),V(NODE2_73_36),V(NODE2_73_37),V(NODE2_73_38),V(NODE2_73_39),V(NODE2_73_40),V(NODE2_73_41),V(NODE2_73_42),V(NODE2_73_43),V(NODE2_73_44),V(NODE2_73_45),V(NODE2_73_46),V(NODE2_73_47),V(NODE2_73_48),V(NODE2_73_49),V(NODE2_73_50),V(NODE2_73_51),V(NODE2_73_52),V(NODE2_73_53),V(NODE2_73_54),V(NODE2_73_55),V(NODE2_73_56),V(NODE2_73_57),V(NODE2_73_58),V(NODE2_73_59),V(NODE2_73_60),V(NODE2_73_61),V(NODE2_73_62),V(NODE2_73_63),V(NODE2_73_64),V(NODE2_73_65),V(NODE2_73_66),V(NODE2_73_67),V(NODE2_73_68),V(NODE2_73_69),V(NODE2_73_70),V(NODE2_73_71),V(NODE2_73_72),V(NODE2_73_73),V(NODE2_73_74),V(NODE2_73_75),V(NODE2_73_76),V(NODE2_73_77),V(NODE2_73_78),V(NODE2_73_79),V(NODE2_73_80),V(NODE2_73_81),V(NODE2_73_82),V(NODE2_73_83),V(NODE2_73_84),V(NODE2_73_85),V(NODE2_73_86),V(NODE2_73_87),V(NODE2_73_88),V(NODE2_73_89),V(NODE2_73_90),V(NODE2_73_91),V(NODE2_73_92),V(NODE2_73_93),V(NODE2_73_94),V(NODE2_73_95),V(NODE2_73_96),V(NODE2_73_97),V(NODE2_73_98),V(NODE2_73_99),V(NODE2_74_0),V(NODE2_74_1),V(NODE2_74_2),V(NODE2_74_3),V(NODE2_74_4),V(NODE2_74_5),V(NODE2_74_6),V(NODE2_74_7),V(NODE2_74_8),V(NODE2_74_9),V(NODE2_74_10),V(NODE2_74_11),V(NODE2_74_12),V(NODE2_74_13),V(NODE2_74_14),V(NODE2_74_15),V(NODE2_74_16),V(NODE2_74_17),V(NODE2_74_18),V(NODE2_74_19),V(NODE2_74_20),V(NODE2_74_21),V(NODE2_74_22),V(NODE2_74_23),V(NODE2_74_24),V(NODE2_74_25),V(NODE2_74_26),V(NODE2_74_27),V(NODE2_74_28),V(NODE2_74_29),V(NODE2_74_30),V(NODE2_74_31),V(NODE2_74_32),V(NODE2_74_33),V(NODE2_74_34),V(NODE2_74_35),V(NODE2_74_36),V(NODE2_74_37),V(NODE2_74_38),V(NODE2_74_39),V(NODE2_74_40),V(NODE2_74_41),V(NODE2_74_42),V(NODE2_74_43),V(NODE2_74_44),V(NODE2_74_45),V(NODE2_74_46),V(NODE2_74_47),V(NODE2_74_48),V(NODE2_74_49),V(NODE2_74_50),V(NODE2_74_51),V(NODE2_74_52),V(NODE2_74_53),V(NODE2_74_54),V(NODE2_74_55),V(NODE2_74_56),V(NODE2_74_57),V(NODE2_74_58),V(NODE2_74_59),V(NODE2_74_60),V(NODE2_74_61),V(NODE2_74_62),V(NODE2_74_63),V(NODE2_74_64),V(NODE2_74_65),V(NODE2_74_66),V(NODE2_74_67),V(NODE2_74_68),V(NODE2_74_69),V(NODE2_74_70),V(NODE2_74_71),V(NODE2_74_72),V(NODE2_74_73),V(NODE2_74_74),V(NODE2_74_75),V(NODE2_74_76),V(NODE2_74_77),V(NODE2_74_78),V(NODE2_74_79),V(NODE2_74_80),V(NODE2_74_81),V(NODE2_74_82),V(NODE2_74_83),V(NODE2_74_84),V(NODE2_74_85),V(NODE2_74_86),V(NODE2_74_87),V(NODE2_74_88),V(NODE2_74_89),V(NODE2_74_90),V(NODE2_74_91),V(NODE2_74_92),V(NODE2_74_93),V(NODE2_74_94),V(NODE2_74_95),V(NODE2_74_96),V(NODE2_74_97),V(NODE2_74_98),V(NODE2_74_99),V(NODE2_75_0),V(NODE2_75_1),V(NODE2_75_2),V(NODE2_75_3),V(NODE2_75_4),V(NODE2_75_5),V(NODE2_75_6),V(NODE2_75_7),V(NODE2_75_8),V(NODE2_75_9),V(NODE2_75_10),V(NODE2_75_11),V(NODE2_75_12),V(NODE2_75_13),V(NODE2_75_14),V(NODE2_75_15),V(NODE2_75_16),V(NODE2_75_17),V(NODE2_75_18),V(NODE2_75_19),V(NODE2_75_20),V(NODE2_75_21),V(NODE2_75_22),V(NODE2_75_23),V(NODE2_75_24),V(NODE2_75_25),V(NODE2_75_26),V(NODE2_75_27),V(NODE2_75_28),V(NODE2_75_29),V(NODE2_75_30),V(NODE2_75_31),V(NODE2_75_32),V(NODE2_75_33),V(NODE2_75_34),V(NODE2_75_35),V(NODE2_75_36),V(NODE2_75_37),V(NODE2_75_38),V(NODE2_75_39),V(NODE2_75_40),V(NODE2_75_41),V(NODE2_75_42),V(NODE2_75_43),V(NODE2_75_44),V(NODE2_75_45),V(NODE2_75_46),V(NODE2_75_47),V(NODE2_75_48),V(NODE2_75_49),V(NODE2_75_50),V(NODE2_75_51),V(NODE2_75_52),V(NODE2_75_53),V(NODE2_75_54),V(NODE2_75_55),V(NODE2_75_56),V(NODE2_75_57),V(NODE2_75_58),V(NODE2_75_59),V(NODE2_75_60),V(NODE2_75_61),V(NODE2_75_62),V(NODE2_75_63),V(NODE2_75_64),V(NODE2_75_65),V(NODE2_75_66),V(NODE2_75_67),V(NODE2_75_68),V(NODE2_75_69),V(NODE2_75_70),V(NODE2_75_71),V(NODE2_75_72),V(NODE2_75_73),V(NODE2_75_74),V(NODE2_75_75),V(NODE2_75_76),V(NODE2_75_77),V(NODE2_75_78),V(NODE2_75_79),V(NODE2_75_80),V(NODE2_75_81),V(NODE2_75_82),V(NODE2_75_83),V(NODE2_75_84),V(NODE2_75_85),V(NODE2_75_86),V(NODE2_75_87),V(NODE2_75_88),V(NODE2_75_89),V(NODE2_75_90),V(NODE2_75_91),V(NODE2_75_92),V(NODE2_75_93),V(NODE2_75_94),V(NODE2_75_95),V(NODE2_75_96),V(NODE2_75_97),V(NODE2_75_98),V(NODE2_75_99),V(NODE2_76_0),V(NODE2_76_1),V(NODE2_76_2),V(NODE2_76_3),V(NODE2_76_4),V(NODE2_76_5),V(NODE2_76_6),V(NODE2_76_7),V(NODE2_76_8),V(NODE2_76_9),V(NODE2_76_10),V(NODE2_76_11),V(NODE2_76_12),V(NODE2_76_13),V(NODE2_76_14),V(NODE2_76_15),V(NODE2_76_16),V(NODE2_76_17),V(NODE2_76_18),V(NODE2_76_19),V(NODE2_76_20),V(NODE2_76_21),V(NODE2_76_22),V(NODE2_76_23),V(NODE2_76_24),V(NODE2_76_25),V(NODE2_76_26),V(NODE2_76_27),V(NODE2_76_28),V(NODE2_76_29),V(NODE2_76_30),V(NODE2_76_31),V(NODE2_76_32),V(NODE2_76_33),V(NODE2_76_34),V(NODE2_76_35),V(NODE2_76_36),V(NODE2_76_37),V(NODE2_76_38),V(NODE2_76_39),V(NODE2_76_40),V(NODE2_76_41),V(NODE2_76_42),V(NODE2_76_43),V(NODE2_76_44),V(NODE2_76_45),V(NODE2_76_46),V(NODE2_76_47),V(NODE2_76_48),V(NODE2_76_49),V(NODE2_76_50),V(NODE2_76_51),V(NODE2_76_52),V(NODE2_76_53),V(NODE2_76_54),V(NODE2_76_55),V(NODE2_76_56),V(NODE2_76_57),V(NODE2_76_58),V(NODE2_76_59),V(NODE2_76_60),V(NODE2_76_61),V(NODE2_76_62),V(NODE2_76_63),V(NODE2_76_64),V(NODE2_76_65),V(NODE2_76_66),V(NODE2_76_67),V(NODE2_76_68),V(NODE2_76_69),V(NODE2_76_70),V(NODE2_76_71),V(NODE2_76_72),V(NODE2_76_73),V(NODE2_76_74),V(NODE2_76_75),V(NODE2_76_76),V(NODE2_76_77),V(NODE2_76_78),V(NODE2_76_79),V(NODE2_76_80),V(NODE2_76_81),V(NODE2_76_82),V(NODE2_76_83),V(NODE2_76_84),V(NODE2_76_85),V(NODE2_76_86),V(NODE2_76_87),V(NODE2_76_88),V(NODE2_76_89),V(NODE2_76_90),V(NODE2_76_91),V(NODE2_76_92),V(NODE2_76_93),V(NODE2_76_94),V(NODE2_76_95),V(NODE2_76_96),V(NODE2_76_97),V(NODE2_76_98),V(NODE2_76_99),V(NODE2_77_0),V(NODE2_77_1),V(NODE2_77_2),V(NODE2_77_3),V(NODE2_77_4),V(NODE2_77_5),V(NODE2_77_6),V(NODE2_77_7),V(NODE2_77_8),V(NODE2_77_9),V(NODE2_77_10),V(NODE2_77_11),V(NODE2_77_12),V(NODE2_77_13),V(NODE2_77_14),V(NODE2_77_15),V(NODE2_77_16),V(NODE2_77_17),V(NODE2_77_18),V(NODE2_77_19),V(NODE2_77_20),V(NODE2_77_21),V(NODE2_77_22),V(NODE2_77_23),V(NODE2_77_24),V(NODE2_77_25),V(NODE2_77_26),V(NODE2_77_27),V(NODE2_77_28),V(NODE2_77_29),V(NODE2_77_30),V(NODE2_77_31),V(NODE2_77_32),V(NODE2_77_33),V(NODE2_77_34),V(NODE2_77_35),V(NODE2_77_36),V(NODE2_77_37),V(NODE2_77_38),V(NODE2_77_39),V(NODE2_77_40),V(NODE2_77_41),V(NODE2_77_42),V(NODE2_77_43),V(NODE2_77_44),V(NODE2_77_45),V(NODE2_77_46),V(NODE2_77_47),V(NODE2_77_48),V(NODE2_77_49),V(NODE2_77_50),V(NODE2_77_51),V(NODE2_77_52),V(NODE2_77_53),V(NODE2_77_54),V(NODE2_77_55),V(NODE2_77_56),V(NODE2_77_57),V(NODE2_77_58),V(NODE2_77_59),V(NODE2_77_60),V(NODE2_77_61),V(NODE2_77_62),V(NODE2_77_63),V(NODE2_77_64),V(NODE2_77_65),V(NODE2_77_66),V(NODE2_77_67),V(NODE2_77_68),V(NODE2_77_69),V(NODE2_77_70),V(NODE2_77_71),V(NODE2_77_72),V(NODE2_77_73),V(NODE2_77_74),V(NODE2_77_75),V(NODE2_77_76),V(NODE2_77_77),V(NODE2_77_78),V(NODE2_77_79),V(NODE2_77_80),V(NODE2_77_81),V(NODE2_77_82),V(NODE2_77_83),V(NODE2_77_84),V(NODE2_77_85),V(NODE2_77_86),V(NODE2_77_87),V(NODE2_77_88),V(NODE2_77_89),V(NODE2_77_90),V(NODE2_77_91),V(NODE2_77_92),V(NODE2_77_93),V(NODE2_77_94),V(NODE2_77_95),V(NODE2_77_96),V(NODE2_77_97),V(NODE2_77_98),V(NODE2_77_99),V(NODE2_78_0),V(NODE2_78_1),V(NODE2_78_2),V(NODE2_78_3),V(NODE2_78_4),V(NODE2_78_5),V(NODE2_78_6),V(NODE2_78_7),V(NODE2_78_8),V(NODE2_78_9),V(NODE2_78_10),V(NODE2_78_11),V(NODE2_78_12),V(NODE2_78_13),V(NODE2_78_14),V(NODE2_78_15),V(NODE2_78_16),V(NODE2_78_17),V(NODE2_78_18),V(NODE2_78_19),V(NODE2_78_20),V(NODE2_78_21),V(NODE2_78_22),V(NODE2_78_23),V(NODE2_78_24),V(NODE2_78_25),V(NODE2_78_26),V(NODE2_78_27),V(NODE2_78_28),V(NODE2_78_29),V(NODE2_78_30),V(NODE2_78_31),V(NODE2_78_32),V(NODE2_78_33),V(NODE2_78_34),V(NODE2_78_35),V(NODE2_78_36),V(NODE2_78_37),V(NODE2_78_38),V(NODE2_78_39),V(NODE2_78_40),V(NODE2_78_41),V(NODE2_78_42),V(NODE2_78_43),V(NODE2_78_44),V(NODE2_78_45),V(NODE2_78_46),V(NODE2_78_47),V(NODE2_78_48),V(NODE2_78_49),V(NODE2_78_50),V(NODE2_78_51),V(NODE2_78_52),V(NODE2_78_53),V(NODE2_78_54),V(NODE2_78_55),V(NODE2_78_56),V(NODE2_78_57),V(NODE2_78_58),V(NODE2_78_59),V(NODE2_78_60),V(NODE2_78_61),V(NODE2_78_62),V(NODE2_78_63),V(NODE2_78_64),V(NODE2_78_65),V(NODE2_78_66),V(NODE2_78_67),V(NODE2_78_68),V(NODE2_78_69),V(NODE2_78_70),V(NODE2_78_71),V(NODE2_78_72),V(NODE2_78_73),V(NODE2_78_74),V(NODE2_78_75),V(NODE2_78_76),V(NODE2_78_77),V(NODE2_78_78),V(NODE2_78_79),V(NODE2_78_80),V(NODE2_78_81),V(NODE2_78_82),V(NODE2_78_83),V(NODE2_78_84),V(NODE2_78_85),V(NODE2_78_86),V(NODE2_78_87),V(NODE2_78_88),V(NODE2_78_89),V(NODE2_78_90),V(NODE2_78_91),V(NODE2_78_92),V(NODE2_78_93),V(NODE2_78_94),V(NODE2_78_95),V(NODE2_78_96),V(NODE2_78_97),V(NODE2_78_98),V(NODE2_78_99),V(NODE2_79_0),V(NODE2_79_1),V(NODE2_79_2),V(NODE2_79_3),V(NODE2_79_4),V(NODE2_79_5),V(NODE2_79_6),V(NODE2_79_7),V(NODE2_79_8),V(NODE2_79_9),V(NODE2_79_10),V(NODE2_79_11),V(NODE2_79_12),V(NODE2_79_13),V(NODE2_79_14),V(NODE2_79_15),V(NODE2_79_16),V(NODE2_79_17),V(NODE2_79_18),V(NODE2_79_19),V(NODE2_79_20),V(NODE2_79_21),V(NODE2_79_22),V(NODE2_79_23),V(NODE2_79_24),V(NODE2_79_25),V(NODE2_79_26),V(NODE2_79_27),V(NODE2_79_28),V(NODE2_79_29),V(NODE2_79_30),V(NODE2_79_31),V(NODE2_79_32),V(NODE2_79_33),V(NODE2_79_34),V(NODE2_79_35),V(NODE2_79_36),V(NODE2_79_37),V(NODE2_79_38),V(NODE2_79_39),V(NODE2_79_40),V(NODE2_79_41),V(NODE2_79_42),V(NODE2_79_43),V(NODE2_79_44),V(NODE2_79_45),V(NODE2_79_46),V(NODE2_79_47),V(NODE2_79_48),V(NODE2_79_49),V(NODE2_79_50),V(NODE2_79_51),V(NODE2_79_52),V(NODE2_79_53),V(NODE2_79_54),V(NODE2_79_55),V(NODE2_79_56),V(NODE2_79_57),V(NODE2_79_58),V(NODE2_79_59),V(NODE2_79_60),V(NODE2_79_61),V(NODE2_79_62),V(NODE2_79_63),V(NODE2_79_64),V(NODE2_79_65),V(NODE2_79_66),V(NODE2_79_67),V(NODE2_79_68),V(NODE2_79_69),V(NODE2_79_70),V(NODE2_79_71),V(NODE2_79_72),V(NODE2_79_73),V(NODE2_79_74),V(NODE2_79_75),V(NODE2_79_76),V(NODE2_79_77),V(NODE2_79_78),V(NODE2_79_79),V(NODE2_79_80),V(NODE2_79_81),V(NODE2_79_82),V(NODE2_79_83),V(NODE2_79_84),V(NODE2_79_85),V(NODE2_79_86),V(NODE2_79_87),V(NODE2_79_88),V(NODE2_79_89),V(NODE2_79_90),V(NODE2_79_91),V(NODE2_79_92),V(NODE2_79_93),V(NODE2_79_94),V(NODE2_79_95),V(NODE2_79_96),V(NODE2_79_97),V(NODE2_79_98),V(NODE2_79_99),V(NODE2_80_0),V(NODE2_80_1),V(NODE2_80_2),V(NODE2_80_3),V(NODE2_80_4),V(NODE2_80_5),V(NODE2_80_6),V(NODE2_80_7),V(NODE2_80_8),V(NODE2_80_9),V(NODE2_80_10),V(NODE2_80_11),V(NODE2_80_12),V(NODE2_80_13),V(NODE2_80_14),V(NODE2_80_15),V(NODE2_80_16),V(NODE2_80_17),V(NODE2_80_18),V(NODE2_80_19),V(NODE2_80_20),V(NODE2_80_21),V(NODE2_80_22),V(NODE2_80_23),V(NODE2_80_24),V(NODE2_80_25),V(NODE2_80_26),V(NODE2_80_27),V(NODE2_80_28),V(NODE2_80_29),V(NODE2_80_30),V(NODE2_80_31),V(NODE2_80_32),V(NODE2_80_33),V(NODE2_80_34),V(NODE2_80_35),V(NODE2_80_36),V(NODE2_80_37),V(NODE2_80_38),V(NODE2_80_39),V(NODE2_80_40),V(NODE2_80_41),V(NODE2_80_42),V(NODE2_80_43),V(NODE2_80_44),V(NODE2_80_45),V(NODE2_80_46),V(NODE2_80_47),V(NODE2_80_48),V(NODE2_80_49),V(NODE2_80_50),V(NODE2_80_51),V(NODE2_80_52),V(NODE2_80_53),V(NODE2_80_54),V(NODE2_80_55),V(NODE2_80_56),V(NODE2_80_57),V(NODE2_80_58),V(NODE2_80_59),V(NODE2_80_60),V(NODE2_80_61),V(NODE2_80_62),V(NODE2_80_63),V(NODE2_80_64),V(NODE2_80_65),V(NODE2_80_66),V(NODE2_80_67),V(NODE2_80_68),V(NODE2_80_69),V(NODE2_80_70),V(NODE2_80_71),V(NODE2_80_72),V(NODE2_80_73),V(NODE2_80_74),V(NODE2_80_75),V(NODE2_80_76),V(NODE2_80_77),V(NODE2_80_78),V(NODE2_80_79),V(NODE2_80_80),V(NODE2_80_81),V(NODE2_80_82),V(NODE2_80_83),V(NODE2_80_84),V(NODE2_80_85),V(NODE2_80_86),V(NODE2_80_87),V(NODE2_80_88),V(NODE2_80_89),V(NODE2_80_90),V(NODE2_80_91),V(NODE2_80_92),V(NODE2_80_93),V(NODE2_80_94),V(NODE2_80_95),V(NODE2_80_96),V(NODE2_80_97),V(NODE2_80_98),V(NODE2_80_99),V(NODE2_81_0),V(NODE2_81_1),V(NODE2_81_2),V(NODE2_81_3),V(NODE2_81_4),V(NODE2_81_5),V(NODE2_81_6),V(NODE2_81_7),V(NODE2_81_8),V(NODE2_81_9),V(NODE2_81_10),V(NODE2_81_11),V(NODE2_81_12),V(NODE2_81_13),V(NODE2_81_14),V(NODE2_81_15),V(NODE2_81_16),V(NODE2_81_17),V(NODE2_81_18),V(NODE2_81_19),V(NODE2_81_20),V(NODE2_81_21),V(NODE2_81_22),V(NODE2_81_23),V(NODE2_81_24),V(NODE2_81_25),V(NODE2_81_26),V(NODE2_81_27),V(NODE2_81_28),V(NODE2_81_29),V(NODE2_81_30),V(NODE2_81_31),V(NODE2_81_32),V(NODE2_81_33),V(NODE2_81_34),V(NODE2_81_35),V(NODE2_81_36),V(NODE2_81_37),V(NODE2_81_38),V(NODE2_81_39),V(NODE2_81_40),V(NODE2_81_41),V(NODE2_81_42),V(NODE2_81_43),V(NODE2_81_44),V(NODE2_81_45),V(NODE2_81_46),V(NODE2_81_47),V(NODE2_81_48),V(NODE2_81_49),V(NODE2_81_50),V(NODE2_81_51),V(NODE2_81_52),V(NODE2_81_53),V(NODE2_81_54),V(NODE2_81_55),V(NODE2_81_56),V(NODE2_81_57),V(NODE2_81_58),V(NODE2_81_59),V(NODE2_81_60),V(NODE2_81_61),V(NODE2_81_62),V(NODE2_81_63),V(NODE2_81_64),V(NODE2_81_65),V(NODE2_81_66),V(NODE2_81_67),V(NODE2_81_68),V(NODE2_81_69),V(NODE2_81_70),V(NODE2_81_71),V(NODE2_81_72),V(NODE2_81_73),V(NODE2_81_74),V(NODE2_81_75),V(NODE2_81_76),V(NODE2_81_77),V(NODE2_81_78),V(NODE2_81_79),V(NODE2_81_80),V(NODE2_81_81),V(NODE2_81_82),V(NODE2_81_83),V(NODE2_81_84),V(NODE2_81_85),V(NODE2_81_86),V(NODE2_81_87),V(NODE2_81_88),V(NODE2_81_89),V(NODE2_81_90),V(NODE2_81_91),V(NODE2_81_92),V(NODE2_81_93),V(NODE2_81_94),V(NODE2_81_95),V(NODE2_81_96),V(NODE2_81_97),V(NODE2_81_98),V(NODE2_81_99),V(NODE2_82_0),V(NODE2_82_1),V(NODE2_82_2),V(NODE2_82_3),V(NODE2_82_4),V(NODE2_82_5),V(NODE2_82_6),V(NODE2_82_7),V(NODE2_82_8),V(NODE2_82_9),V(NODE2_82_10),V(NODE2_82_11),V(NODE2_82_12),V(NODE2_82_13),V(NODE2_82_14),V(NODE2_82_15),V(NODE2_82_16),V(NODE2_82_17),V(NODE2_82_18),V(NODE2_82_19),V(NODE2_82_20),V(NODE2_82_21),V(NODE2_82_22),V(NODE2_82_23),V(NODE2_82_24),V(NODE2_82_25),V(NODE2_82_26),V(NODE2_82_27),V(NODE2_82_28),V(NODE2_82_29),V(NODE2_82_30),V(NODE2_82_31),V(NODE2_82_32),V(NODE2_82_33),V(NODE2_82_34),V(NODE2_82_35),V(NODE2_82_36),V(NODE2_82_37),V(NODE2_82_38),V(NODE2_82_39),V(NODE2_82_40),V(NODE2_82_41),V(NODE2_82_42),V(NODE2_82_43),V(NODE2_82_44),V(NODE2_82_45),V(NODE2_82_46),V(NODE2_82_47),V(NODE2_82_48),V(NODE2_82_49),V(NODE2_82_50),V(NODE2_82_51),V(NODE2_82_52),V(NODE2_82_53),V(NODE2_82_54),V(NODE2_82_55),V(NODE2_82_56),V(NODE2_82_57),V(NODE2_82_58),V(NODE2_82_59),V(NODE2_82_60),V(NODE2_82_61),V(NODE2_82_62),V(NODE2_82_63),V(NODE2_82_64),V(NODE2_82_65),V(NODE2_82_66),V(NODE2_82_67),V(NODE2_82_68),V(NODE2_82_69),V(NODE2_82_70),V(NODE2_82_71),V(NODE2_82_72),V(NODE2_82_73),V(NODE2_82_74),V(NODE2_82_75),V(NODE2_82_76),V(NODE2_82_77),V(NODE2_82_78),V(NODE2_82_79),V(NODE2_82_80),V(NODE2_82_81),V(NODE2_82_82),V(NODE2_82_83),V(NODE2_82_84),V(NODE2_82_85),V(NODE2_82_86),V(NODE2_82_87),V(NODE2_82_88),V(NODE2_82_89),V(NODE2_82_90),V(NODE2_82_91),V(NODE2_82_92),V(NODE2_82_93),V(NODE2_82_94),V(NODE2_82_95),V(NODE2_82_96),V(NODE2_82_97),V(NODE2_82_98),V(NODE2_82_99),V(NODE2_83_0),V(NODE2_83_1),V(NODE2_83_2),V(NODE2_83_3),V(NODE2_83_4),V(NODE2_83_5),V(NODE2_83_6),V(NODE2_83_7),V(NODE2_83_8),V(NODE2_83_9),V(NODE2_83_10),V(NODE2_83_11),V(NODE2_83_12),V(NODE2_83_13),V(NODE2_83_14),V(NODE2_83_15),V(NODE2_83_16),V(NODE2_83_17),V(NODE2_83_18),V(NODE2_83_19),V(NODE2_83_20),V(NODE2_83_21),V(NODE2_83_22),V(NODE2_83_23),V(NODE2_83_24),V(NODE2_83_25),V(NODE2_83_26),V(NODE2_83_27),V(NODE2_83_28),V(NODE2_83_29),V(NODE2_83_30),V(NODE2_83_31),V(NODE2_83_32),V(NODE2_83_33),V(NODE2_83_34),V(NODE2_83_35),V(NODE2_83_36),V(NODE2_83_37),V(NODE2_83_38),V(NODE2_83_39),V(NODE2_83_40),V(NODE2_83_41),V(NODE2_83_42),V(NODE2_83_43),V(NODE2_83_44),V(NODE2_83_45),V(NODE2_83_46),V(NODE2_83_47),V(NODE2_83_48),V(NODE2_83_49),V(NODE2_83_50),V(NODE2_83_51),V(NODE2_83_52),V(NODE2_83_53),V(NODE2_83_54),V(NODE2_83_55),V(NODE2_83_56),V(NODE2_83_57),V(NODE2_83_58),V(NODE2_83_59),V(NODE2_83_60),V(NODE2_83_61),V(NODE2_83_62),V(NODE2_83_63),V(NODE2_83_64),V(NODE2_83_65),V(NODE2_83_66),V(NODE2_83_67),V(NODE2_83_68),V(NODE2_83_69),V(NODE2_83_70),V(NODE2_83_71),V(NODE2_83_72),V(NODE2_83_73),V(NODE2_83_74),V(NODE2_83_75),V(NODE2_83_76),V(NODE2_83_77),V(NODE2_83_78),V(NODE2_83_79),V(NODE2_83_80),V(NODE2_83_81),V(NODE2_83_82),V(NODE2_83_83),V(NODE2_83_84),V(NODE2_83_85),V(NODE2_83_86),V(NODE2_83_87),V(NODE2_83_88),V(NODE2_83_89),V(NODE2_83_90),V(NODE2_83_91),V(NODE2_83_92),V(NODE2_83_93),V(NODE2_83_94),V(NODE2_83_95),V(NODE2_83_96),V(NODE2_83_97),V(NODE2_83_98),V(NODE2_83_99),V(NODE2_84_0),V(NODE2_84_1),V(NODE2_84_2),V(NODE2_84_3),V(NODE2_84_4),V(NODE2_84_5),V(NODE2_84_6),V(NODE2_84_7),V(NODE2_84_8),V(NODE2_84_9),V(NODE2_84_10),V(NODE2_84_11),V(NODE2_84_12),V(NODE2_84_13),V(NODE2_84_14),V(NODE2_84_15),V(NODE2_84_16),V(NODE2_84_17),V(NODE2_84_18),V(NODE2_84_19),V(NODE2_84_20),V(NODE2_84_21),V(NODE2_84_22),V(NODE2_84_23),V(NODE2_84_24),V(NODE2_84_25),V(NODE2_84_26),V(NODE2_84_27),V(NODE2_84_28),V(NODE2_84_29),V(NODE2_84_30),V(NODE2_84_31),V(NODE2_84_32),V(NODE2_84_33),V(NODE2_84_34),V(NODE2_84_35),V(NODE2_84_36),V(NODE2_84_37),V(NODE2_84_38),V(NODE2_84_39),V(NODE2_84_40),V(NODE2_84_41),V(NODE2_84_42),V(NODE2_84_43),V(NODE2_84_44),V(NODE2_84_45),V(NODE2_84_46),V(NODE2_84_47),V(NODE2_84_48),V(NODE2_84_49),V(NODE2_84_50),V(NODE2_84_51),V(NODE2_84_52),V(NODE2_84_53),V(NODE2_84_54),V(NODE2_84_55),V(NODE2_84_56),V(NODE2_84_57),V(NODE2_84_58),V(NODE2_84_59),V(NODE2_84_60),V(NODE2_84_61),V(NODE2_84_62),V(NODE2_84_63),V(NODE2_84_64),V(NODE2_84_65),V(NODE2_84_66),V(NODE2_84_67),V(NODE2_84_68),V(NODE2_84_69),V(NODE2_84_70),V(NODE2_84_71),V(NODE2_84_72),V(NODE2_84_73),V(NODE2_84_74),V(NODE2_84_75),V(NODE2_84_76),V(NODE2_84_77),V(NODE2_84_78),V(NODE2_84_79),V(NODE2_84_80),V(NODE2_84_81),V(NODE2_84_82),V(NODE2_84_83),V(NODE2_84_84),V(NODE2_84_85),V(NODE2_84_86),V(NODE2_84_87),V(NODE2_84_88),V(NODE2_84_89),V(NODE2_84_90),V(NODE2_84_91),V(NODE2_84_92),V(NODE2_84_93),V(NODE2_84_94),V(NODE2_84_95),V(NODE2_84_96),V(NODE2_84_97),V(NODE2_84_98),V(NODE2_84_99),V(NODE2_85_0),V(NODE2_85_1),V(NODE2_85_2),V(NODE2_85_3),V(NODE2_85_4),V(NODE2_85_5),V(NODE2_85_6),V(NODE2_85_7),V(NODE2_85_8),V(NODE2_85_9),V(NODE2_85_10),V(NODE2_85_11),V(NODE2_85_12),V(NODE2_85_13),V(NODE2_85_14),V(NODE2_85_15),V(NODE2_85_16),V(NODE2_85_17),V(NODE2_85_18),V(NODE2_85_19),V(NODE2_85_20),V(NODE2_85_21),V(NODE2_85_22),V(NODE2_85_23),V(NODE2_85_24),V(NODE2_85_25),V(NODE2_85_26),V(NODE2_85_27),V(NODE2_85_28),V(NODE2_85_29),V(NODE2_85_30),V(NODE2_85_31),V(NODE2_85_32),V(NODE2_85_33),V(NODE2_85_34),V(NODE2_85_35),V(NODE2_85_36),V(NODE2_85_37),V(NODE2_85_38),V(NODE2_85_39),V(NODE2_85_40),V(NODE2_85_41),V(NODE2_85_42),V(NODE2_85_43),V(NODE2_85_44),V(NODE2_85_45),V(NODE2_85_46),V(NODE2_85_47),V(NODE2_85_48),V(NODE2_85_49),V(NODE2_85_50),V(NODE2_85_51),V(NODE2_85_52),V(NODE2_85_53),V(NODE2_85_54),V(NODE2_85_55),V(NODE2_85_56),V(NODE2_85_57),V(NODE2_85_58),V(NODE2_85_59),V(NODE2_85_60),V(NODE2_85_61),V(NODE2_85_62),V(NODE2_85_63),V(NODE2_85_64),V(NODE2_85_65),V(NODE2_85_66),V(NODE2_85_67),V(NODE2_85_68),V(NODE2_85_69),V(NODE2_85_70),V(NODE2_85_71),V(NODE2_85_72),V(NODE2_85_73),V(NODE2_85_74),V(NODE2_85_75),V(NODE2_85_76),V(NODE2_85_77),V(NODE2_85_78),V(NODE2_85_79),V(NODE2_85_80),V(NODE2_85_81),V(NODE2_85_82),V(NODE2_85_83),V(NODE2_85_84),V(NODE2_85_85),V(NODE2_85_86),V(NODE2_85_87),V(NODE2_85_88),V(NODE2_85_89),V(NODE2_85_90),V(NODE2_85_91),V(NODE2_85_92),V(NODE2_85_93),V(NODE2_85_94),V(NODE2_85_95),V(NODE2_85_96),V(NODE2_85_97),V(NODE2_85_98),V(NODE2_85_99),V(NODE2_86_0),V(NODE2_86_1),V(NODE2_86_2),V(NODE2_86_3),V(NODE2_86_4),V(NODE2_86_5),V(NODE2_86_6),V(NODE2_86_7),V(NODE2_86_8),V(NODE2_86_9),V(NODE2_86_10),V(NODE2_86_11),V(NODE2_86_12),V(NODE2_86_13),V(NODE2_86_14),V(NODE2_86_15),V(NODE2_86_16),V(NODE2_86_17),V(NODE2_86_18),V(NODE2_86_19),V(NODE2_86_20),V(NODE2_86_21),V(NODE2_86_22),V(NODE2_86_23),V(NODE2_86_24),V(NODE2_86_25),V(NODE2_86_26),V(NODE2_86_27),V(NODE2_86_28),V(NODE2_86_29),V(NODE2_86_30),V(NODE2_86_31),V(NODE2_86_32),V(NODE2_86_33),V(NODE2_86_34),V(NODE2_86_35),V(NODE2_86_36),V(NODE2_86_37),V(NODE2_86_38),V(NODE2_86_39),V(NODE2_86_40),V(NODE2_86_41),V(NODE2_86_42),V(NODE2_86_43),V(NODE2_86_44),V(NODE2_86_45),V(NODE2_86_46),V(NODE2_86_47),V(NODE2_86_48),V(NODE2_86_49),V(NODE2_86_50),V(NODE2_86_51),V(NODE2_86_52),V(NODE2_86_53),V(NODE2_86_54),V(NODE2_86_55),V(NODE2_86_56),V(NODE2_86_57),V(NODE2_86_58),V(NODE2_86_59),V(NODE2_86_60),V(NODE2_86_61),V(NODE2_86_62),V(NODE2_86_63),V(NODE2_86_64),V(NODE2_86_65),V(NODE2_86_66),V(NODE2_86_67),V(NODE2_86_68),V(NODE2_86_69),V(NODE2_86_70),V(NODE2_86_71),V(NODE2_86_72),V(NODE2_86_73),V(NODE2_86_74),V(NODE2_86_75),V(NODE2_86_76),V(NODE2_86_77),V(NODE2_86_78),V(NODE2_86_79),V(NODE2_86_80),V(NODE2_86_81),V(NODE2_86_82),V(NODE2_86_83),V(NODE2_86_84),V(NODE2_86_85),V(NODE2_86_86),V(NODE2_86_87),V(NODE2_86_88),V(NODE2_86_89),V(NODE2_86_90),V(NODE2_86_91),V(NODE2_86_92),V(NODE2_86_93),V(NODE2_86_94),V(NODE2_86_95),V(NODE2_86_96),V(NODE2_86_97),V(NODE2_86_98),V(NODE2_86_99),V(NODE2_87_0),V(NODE2_87_1),V(NODE2_87_2),V(NODE2_87_3),V(NODE2_87_4),V(NODE2_87_5),V(NODE2_87_6),V(NODE2_87_7),V(NODE2_87_8),V(NODE2_87_9),V(NODE2_87_10),V(NODE2_87_11),V(NODE2_87_12),V(NODE2_87_13),V(NODE2_87_14),V(NODE2_87_15),V(NODE2_87_16),V(NODE2_87_17),V(NODE2_87_18),V(NODE2_87_19),V(NODE2_87_20),V(NODE2_87_21),V(NODE2_87_22),V(NODE2_87_23),V(NODE2_87_24),V(NODE2_87_25),V(NODE2_87_26),V(NODE2_87_27),V(NODE2_87_28),V(NODE2_87_29),V(NODE2_87_30),V(NODE2_87_31),V(NODE2_87_32),V(NODE2_87_33),V(NODE2_87_34),V(NODE2_87_35),V(NODE2_87_36),V(NODE2_87_37),V(NODE2_87_38),V(NODE2_87_39),V(NODE2_87_40),V(NODE2_87_41),V(NODE2_87_42),V(NODE2_87_43),V(NODE2_87_44),V(NODE2_87_45),V(NODE2_87_46),V(NODE2_87_47),V(NODE2_87_48),V(NODE2_87_49),V(NODE2_87_50),V(NODE2_87_51),V(NODE2_87_52),V(NODE2_87_53),V(NODE2_87_54),V(NODE2_87_55),V(NODE2_87_56),V(NODE2_87_57),V(NODE2_87_58),V(NODE2_87_59),V(NODE2_87_60),V(NODE2_87_61),V(NODE2_87_62),V(NODE2_87_63),V(NODE2_87_64),V(NODE2_87_65),V(NODE2_87_66),V(NODE2_87_67),V(NODE2_87_68),V(NODE2_87_69),V(NODE2_87_70),V(NODE2_87_71),V(NODE2_87_72),V(NODE2_87_73),V(NODE2_87_74),V(NODE2_87_75),V(NODE2_87_76),V(NODE2_87_77),V(NODE2_87_78),V(NODE2_87_79),V(NODE2_87_80),V(NODE2_87_81),V(NODE2_87_82),V(NODE2_87_83),V(NODE2_87_84),V(NODE2_87_85),V(NODE2_87_86),V(NODE2_87_87),V(NODE2_87_88),V(NODE2_87_89),V(NODE2_87_90),V(NODE2_87_91),V(NODE2_87_92),V(NODE2_87_93),V(NODE2_87_94),V(NODE2_87_95),V(NODE2_87_96),V(NODE2_87_97),V(NODE2_87_98),V(NODE2_87_99),V(NODE2_88_0),V(NODE2_88_1),V(NODE2_88_2),V(NODE2_88_3),V(NODE2_88_4),V(NODE2_88_5),V(NODE2_88_6),V(NODE2_88_7),V(NODE2_88_8),V(NODE2_88_9),V(NODE2_88_10),V(NODE2_88_11),V(NODE2_88_12),V(NODE2_88_13),V(NODE2_88_14),V(NODE2_88_15),V(NODE2_88_16),V(NODE2_88_17),V(NODE2_88_18),V(NODE2_88_19),V(NODE2_88_20),V(NODE2_88_21),V(NODE2_88_22),V(NODE2_88_23),V(NODE2_88_24),V(NODE2_88_25),V(NODE2_88_26),V(NODE2_88_27),V(NODE2_88_28),V(NODE2_88_29),V(NODE2_88_30),V(NODE2_88_31),V(NODE2_88_32),V(NODE2_88_33),V(NODE2_88_34),V(NODE2_88_35),V(NODE2_88_36),V(NODE2_88_37),V(NODE2_88_38),V(NODE2_88_39),V(NODE2_88_40),V(NODE2_88_41),V(NODE2_88_42),V(NODE2_88_43),V(NODE2_88_44),V(NODE2_88_45),V(NODE2_88_46),V(NODE2_88_47),V(NODE2_88_48),V(NODE2_88_49),V(NODE2_88_50),V(NODE2_88_51),V(NODE2_88_52),V(NODE2_88_53),V(NODE2_88_54),V(NODE2_88_55),V(NODE2_88_56),V(NODE2_88_57),V(NODE2_88_58),V(NODE2_88_59),V(NODE2_88_60),V(NODE2_88_61),V(NODE2_88_62),V(NODE2_88_63),V(NODE2_88_64),V(NODE2_88_65),V(NODE2_88_66),V(NODE2_88_67),V(NODE2_88_68),V(NODE2_88_69),V(NODE2_88_70),V(NODE2_88_71),V(NODE2_88_72),V(NODE2_88_73),V(NODE2_88_74),V(NODE2_88_75),V(NODE2_88_76),V(NODE2_88_77),V(NODE2_88_78),V(NODE2_88_79),V(NODE2_88_80),V(NODE2_88_81),V(NODE2_88_82),V(NODE2_88_83),V(NODE2_88_84),V(NODE2_88_85),V(NODE2_88_86),V(NODE2_88_87),V(NODE2_88_88),V(NODE2_88_89),V(NODE2_88_90),V(NODE2_88_91),V(NODE2_88_92),V(NODE2_88_93),V(NODE2_88_94),V(NODE2_88_95),V(NODE2_88_96),V(NODE2_88_97),V(NODE2_88_98),V(NODE2_88_99),V(NODE2_89_0),V(NODE2_89_1),V(NODE2_89_2),V(NODE2_89_3),V(NODE2_89_4),V(NODE2_89_5),V(NODE2_89_6),V(NODE2_89_7),V(NODE2_89_8),V(NODE2_89_9),V(NODE2_89_10),V(NODE2_89_11),V(NODE2_89_12),V(NODE2_89_13),V(NODE2_89_14),V(NODE2_89_15),V(NODE2_89_16),V(NODE2_89_17),V(NODE2_89_18),V(NODE2_89_19),V(NODE2_89_20),V(NODE2_89_21),V(NODE2_89_22),V(NODE2_89_23),V(NODE2_89_24),V(NODE2_89_25),V(NODE2_89_26),V(NODE2_89_27),V(NODE2_89_28),V(NODE2_89_29),V(NODE2_89_30),V(NODE2_89_31),V(NODE2_89_32),V(NODE2_89_33),V(NODE2_89_34),V(NODE2_89_35),V(NODE2_89_36),V(NODE2_89_37),V(NODE2_89_38),V(NODE2_89_39),V(NODE2_89_40),V(NODE2_89_41),V(NODE2_89_42),V(NODE2_89_43),V(NODE2_89_44),V(NODE2_89_45),V(NODE2_89_46),V(NODE2_89_47),V(NODE2_89_48),V(NODE2_89_49),V(NODE2_89_50),V(NODE2_89_51),V(NODE2_89_52),V(NODE2_89_53),V(NODE2_89_54),V(NODE2_89_55),V(NODE2_89_56),V(NODE2_89_57),V(NODE2_89_58),V(NODE2_89_59),V(NODE2_89_60),V(NODE2_89_61),V(NODE2_89_62),V(NODE2_89_63),V(NODE2_89_64),V(NODE2_89_65),V(NODE2_89_66),V(NODE2_89_67),V(NODE2_89_68),V(NODE2_89_69),V(NODE2_89_70),V(NODE2_89_71),V(NODE2_89_72),V(NODE2_89_73),V(NODE2_89_74),V(NODE2_89_75),V(NODE2_89_76),V(NODE2_89_77),V(NODE2_89_78),V(NODE2_89_79),V(NODE2_89_80),V(NODE2_89_81),V(NODE2_89_82),V(NODE2_89_83),V(NODE2_89_84),V(NODE2_89_85),V(NODE2_89_86),V(NODE2_89_87),V(NODE2_89_88),V(NODE2_89_89),V(NODE2_89_90),V(NODE2_89_91),V(NODE2_89_92),V(NODE2_89_93),V(NODE2_89_94),V(NODE2_89_95),V(NODE2_89_96),V(NODE2_89_97),V(NODE2_89_98),V(NODE2_89_99),V(NODE2_90_0),V(NODE2_90_1),V(NODE2_90_2),V(NODE2_90_3),V(NODE2_90_4),V(NODE2_90_5),V(NODE2_90_6),V(NODE2_90_7),V(NODE2_90_8),V(NODE2_90_9),V(NODE2_90_10),V(NODE2_90_11),V(NODE2_90_12),V(NODE2_90_13),V(NODE2_90_14),V(NODE2_90_15),V(NODE2_90_16),V(NODE2_90_17),V(NODE2_90_18),V(NODE2_90_19),V(NODE2_90_20),V(NODE2_90_21),V(NODE2_90_22),V(NODE2_90_23),V(NODE2_90_24),V(NODE2_90_25),V(NODE2_90_26),V(NODE2_90_27),V(NODE2_90_28),V(NODE2_90_29),V(NODE2_90_30),V(NODE2_90_31),V(NODE2_90_32),V(NODE2_90_33),V(NODE2_90_34),V(NODE2_90_35),V(NODE2_90_36),V(NODE2_90_37),V(NODE2_90_38),V(NODE2_90_39),V(NODE2_90_40),V(NODE2_90_41),V(NODE2_90_42),V(NODE2_90_43),V(NODE2_90_44),V(NODE2_90_45),V(NODE2_90_46),V(NODE2_90_47),V(NODE2_90_48),V(NODE2_90_49),V(NODE2_90_50),V(NODE2_90_51),V(NODE2_90_52),V(NODE2_90_53),V(NODE2_90_54),V(NODE2_90_55),V(NODE2_90_56),V(NODE2_90_57),V(NODE2_90_58),V(NODE2_90_59),V(NODE2_90_60),V(NODE2_90_61),V(NODE2_90_62),V(NODE2_90_63),V(NODE2_90_64),V(NODE2_90_65),V(NODE2_90_66),V(NODE2_90_67),V(NODE2_90_68),V(NODE2_90_69),V(NODE2_90_70),V(NODE2_90_71),V(NODE2_90_72),V(NODE2_90_73),V(NODE2_90_74),V(NODE2_90_75),V(NODE2_90_76),V(NODE2_90_77),V(NODE2_90_78),V(NODE2_90_79),V(NODE2_90_80),V(NODE2_90_81),V(NODE2_90_82),V(NODE2_90_83),V(NODE2_90_84),V(NODE2_90_85),V(NODE2_90_86),V(NODE2_90_87),V(NODE2_90_88),V(NODE2_90_89),V(NODE2_90_90),V(NODE2_90_91),V(NODE2_90_92),V(NODE2_90_93),V(NODE2_90_94),V(NODE2_90_95),V(NODE2_90_96),V(NODE2_90_97),V(NODE2_90_98),V(NODE2_90_99),V(NODE2_91_0),V(NODE2_91_1),V(NODE2_91_2),V(NODE2_91_3),V(NODE2_91_4),V(NODE2_91_5),V(NODE2_91_6),V(NODE2_91_7),V(NODE2_91_8),V(NODE2_91_9),V(NODE2_91_10),V(NODE2_91_11),V(NODE2_91_12),V(NODE2_91_13),V(NODE2_91_14),V(NODE2_91_15),V(NODE2_91_16),V(NODE2_91_17),V(NODE2_91_18),V(NODE2_91_19),V(NODE2_91_20),V(NODE2_91_21),V(NODE2_91_22),V(NODE2_91_23),V(NODE2_91_24),V(NODE2_91_25),V(NODE2_91_26),V(NODE2_91_27),V(NODE2_91_28),V(NODE2_91_29),V(NODE2_91_30),V(NODE2_91_31),V(NODE2_91_32),V(NODE2_91_33),V(NODE2_91_34),V(NODE2_91_35),V(NODE2_91_36),V(NODE2_91_37),V(NODE2_91_38),V(NODE2_91_39),V(NODE2_91_40),V(NODE2_91_41),V(NODE2_91_42),V(NODE2_91_43),V(NODE2_91_44),V(NODE2_91_45),V(NODE2_91_46),V(NODE2_91_47),V(NODE2_91_48),V(NODE2_91_49),V(NODE2_91_50),V(NODE2_91_51),V(NODE2_91_52),V(NODE2_91_53),V(NODE2_91_54),V(NODE2_91_55),V(NODE2_91_56),V(NODE2_91_57),V(NODE2_91_58),V(NODE2_91_59),V(NODE2_91_60),V(NODE2_91_61),V(NODE2_91_62),V(NODE2_91_63),V(NODE2_91_64),V(NODE2_91_65),V(NODE2_91_66),V(NODE2_91_67),V(NODE2_91_68),V(NODE2_91_69),V(NODE2_91_70),V(NODE2_91_71),V(NODE2_91_72),V(NODE2_91_73),V(NODE2_91_74),V(NODE2_91_75),V(NODE2_91_76),V(NODE2_91_77),V(NODE2_91_78),V(NODE2_91_79),V(NODE2_91_80),V(NODE2_91_81),V(NODE2_91_82),V(NODE2_91_83),V(NODE2_91_84),V(NODE2_91_85),V(NODE2_91_86),V(NODE2_91_87),V(NODE2_91_88),V(NODE2_91_89),V(NODE2_91_90),V(NODE2_91_91),V(NODE2_91_92),V(NODE2_91_93),V(NODE2_91_94),V(NODE2_91_95),V(NODE2_91_96),V(NODE2_91_97),V(NODE2_91_98),V(NODE2_91_99),V(NODE2_92_0),V(NODE2_92_1),V(NODE2_92_2),V(NODE2_92_3),V(NODE2_92_4),V(NODE2_92_5),V(NODE2_92_6),V(NODE2_92_7),V(NODE2_92_8),V(NODE2_92_9),V(NODE2_92_10),V(NODE2_92_11),V(NODE2_92_12),V(NODE2_92_13),V(NODE2_92_14),V(NODE2_92_15),V(NODE2_92_16),V(NODE2_92_17),V(NODE2_92_18),V(NODE2_92_19),V(NODE2_92_20),V(NODE2_92_21),V(NODE2_92_22),V(NODE2_92_23),V(NODE2_92_24),V(NODE2_92_25),V(NODE2_92_26),V(NODE2_92_27),V(NODE2_92_28),V(NODE2_92_29),V(NODE2_92_30),V(NODE2_92_31),V(NODE2_92_32),V(NODE2_92_33),V(NODE2_92_34),V(NODE2_92_35),V(NODE2_92_36),V(NODE2_92_37),V(NODE2_92_38),V(NODE2_92_39),V(NODE2_92_40),V(NODE2_92_41),V(NODE2_92_42),V(NODE2_92_43),V(NODE2_92_44),V(NODE2_92_45),V(NODE2_92_46),V(NODE2_92_47),V(NODE2_92_48),V(NODE2_92_49),V(NODE2_92_50),V(NODE2_92_51),V(NODE2_92_52),V(NODE2_92_53),V(NODE2_92_54),V(NODE2_92_55),V(NODE2_92_56),V(NODE2_92_57),V(NODE2_92_58),V(NODE2_92_59),V(NODE2_92_60),V(NODE2_92_61),V(NODE2_92_62),V(NODE2_92_63),V(NODE2_92_64),V(NODE2_92_65),V(NODE2_92_66),V(NODE2_92_67),V(NODE2_92_68),V(NODE2_92_69),V(NODE2_92_70),V(NODE2_92_71),V(NODE2_92_72),V(NODE2_92_73),V(NODE2_92_74),V(NODE2_92_75),V(NODE2_92_76),V(NODE2_92_77),V(NODE2_92_78),V(NODE2_92_79),V(NODE2_92_80),V(NODE2_92_81),V(NODE2_92_82),V(NODE2_92_83),V(NODE2_92_84),V(NODE2_92_85),V(NODE2_92_86),V(NODE2_92_87),V(NODE2_92_88),V(NODE2_92_89),V(NODE2_92_90),V(NODE2_92_91),V(NODE2_92_92),V(NODE2_92_93),V(NODE2_92_94),V(NODE2_92_95),V(NODE2_92_96),V(NODE2_92_97),V(NODE2_92_98),V(NODE2_92_99),V(NODE2_93_0),V(NODE2_93_1),V(NODE2_93_2),V(NODE2_93_3),V(NODE2_93_4),V(NODE2_93_5),V(NODE2_93_6),V(NODE2_93_7),V(NODE2_93_8),V(NODE2_93_9),V(NODE2_93_10),V(NODE2_93_11),V(NODE2_93_12),V(NODE2_93_13),V(NODE2_93_14),V(NODE2_93_15),V(NODE2_93_16),V(NODE2_93_17),V(NODE2_93_18),V(NODE2_93_19),V(NODE2_93_20),V(NODE2_93_21),V(NODE2_93_22),V(NODE2_93_23),V(NODE2_93_24),V(NODE2_93_25),V(NODE2_93_26),V(NODE2_93_27),V(NODE2_93_28),V(NODE2_93_29),V(NODE2_93_30),V(NODE2_93_31),V(NODE2_93_32),V(NODE2_93_33),V(NODE2_93_34),V(NODE2_93_35),V(NODE2_93_36),V(NODE2_93_37),V(NODE2_93_38),V(NODE2_93_39),V(NODE2_93_40),V(NODE2_93_41),V(NODE2_93_42),V(NODE2_93_43),V(NODE2_93_44),V(NODE2_93_45),V(NODE2_93_46),V(NODE2_93_47),V(NODE2_93_48),V(NODE2_93_49),V(NODE2_93_50),V(NODE2_93_51),V(NODE2_93_52),V(NODE2_93_53),V(NODE2_93_54),V(NODE2_93_55),V(NODE2_93_56),V(NODE2_93_57),V(NODE2_93_58),V(NODE2_93_59),V(NODE2_93_60),V(NODE2_93_61),V(NODE2_93_62),V(NODE2_93_63),V(NODE2_93_64),V(NODE2_93_65),V(NODE2_93_66),V(NODE2_93_67),V(NODE2_93_68),V(NODE2_93_69),V(NODE2_93_70),V(NODE2_93_71),V(NODE2_93_72),V(NODE2_93_73),V(NODE2_93_74),V(NODE2_93_75),V(NODE2_93_76),V(NODE2_93_77),V(NODE2_93_78),V(NODE2_93_79),V(NODE2_93_80),V(NODE2_93_81),V(NODE2_93_82),V(NODE2_93_83),V(NODE2_93_84),V(NODE2_93_85),V(NODE2_93_86),V(NODE2_93_87),V(NODE2_93_88),V(NODE2_93_89),V(NODE2_93_90),V(NODE2_93_91),V(NODE2_93_92),V(NODE2_93_93),V(NODE2_93_94),V(NODE2_93_95),V(NODE2_93_96),V(NODE2_93_97),V(NODE2_93_98),V(NODE2_93_99),V(NODE2_94_0),V(NODE2_94_1),V(NODE2_94_2),V(NODE2_94_3),V(NODE2_94_4),V(NODE2_94_5),V(NODE2_94_6),V(NODE2_94_7),V(NODE2_94_8),V(NODE2_94_9),V(NODE2_94_10),V(NODE2_94_11),V(NODE2_94_12),V(NODE2_94_13),V(NODE2_94_14),V(NODE2_94_15),V(NODE2_94_16),V(NODE2_94_17),V(NODE2_94_18),V(NODE2_94_19),V(NODE2_94_20),V(NODE2_94_21),V(NODE2_94_22),V(NODE2_94_23),V(NODE2_94_24),V(NODE2_94_25),V(NODE2_94_26),V(NODE2_94_27),V(NODE2_94_28),V(NODE2_94_29),V(NODE2_94_30),V(NODE2_94_31),V(NODE2_94_32),V(NODE2_94_33),V(NODE2_94_34),V(NODE2_94_35),V(NODE2_94_36),V(NODE2_94_37),V(NODE2_94_38),V(NODE2_94_39),V(NODE2_94_40),V(NODE2_94_41),V(NODE2_94_42),V(NODE2_94_43),V(NODE2_94_44),V(NODE2_94_45),V(NODE2_94_46),V(NODE2_94_47),V(NODE2_94_48),V(NODE2_94_49),V(NODE2_94_50),V(NODE2_94_51),V(NODE2_94_52),V(NODE2_94_53),V(NODE2_94_54),V(NODE2_94_55),V(NODE2_94_56),V(NODE2_94_57),V(NODE2_94_58),V(NODE2_94_59),V(NODE2_94_60),V(NODE2_94_61),V(NODE2_94_62),V(NODE2_94_63),V(NODE2_94_64),V(NODE2_94_65),V(NODE2_94_66),V(NODE2_94_67),V(NODE2_94_68),V(NODE2_94_69),V(NODE2_94_70),V(NODE2_94_71),V(NODE2_94_72),V(NODE2_94_73),V(NODE2_94_74),V(NODE2_94_75),V(NODE2_94_76),V(NODE2_94_77),V(NODE2_94_78),V(NODE2_94_79),V(NODE2_94_80),V(NODE2_94_81),V(NODE2_94_82),V(NODE2_94_83),V(NODE2_94_84),V(NODE2_94_85),V(NODE2_94_86),V(NODE2_94_87),V(NODE2_94_88),V(NODE2_94_89),V(NODE2_94_90),V(NODE2_94_91),V(NODE2_94_92),V(NODE2_94_93),V(NODE2_94_94),V(NODE2_94_95),V(NODE2_94_96),V(NODE2_94_97),V(NODE2_94_98),V(NODE2_94_99),V(NODE2_95_0),V(NODE2_95_1),V(NODE2_95_2),V(NODE2_95_3),V(NODE2_95_4),V(NODE2_95_5),V(NODE2_95_6),V(NODE2_95_7),V(NODE2_95_8),V(NODE2_95_9),V(NODE2_95_10),V(NODE2_95_11),V(NODE2_95_12),V(NODE2_95_13),V(NODE2_95_14),V(NODE2_95_15),V(NODE2_95_16),V(NODE2_95_17),V(NODE2_95_18),V(NODE2_95_19),V(NODE2_95_20),V(NODE2_95_21),V(NODE2_95_22),V(NODE2_95_23),V(NODE2_95_24),V(NODE2_95_25),V(NODE2_95_26),V(NODE2_95_27),V(NODE2_95_28),V(NODE2_95_29),V(NODE2_95_30),V(NODE2_95_31),V(NODE2_95_32),V(NODE2_95_33),V(NODE2_95_34),V(NODE2_95_35),V(NODE2_95_36),V(NODE2_95_37),V(NODE2_95_38),V(NODE2_95_39),V(NODE2_95_40),V(NODE2_95_41),V(NODE2_95_42),V(NODE2_95_43),V(NODE2_95_44),V(NODE2_95_45),V(NODE2_95_46),V(NODE2_95_47),V(NODE2_95_48),V(NODE2_95_49),V(NODE2_95_50),V(NODE2_95_51),V(NODE2_95_52),V(NODE2_95_53),V(NODE2_95_54),V(NODE2_95_55),V(NODE2_95_56),V(NODE2_95_57),V(NODE2_95_58),V(NODE2_95_59),V(NODE2_95_60),V(NODE2_95_61),V(NODE2_95_62),V(NODE2_95_63),V(NODE2_95_64),V(NODE2_95_65),V(NODE2_95_66),V(NODE2_95_67),V(NODE2_95_68),V(NODE2_95_69),V(NODE2_95_70),V(NODE2_95_71),V(NODE2_95_72),V(NODE2_95_73),V(NODE2_95_74),V(NODE2_95_75),V(NODE2_95_76),V(NODE2_95_77),V(NODE2_95_78),V(NODE2_95_79),V(NODE2_95_80),V(NODE2_95_81),V(NODE2_95_82),V(NODE2_95_83),V(NODE2_95_84),V(NODE2_95_85),V(NODE2_95_86),V(NODE2_95_87),V(NODE2_95_88),V(NODE2_95_89),V(NODE2_95_90),V(NODE2_95_91),V(NODE2_95_92),V(NODE2_95_93),V(NODE2_95_94),V(NODE2_95_95),V(NODE2_95_96),V(NODE2_95_97),V(NODE2_95_98),V(NODE2_95_99),V(NODE2_96_0),V(NODE2_96_1),V(NODE2_96_2),V(NODE2_96_3),V(NODE2_96_4),V(NODE2_96_5),V(NODE2_96_6),V(NODE2_96_7),V(NODE2_96_8),V(NODE2_96_9),V(NODE2_96_10),V(NODE2_96_11),V(NODE2_96_12),V(NODE2_96_13),V(NODE2_96_14),V(NODE2_96_15),V(NODE2_96_16),V(NODE2_96_17),V(NODE2_96_18),V(NODE2_96_19),V(NODE2_96_20),V(NODE2_96_21),V(NODE2_96_22),V(NODE2_96_23),V(NODE2_96_24),V(NODE2_96_25),V(NODE2_96_26),V(NODE2_96_27),V(NODE2_96_28),V(NODE2_96_29),V(NODE2_96_30),V(NODE2_96_31),V(NODE2_96_32),V(NODE2_96_33),V(NODE2_96_34),V(NODE2_96_35),V(NODE2_96_36),V(NODE2_96_37),V(NODE2_96_38),V(NODE2_96_39),V(NODE2_96_40),V(NODE2_96_41),V(NODE2_96_42),V(NODE2_96_43),V(NODE2_96_44),V(NODE2_96_45),V(NODE2_96_46),V(NODE2_96_47),V(NODE2_96_48),V(NODE2_96_49),V(NODE2_96_50),V(NODE2_96_51),V(NODE2_96_52),V(NODE2_96_53),V(NODE2_96_54),V(NODE2_96_55),V(NODE2_96_56),V(NODE2_96_57),V(NODE2_96_58),V(NODE2_96_59),V(NODE2_96_60),V(NODE2_96_61),V(NODE2_96_62),V(NODE2_96_63),V(NODE2_96_64),V(NODE2_96_65),V(NODE2_96_66),V(NODE2_96_67),V(NODE2_96_68),V(NODE2_96_69),V(NODE2_96_70),V(NODE2_96_71),V(NODE2_96_72),V(NODE2_96_73),V(NODE2_96_74),V(NODE2_96_75),V(NODE2_96_76),V(NODE2_96_77),V(NODE2_96_78),V(NODE2_96_79),V(NODE2_96_80),V(NODE2_96_81),V(NODE2_96_82),V(NODE2_96_83),V(NODE2_96_84),V(NODE2_96_85),V(NODE2_96_86),V(NODE2_96_87),V(NODE2_96_88),V(NODE2_96_89),V(NODE2_96_90),V(NODE2_96_91),V(NODE2_96_92),V(NODE2_96_93),V(NODE2_96_94),V(NODE2_96_95),V(NODE2_96_96),V(NODE2_96_97),V(NODE2_96_98),V(NODE2_96_99),V(NODE2_97_0),V(NODE2_97_1),V(NODE2_97_2),V(NODE2_97_3),V(NODE2_97_4),V(NODE2_97_5),V(NODE2_97_6),V(NODE2_97_7),V(NODE2_97_8),V(NODE2_97_9),V(NODE2_97_10),V(NODE2_97_11),V(NODE2_97_12),V(NODE2_97_13),V(NODE2_97_14),V(NODE2_97_15),V(NODE2_97_16),V(NODE2_97_17),V(NODE2_97_18),V(NODE2_97_19),V(NODE2_97_20),V(NODE2_97_21),V(NODE2_97_22),V(NODE2_97_23),V(NODE2_97_24),V(NODE2_97_25),V(NODE2_97_26),V(NODE2_97_27),V(NODE2_97_28),V(NODE2_97_29),V(NODE2_97_30),V(NODE2_97_31),V(NODE2_97_32),V(NODE2_97_33),V(NODE2_97_34),V(NODE2_97_35),V(NODE2_97_36),V(NODE2_97_37),V(NODE2_97_38),V(NODE2_97_39),V(NODE2_97_40),V(NODE2_97_41),V(NODE2_97_42),V(NODE2_97_43),V(NODE2_97_44),V(NODE2_97_45),V(NODE2_97_46),V(NODE2_97_47),V(NODE2_97_48),V(NODE2_97_49),V(NODE2_97_50),V(NODE2_97_51),V(NODE2_97_52),V(NODE2_97_53),V(NODE2_97_54),V(NODE2_97_55),V(NODE2_97_56),V(NODE2_97_57),V(NODE2_97_58),V(NODE2_97_59),V(NODE2_97_60),V(NODE2_97_61),V(NODE2_97_62),V(NODE2_97_63),V(NODE2_97_64),V(NODE2_97_65),V(NODE2_97_66),V(NODE2_97_67),V(NODE2_97_68),V(NODE2_97_69),V(NODE2_97_70),V(NODE2_97_71),V(NODE2_97_72),V(NODE2_97_73),V(NODE2_97_74),V(NODE2_97_75),V(NODE2_97_76),V(NODE2_97_77),V(NODE2_97_78),V(NODE2_97_79),V(NODE2_97_80),V(NODE2_97_81),V(NODE2_97_82),V(NODE2_97_83),V(NODE2_97_84),V(NODE2_97_85),V(NODE2_97_86),V(NODE2_97_87),V(NODE2_97_88),V(NODE2_97_89),V(NODE2_97_90),V(NODE2_97_91),V(NODE2_97_92),V(NODE2_97_93),V(NODE2_97_94),V(NODE2_97_95),V(NODE2_97_96),V(NODE2_97_97),V(NODE2_97_98),V(NODE2_97_99),V(NODE2_98_0),V(NODE2_98_1),V(NODE2_98_2),V(NODE2_98_3),V(NODE2_98_4),V(NODE2_98_5),V(NODE2_98_6),V(NODE2_98_7),V(NODE2_98_8),V(NODE2_98_9),V(NODE2_98_10),V(NODE2_98_11),V(NODE2_98_12),V(NODE2_98_13),V(NODE2_98_14),V(NODE2_98_15),V(NODE2_98_16),V(NODE2_98_17),V(NODE2_98_18),V(NODE2_98_19),V(NODE2_98_20),V(NODE2_98_21),V(NODE2_98_22),V(NODE2_98_23),V(NODE2_98_24),V(NODE2_98_25),V(NODE2_98_26),V(NODE2_98_27),V(NODE2_98_28),V(NODE2_98_29),V(NODE2_98_30),V(NODE2_98_31),V(NODE2_98_32),V(NODE2_98_33),V(NODE2_98_34),V(NODE2_98_35),V(NODE2_98_36),V(NODE2_98_37),V(NODE2_98_38),V(NODE2_98_39),V(NODE2_98_40),V(NODE2_98_41),V(NODE2_98_42),V(NODE2_98_43),V(NODE2_98_44),V(NODE2_98_45),V(NODE2_98_46),V(NODE2_98_47),V(NODE2_98_48),V(NODE2_98_49),V(NODE2_98_50),V(NODE2_98_51),V(NODE2_98_52),V(NODE2_98_53),V(NODE2_98_54),V(NODE2_98_55),V(NODE2_98_56),V(NODE2_98_57),V(NODE2_98_58),V(NODE2_98_59),V(NODE2_98_60),V(NODE2_98_61),V(NODE2_98_62),V(NODE2_98_63),V(NODE2_98_64),V(NODE2_98_65),V(NODE2_98_66),V(NODE2_98_67),V(NODE2_98_68),V(NODE2_98_69),V(NODE2_98_70),V(NODE2_98_71),V(NODE2_98_72),V(NODE2_98_73),V(NODE2_98_74),V(NODE2_98_75),V(NODE2_98_76),V(NODE2_98_77),V(NODE2_98_78),V(NODE2_98_79),V(NODE2_98_80),V(NODE2_98_81),V(NODE2_98_82),V(NODE2_98_83),V(NODE2_98_84),V(NODE2_98_85),V(NODE2_98_86),V(NODE2_98_87),V(NODE2_98_88),V(NODE2_98_89),V(NODE2_98_90),V(NODE2_98_91),V(NODE2_98_92),V(NODE2_98_93),V(NODE2_98_94),V(NODE2_98_95),V(NODE2_98_96),V(NODE2_98_97),V(NODE2_98_98),V(NODE2_98_99),V(NODE2_99_0),V(NODE2_99_1),V(NODE2_99_2),V(NODE2_99_3),V(NODE2_99_4),V(NODE2_99_5),V(NODE2_99_6),V(NODE2_99_7),V(NODE2_99_8),V(NODE2_99_9),V(NODE2_99_10),V(NODE2_99_11),V(NODE2_99_12),V(NODE2_99_13),V(NODE2_99_14),V(NODE2_99_15),V(NODE2_99_16),V(NODE2_99_17),V(NODE2_99_18),V(NODE2_99_19),V(NODE2_99_20),V(NODE2_99_21),V(NODE2_99_22),V(NODE2_99_23),V(NODE2_99_24),V(NODE2_99_25),V(NODE2_99_26),V(NODE2_99_27),V(NODE2_99_28),V(NODE2_99_29),V(NODE2_99_30),V(NODE2_99_31),V(NODE2_99_32),V(NODE2_99_33),V(NODE2_99_34),V(NODE2_99_35),V(NODE2_99_36),V(NODE2_99_37),V(NODE2_99_38),V(NODE2_99_39),V(NODE2_99_40),V(NODE2_99_41),V(NODE2_99_42),V(NODE2_99_43),V(NODE2_99_44),V(NODE2_99_45),V(NODE2_99_46),V(NODE2_99_47),V(NODE2_99_48),V(NODE2_99_49),V(NODE2_99_50),V(NODE2_99_51),V(NODE2_99_52),V(NODE2_99_53),V(NODE2_99_54),V(NODE2_99_55),V(NODE2_99_56),V(NODE2_99_57),V(NODE2_99_58),V(NODE2_99_59),V(NODE2_99_60),V(NODE2_99_61),V(NODE2_99_62),V(NODE2_99_63),V(NODE2_99_64),V(NODE2_99_65),V(NODE2_99_66),V(NODE2_99_67),V(NODE2_99_68),V(NODE2_99_69),V(NODE2_99_70),V(NODE2_99_71),V(NODE2_99_72),V(NODE2_99_73),V(NODE2_99_74),V(NODE2_99_75),V(NODE2_99_76),V(NODE2_99_77),V(NODE2_99_78),V(NODE2_99_79),V(NODE2_99_80),V(NODE2_99_81),V(NODE2_99_82),V(NODE2_99_83),V(NODE2_99_84),V(NODE2_99_85),V(NODE2_99_86),V(NODE2_99_87),V(NODE2_99_88),V(NODE2_99_89),V(NODE2_99_90),V(NODE2_99_91),V(NODE2_99_92),V(NODE2_99_93),V(NODE2_99_94),V(NODE2_99_95),V(NODE2_99_96),V(NODE2_99_97),V(NODE2_99_98),V(NODE2_99_99),V(NODE3_0_0),V(NODE3_0_1),V(NODE3_0_2),V(NODE3_0_3),V(NODE3_0_4),V(NODE3_0_5),V(NODE3_0_6),V(NODE3_0_7),V(NODE3_0_8),V(NODE3_0_9),V(NODE3_0_10),V(NODE3_0_11),V(NODE3_0_12),V(NODE3_0_13),V(NODE3_0_14),V(NODE3_0_15),V(NODE3_0_16),V(NODE3_0_17),V(NODE3_0_18),V(NODE3_0_19),V(NODE3_0_20),V(NODE3_0_21),V(NODE3_0_22),V(NODE3_0_23),V(NODE3_0_24),V(NODE3_0_25),V(NODE3_0_26),V(NODE3_0_27),V(NODE3_0_28),V(NODE3_0_29),V(NODE3_0_30),V(NODE3_0_31),V(NODE3_0_32),V(NODE3_0_33),V(NODE3_0_34),V(NODE3_0_35),V(NODE3_0_36),V(NODE3_0_37),V(NODE3_0_38),V(NODE3_0_39),V(NODE3_0_40),V(NODE3_0_41),V(NODE3_0_42),V(NODE3_0_43),V(NODE3_0_44),V(NODE3_0_45),V(NODE3_0_46),V(NODE3_0_47),V(NODE3_0_48),V(NODE3_0_49),V(NODE3_0_50),V(NODE3_0_51),V(NODE3_0_52),V(NODE3_0_53),V(NODE3_0_54),V(NODE3_0_55),V(NODE3_0_56),V(NODE3_0_57),V(NODE3_0_58),V(NODE3_0_59),V(NODE3_0_60),V(NODE3_0_61),V(NODE3_0_62),V(NODE3_0_63),V(NODE3_0_64),V(NODE3_0_65),V(NODE3_0_66),V(NODE3_0_67),V(NODE3_0_68),V(NODE3_0_69),V(NODE3_0_70),V(NODE3_0_71),V(NODE3_0_72),V(NODE3_0_73),V(NODE3_0_74),V(NODE3_0_75),V(NODE3_0_76),V(NODE3_0_77),V(NODE3_0_78),V(NODE3_0_79),V(NODE3_0_80),V(NODE3_0_81),V(NODE3_0_82),V(NODE3_0_83),V(NODE3_0_84),V(NODE3_0_85),V(NODE3_0_86),V(NODE3_0_87),V(NODE3_0_88),V(NODE3_0_89),V(NODE3_0_90),V(NODE3_0_91),V(NODE3_0_92),V(NODE3_0_93),V(NODE3_0_94),V(NODE3_0_95),V(NODE3_0_96),V(NODE3_0_97),V(NODE3_0_98),V(NODE3_0_99),V(NODE3_1_0),V(NODE3_1_1),V(NODE3_1_2),V(NODE3_1_3),V(NODE3_1_4),V(NODE3_1_5),V(NODE3_1_6),V(NODE3_1_7),V(NODE3_1_8),V(NODE3_1_9),V(NODE3_1_10),V(NODE3_1_11),V(NODE3_1_12),V(NODE3_1_13),V(NODE3_1_14),V(NODE3_1_15),V(NODE3_1_16),V(NODE3_1_17),V(NODE3_1_18),V(NODE3_1_19),V(NODE3_1_20),V(NODE3_1_21),V(NODE3_1_22),V(NODE3_1_23),V(NODE3_1_24),V(NODE3_1_25),V(NODE3_1_26),V(NODE3_1_27),V(NODE3_1_28),V(NODE3_1_29),V(NODE3_1_30),V(NODE3_1_31),V(NODE3_1_32),V(NODE3_1_33),V(NODE3_1_34),V(NODE3_1_35),V(NODE3_1_36),V(NODE3_1_37),V(NODE3_1_38),V(NODE3_1_39),V(NODE3_1_40),V(NODE3_1_41),V(NODE3_1_42),V(NODE3_1_43),V(NODE3_1_44),V(NODE3_1_45),V(NODE3_1_46),V(NODE3_1_47),V(NODE3_1_48),V(NODE3_1_49),V(NODE3_1_50),V(NODE3_1_51),V(NODE3_1_52),V(NODE3_1_53),V(NODE3_1_54),V(NODE3_1_55),V(NODE3_1_56),V(NODE3_1_57),V(NODE3_1_58),V(NODE3_1_59),V(NODE3_1_60),V(NODE3_1_61),V(NODE3_1_62),V(NODE3_1_63),V(NODE3_1_64),V(NODE3_1_65),V(NODE3_1_66),V(NODE3_1_67),V(NODE3_1_68),V(NODE3_1_69),V(NODE3_1_70),V(NODE3_1_71),V(NODE3_1_72),V(NODE3_1_73),V(NODE3_1_74),V(NODE3_1_75),V(NODE3_1_76),V(NODE3_1_77),V(NODE3_1_78),V(NODE3_1_79),V(NODE3_1_80),V(NODE3_1_81),V(NODE3_1_82),V(NODE3_1_83),V(NODE3_1_84),V(NODE3_1_85),V(NODE3_1_86),V(NODE3_1_87),V(NODE3_1_88),V(NODE3_1_89),V(NODE3_1_90),V(NODE3_1_91),V(NODE3_1_92),V(NODE3_1_93),V(NODE3_1_94),V(NODE3_1_95),V(NODE3_1_96),V(NODE3_1_97),V(NODE3_1_98),V(NODE3_1_99),V(NODE3_2_0),V(NODE3_2_1),V(NODE3_2_2),V(NODE3_2_3),V(NODE3_2_4),V(NODE3_2_5),V(NODE3_2_6),V(NODE3_2_7),V(NODE3_2_8),V(NODE3_2_9),V(NODE3_2_10),V(NODE3_2_11),V(NODE3_2_12),V(NODE3_2_13),V(NODE3_2_14),V(NODE3_2_15),V(NODE3_2_16),V(NODE3_2_17),V(NODE3_2_18),V(NODE3_2_19),V(NODE3_2_20),V(NODE3_2_21),V(NODE3_2_22),V(NODE3_2_23),V(NODE3_2_24),V(NODE3_2_25),V(NODE3_2_26),V(NODE3_2_27),V(NODE3_2_28),V(NODE3_2_29),V(NODE3_2_30),V(NODE3_2_31),V(NODE3_2_32),V(NODE3_2_33),V(NODE3_2_34),V(NODE3_2_35),V(NODE3_2_36),V(NODE3_2_37),V(NODE3_2_38),V(NODE3_2_39),V(NODE3_2_40),V(NODE3_2_41),V(NODE3_2_42),V(NODE3_2_43),V(NODE3_2_44),V(NODE3_2_45),V(NODE3_2_46),V(NODE3_2_47),V(NODE3_2_48),V(NODE3_2_49),V(NODE3_2_50),V(NODE3_2_51),V(NODE3_2_52),V(NODE3_2_53),V(NODE3_2_54),V(NODE3_2_55),V(NODE3_2_56),V(NODE3_2_57),V(NODE3_2_58),V(NODE3_2_59),V(NODE3_2_60),V(NODE3_2_61),V(NODE3_2_62),V(NODE3_2_63),V(NODE3_2_64),V(NODE3_2_65),V(NODE3_2_66),V(NODE3_2_67),V(NODE3_2_68),V(NODE3_2_69),V(NODE3_2_70),V(NODE3_2_71),V(NODE3_2_72),V(NODE3_2_73),V(NODE3_2_74),V(NODE3_2_75),V(NODE3_2_76),V(NODE3_2_77),V(NODE3_2_78),V(NODE3_2_79),V(NODE3_2_80),V(NODE3_2_81),V(NODE3_2_82),V(NODE3_2_83),V(NODE3_2_84),V(NODE3_2_85),V(NODE3_2_86),V(NODE3_2_87),V(NODE3_2_88),V(NODE3_2_89),V(NODE3_2_90),V(NODE3_2_91),V(NODE3_2_92),V(NODE3_2_93),V(NODE3_2_94),V(NODE3_2_95),V(NODE3_2_96),V(NODE3_2_97),V(NODE3_2_98),V(NODE3_2_99),V(NODE3_3_0),V(NODE3_3_1),V(NODE3_3_2),V(NODE3_3_3),V(NODE3_3_4),V(NODE3_3_5),V(NODE3_3_6),V(NODE3_3_7),V(NODE3_3_8),V(NODE3_3_9),V(NODE3_3_10),V(NODE3_3_11),V(NODE3_3_12),V(NODE3_3_13),V(NODE3_3_14),V(NODE3_3_15),V(NODE3_3_16),V(NODE3_3_17),V(NODE3_3_18),V(NODE3_3_19),V(NODE3_3_20),V(NODE3_3_21),V(NODE3_3_22),V(NODE3_3_23),V(NODE3_3_24),V(NODE3_3_25),V(NODE3_3_26),V(NODE3_3_27),V(NODE3_3_28),V(NODE3_3_29),V(NODE3_3_30),V(NODE3_3_31),V(NODE3_3_32),V(NODE3_3_33),V(NODE3_3_34),V(NODE3_3_35),V(NODE3_3_36),V(NODE3_3_37),V(NODE3_3_38),V(NODE3_3_39),V(NODE3_3_40),V(NODE3_3_41),V(NODE3_3_42),V(NODE3_3_43),V(NODE3_3_44),V(NODE3_3_45),V(NODE3_3_46),V(NODE3_3_47),V(NODE3_3_48),V(NODE3_3_49),V(NODE3_3_50),V(NODE3_3_51),V(NODE3_3_52),V(NODE3_3_53),V(NODE3_3_54),V(NODE3_3_55),V(NODE3_3_56),V(NODE3_3_57),V(NODE3_3_58),V(NODE3_3_59),V(NODE3_3_60),V(NODE3_3_61),V(NODE3_3_62),V(NODE3_3_63),V(NODE3_3_64),V(NODE3_3_65),V(NODE3_3_66),V(NODE3_3_67),V(NODE3_3_68),V(NODE3_3_69),V(NODE3_3_70),V(NODE3_3_71),V(NODE3_3_72),V(NODE3_3_73),V(NODE3_3_74),V(NODE3_3_75),V(NODE3_3_76),V(NODE3_3_77),V(NODE3_3_78),V(NODE3_3_79),V(NODE3_3_80),V(NODE3_3_81),V(NODE3_3_82),V(NODE3_3_83),V(NODE3_3_84),V(NODE3_3_85),V(NODE3_3_86),V(NODE3_3_87),V(NODE3_3_88),V(NODE3_3_89),V(NODE3_3_90),V(NODE3_3_91),V(NODE3_3_92),V(NODE3_3_93),V(NODE3_3_94),V(NODE3_3_95),V(NODE3_3_96),V(NODE3_3_97),V(NODE3_3_98),V(NODE3_3_99),V(NODE3_4_0),V(NODE3_4_1),V(NODE3_4_2),V(NODE3_4_3),V(NODE3_4_4),V(NODE3_4_5),V(NODE3_4_6),V(NODE3_4_7),V(NODE3_4_8),V(NODE3_4_9),V(NODE3_4_10),V(NODE3_4_11),V(NODE3_4_12),V(NODE3_4_13),V(NODE3_4_14),V(NODE3_4_15),V(NODE3_4_16),V(NODE3_4_17),V(NODE3_4_18),V(NODE3_4_19),V(NODE3_4_20),V(NODE3_4_21),V(NODE3_4_22),V(NODE3_4_23),V(NODE3_4_24),V(NODE3_4_25),V(NODE3_4_26),V(NODE3_4_27),V(NODE3_4_28),V(NODE3_4_29),V(NODE3_4_30),V(NODE3_4_31),V(NODE3_4_32),V(NODE3_4_33),V(NODE3_4_34),V(NODE3_4_35),V(NODE3_4_36),V(NODE3_4_37),V(NODE3_4_38),V(NODE3_4_39),V(NODE3_4_40),V(NODE3_4_41),V(NODE3_4_42),V(NODE3_4_43),V(NODE3_4_44),V(NODE3_4_45),V(NODE3_4_46),V(NODE3_4_47),V(NODE3_4_48),V(NODE3_4_49),V(NODE3_4_50),V(NODE3_4_51),V(NODE3_4_52),V(NODE3_4_53),V(NODE3_4_54),V(NODE3_4_55),V(NODE3_4_56),V(NODE3_4_57),V(NODE3_4_58),V(NODE3_4_59),V(NODE3_4_60),V(NODE3_4_61),V(NODE3_4_62),V(NODE3_4_63),V(NODE3_4_64),V(NODE3_4_65),V(NODE3_4_66),V(NODE3_4_67),V(NODE3_4_68),V(NODE3_4_69),V(NODE3_4_70),V(NODE3_4_71),V(NODE3_4_72),V(NODE3_4_73),V(NODE3_4_74),V(NODE3_4_75),V(NODE3_4_76),V(NODE3_4_77),V(NODE3_4_78),V(NODE3_4_79),V(NODE3_4_80),V(NODE3_4_81),V(NODE3_4_82),V(NODE3_4_83),V(NODE3_4_84),V(NODE3_4_85),V(NODE3_4_86),V(NODE3_4_87),V(NODE3_4_88),V(NODE3_4_89),V(NODE3_4_90),V(NODE3_4_91),V(NODE3_4_92),V(NODE3_4_93),V(NODE3_4_94),V(NODE3_4_95),V(NODE3_4_96),V(NODE3_4_97),V(NODE3_4_98),V(NODE3_4_99),V(NODE3_5_0),V(NODE3_5_1),V(NODE3_5_2),V(NODE3_5_3),V(NODE3_5_4),V(NODE3_5_5),V(NODE3_5_6),V(NODE3_5_7),V(NODE3_5_8),V(NODE3_5_9),V(NODE3_5_10),V(NODE3_5_11),V(NODE3_5_12),V(NODE3_5_13),V(NODE3_5_14),V(NODE3_5_15),V(NODE3_5_16),V(NODE3_5_17),V(NODE3_5_18),V(NODE3_5_19),V(NODE3_5_20),V(NODE3_5_21),V(NODE3_5_22),V(NODE3_5_23),V(NODE3_5_24),V(NODE3_5_25),V(NODE3_5_26),V(NODE3_5_27),V(NODE3_5_28),V(NODE3_5_29),V(NODE3_5_30),V(NODE3_5_31),V(NODE3_5_32),V(NODE3_5_33),V(NODE3_5_34),V(NODE3_5_35),V(NODE3_5_36),V(NODE3_5_37),V(NODE3_5_38),V(NODE3_5_39),V(NODE3_5_40),V(NODE3_5_41),V(NODE3_5_42),V(NODE3_5_43),V(NODE3_5_44),V(NODE3_5_45),V(NODE3_5_46),V(NODE3_5_47),V(NODE3_5_48),V(NODE3_5_49),V(NODE3_5_50),V(NODE3_5_51),V(NODE3_5_52),V(NODE3_5_53),V(NODE3_5_54),V(NODE3_5_55),V(NODE3_5_56),V(NODE3_5_57),V(NODE3_5_58),V(NODE3_5_59),V(NODE3_5_60),V(NODE3_5_61),V(NODE3_5_62),V(NODE3_5_63),V(NODE3_5_64),V(NODE3_5_65),V(NODE3_5_66),V(NODE3_5_67),V(NODE3_5_68),V(NODE3_5_69),V(NODE3_5_70),V(NODE3_5_71),V(NODE3_5_72),V(NODE3_5_73),V(NODE3_5_74),V(NODE3_5_75),V(NODE3_5_76),V(NODE3_5_77),V(NODE3_5_78),V(NODE3_5_79),V(NODE3_5_80),V(NODE3_5_81),V(NODE3_5_82),V(NODE3_5_83),V(NODE3_5_84),V(NODE3_5_85),V(NODE3_5_86),V(NODE3_5_87),V(NODE3_5_88),V(NODE3_5_89),V(NODE3_5_90),V(NODE3_5_91),V(NODE3_5_92),V(NODE3_5_93),V(NODE3_5_94),V(NODE3_5_95),V(NODE3_5_96),V(NODE3_5_97),V(NODE3_5_98),V(NODE3_5_99),V(NODE3_6_0),V(NODE3_6_1),V(NODE3_6_2),V(NODE3_6_3),V(NODE3_6_4),V(NODE3_6_5),V(NODE3_6_6),V(NODE3_6_7),V(NODE3_6_8),V(NODE3_6_9),V(NODE3_6_10),V(NODE3_6_11),V(NODE3_6_12),V(NODE3_6_13),V(NODE3_6_14),V(NODE3_6_15),V(NODE3_6_16),V(NODE3_6_17),V(NODE3_6_18),V(NODE3_6_19),V(NODE3_6_20),V(NODE3_6_21),V(NODE3_6_22),V(NODE3_6_23),V(NODE3_6_24),V(NODE3_6_25),V(NODE3_6_26),V(NODE3_6_27),V(NODE3_6_28),V(NODE3_6_29),V(NODE3_6_30),V(NODE3_6_31),V(NODE3_6_32),V(NODE3_6_33),V(NODE3_6_34),V(NODE3_6_35),V(NODE3_6_36),V(NODE3_6_37),V(NODE3_6_38),V(NODE3_6_39),V(NODE3_6_40),V(NODE3_6_41),V(NODE3_6_42),V(NODE3_6_43),V(NODE3_6_44),V(NODE3_6_45),V(NODE3_6_46),V(NODE3_6_47),V(NODE3_6_48),V(NODE3_6_49),V(NODE3_6_50),V(NODE3_6_51),V(NODE3_6_52),V(NODE3_6_53),V(NODE3_6_54),V(NODE3_6_55),V(NODE3_6_56),V(NODE3_6_57),V(NODE3_6_58),V(NODE3_6_59),V(NODE3_6_60),V(NODE3_6_61),V(NODE3_6_62),V(NODE3_6_63),V(NODE3_6_64),V(NODE3_6_65),V(NODE3_6_66),V(NODE3_6_67),V(NODE3_6_68),V(NODE3_6_69),V(NODE3_6_70),V(NODE3_6_71),V(NODE3_6_72),V(NODE3_6_73),V(NODE3_6_74),V(NODE3_6_75),V(NODE3_6_76),V(NODE3_6_77),V(NODE3_6_78),V(NODE3_6_79),V(NODE3_6_80),V(NODE3_6_81),V(NODE3_6_82),V(NODE3_6_83),V(NODE3_6_84),V(NODE3_6_85),V(NODE3_6_86),V(NODE3_6_87),V(NODE3_6_88),V(NODE3_6_89),V(NODE3_6_90),V(NODE3_6_91),V(NODE3_6_92),V(NODE3_6_93),V(NODE3_6_94),V(NODE3_6_95),V(NODE3_6_96),V(NODE3_6_97),V(NODE3_6_98),V(NODE3_6_99),V(NODE3_7_0),V(NODE3_7_1),V(NODE3_7_2),V(NODE3_7_3),V(NODE3_7_4),V(NODE3_7_5),V(NODE3_7_6),V(NODE3_7_7),V(NODE3_7_8),V(NODE3_7_9),V(NODE3_7_10),V(NODE3_7_11),V(NODE3_7_12),V(NODE3_7_13),V(NODE3_7_14),V(NODE3_7_15),V(NODE3_7_16),V(NODE3_7_17),V(NODE3_7_18),V(NODE3_7_19),V(NODE3_7_20),V(NODE3_7_21),V(NODE3_7_22),V(NODE3_7_23),V(NODE3_7_24),V(NODE3_7_25),V(NODE3_7_26),V(NODE3_7_27),V(NODE3_7_28),V(NODE3_7_29),V(NODE3_7_30),V(NODE3_7_31),V(NODE3_7_32),V(NODE3_7_33),V(NODE3_7_34),V(NODE3_7_35),V(NODE3_7_36),V(NODE3_7_37),V(NODE3_7_38),V(NODE3_7_39),V(NODE3_7_40),V(NODE3_7_41),V(NODE3_7_42),V(NODE3_7_43),V(NODE3_7_44),V(NODE3_7_45),V(NODE3_7_46),V(NODE3_7_47),V(NODE3_7_48),V(NODE3_7_49),V(NODE3_7_50),V(NODE3_7_51),V(NODE3_7_52),V(NODE3_7_53),V(NODE3_7_54),V(NODE3_7_55),V(NODE3_7_56),V(NODE3_7_57),V(NODE3_7_58),V(NODE3_7_59),V(NODE3_7_60),V(NODE3_7_61),V(NODE3_7_62),V(NODE3_7_63),V(NODE3_7_64),V(NODE3_7_65),V(NODE3_7_66),V(NODE3_7_67),V(NODE3_7_68),V(NODE3_7_69),V(NODE3_7_70),V(NODE3_7_71),V(NODE3_7_72),V(NODE3_7_73),V(NODE3_7_74),V(NODE3_7_75),V(NODE3_7_76),V(NODE3_7_77),V(NODE3_7_78),V(NODE3_7_79),V(NODE3_7_80),V(NODE3_7_81),V(NODE3_7_82),V(NODE3_7_83),V(NODE3_7_84),V(NODE3_7_85),V(NODE3_7_86),V(NODE3_7_87),V(NODE3_7_88),V(NODE3_7_89),V(NODE3_7_90),V(NODE3_7_91),V(NODE3_7_92),V(NODE3_7_93),V(NODE3_7_94),V(NODE3_7_95),V(NODE3_7_96),V(NODE3_7_97),V(NODE3_7_98),V(NODE3_7_99),V(NODE3_8_0),V(NODE3_8_1),V(NODE3_8_2),V(NODE3_8_3),V(NODE3_8_4),V(NODE3_8_5),V(NODE3_8_6),V(NODE3_8_7),V(NODE3_8_8),V(NODE3_8_9),V(NODE3_8_10),V(NODE3_8_11),V(NODE3_8_12),V(NODE3_8_13),V(NODE3_8_14),V(NODE3_8_15),V(NODE3_8_16),V(NODE3_8_17),V(NODE3_8_18),V(NODE3_8_19),V(NODE3_8_20),V(NODE3_8_21),V(NODE3_8_22),V(NODE3_8_23),V(NODE3_8_24),V(NODE3_8_25),V(NODE3_8_26),V(NODE3_8_27),V(NODE3_8_28),V(NODE3_8_29),V(NODE3_8_30),V(NODE3_8_31),V(NODE3_8_32),V(NODE3_8_33),V(NODE3_8_34),V(NODE3_8_35),V(NODE3_8_36),V(NODE3_8_37),V(NODE3_8_38),V(NODE3_8_39),V(NODE3_8_40),V(NODE3_8_41),V(NODE3_8_42),V(NODE3_8_43),V(NODE3_8_44),V(NODE3_8_45),V(NODE3_8_46),V(NODE3_8_47),V(NODE3_8_48),V(NODE3_8_49),V(NODE3_8_50),V(NODE3_8_51),V(NODE3_8_52),V(NODE3_8_53),V(NODE3_8_54),V(NODE3_8_55),V(NODE3_8_56),V(NODE3_8_57),V(NODE3_8_58),V(NODE3_8_59),V(NODE3_8_60),V(NODE3_8_61),V(NODE3_8_62),V(NODE3_8_63),V(NODE3_8_64),V(NODE3_8_65),V(NODE3_8_66),V(NODE3_8_67),V(NODE3_8_68),V(NODE3_8_69),V(NODE3_8_70),V(NODE3_8_71),V(NODE3_8_72),V(NODE3_8_73),V(NODE3_8_74),V(NODE3_8_75),V(NODE3_8_76),V(NODE3_8_77),V(NODE3_8_78),V(NODE3_8_79),V(NODE3_8_80),V(NODE3_8_81),V(NODE3_8_82),V(NODE3_8_83),V(NODE3_8_84),V(NODE3_8_85),V(NODE3_8_86),V(NODE3_8_87),V(NODE3_8_88),V(NODE3_8_89),V(NODE3_8_90),V(NODE3_8_91),V(NODE3_8_92),V(NODE3_8_93),V(NODE3_8_94),V(NODE3_8_95),V(NODE3_8_96),V(NODE3_8_97),V(NODE3_8_98),V(NODE3_8_99),V(NODE3_9_0),V(NODE3_9_1),V(NODE3_9_2),V(NODE3_9_3),V(NODE3_9_4),V(NODE3_9_5),V(NODE3_9_6),V(NODE3_9_7),V(NODE3_9_8),V(NODE3_9_9),V(NODE3_9_10),V(NODE3_9_11),V(NODE3_9_12),V(NODE3_9_13),V(NODE3_9_14),V(NODE3_9_15),V(NODE3_9_16),V(NODE3_9_17),V(NODE3_9_18),V(NODE3_9_19),V(NODE3_9_20),V(NODE3_9_21),V(NODE3_9_22),V(NODE3_9_23),V(NODE3_9_24),V(NODE3_9_25),V(NODE3_9_26),V(NODE3_9_27),V(NODE3_9_28),V(NODE3_9_29),V(NODE3_9_30),V(NODE3_9_31),V(NODE3_9_32),V(NODE3_9_33),V(NODE3_9_34),V(NODE3_9_35),V(NODE3_9_36),V(NODE3_9_37),V(NODE3_9_38),V(NODE3_9_39),V(NODE3_9_40),V(NODE3_9_41),V(NODE3_9_42),V(NODE3_9_43),V(NODE3_9_44),V(NODE3_9_45),V(NODE3_9_46),V(NODE3_9_47),V(NODE3_9_48),V(NODE3_9_49),V(NODE3_9_50),V(NODE3_9_51),V(NODE3_9_52),V(NODE3_9_53),V(NODE3_9_54),V(NODE3_9_55),V(NODE3_9_56),V(NODE3_9_57),V(NODE3_9_58),V(NODE3_9_59),V(NODE3_9_60),V(NODE3_9_61),V(NODE3_9_62),V(NODE3_9_63),V(NODE3_9_64),V(NODE3_9_65),V(NODE3_9_66),V(NODE3_9_67),V(NODE3_9_68),V(NODE3_9_69),V(NODE3_9_70),V(NODE3_9_71),V(NODE3_9_72),V(NODE3_9_73),V(NODE3_9_74),V(NODE3_9_75),V(NODE3_9_76),V(NODE3_9_77),V(NODE3_9_78),V(NODE3_9_79),V(NODE3_9_80),V(NODE3_9_81),V(NODE3_9_82),V(NODE3_9_83),V(NODE3_9_84),V(NODE3_9_85),V(NODE3_9_86),V(NODE3_9_87),V(NODE3_9_88),V(NODE3_9_89),V(NODE3_9_90),V(NODE3_9_91),V(NODE3_9_92),V(NODE3_9_93),V(NODE3_9_94),V(NODE3_9_95),V(NODE3_9_96),V(NODE3_9_97),V(NODE3_9_98),V(NODE3_9_99),V(NODE3_10_0),V(NODE3_10_1),V(NODE3_10_2),V(NODE3_10_3),V(NODE3_10_4),V(NODE3_10_5),V(NODE3_10_6),V(NODE3_10_7),V(NODE3_10_8),V(NODE3_10_9),V(NODE3_10_10),V(NODE3_10_11),V(NODE3_10_12),V(NODE3_10_13),V(NODE3_10_14),V(NODE3_10_15),V(NODE3_10_16),V(NODE3_10_17),V(NODE3_10_18),V(NODE3_10_19),V(NODE3_10_20),V(NODE3_10_21),V(NODE3_10_22),V(NODE3_10_23),V(NODE3_10_24),V(NODE3_10_25),V(NODE3_10_26),V(NODE3_10_27),V(NODE3_10_28),V(NODE3_10_29),V(NODE3_10_30),V(NODE3_10_31),V(NODE3_10_32),V(NODE3_10_33),V(NODE3_10_34),V(NODE3_10_35),V(NODE3_10_36),V(NODE3_10_37),V(NODE3_10_38),V(NODE3_10_39),V(NODE3_10_40),V(NODE3_10_41),V(NODE3_10_42),V(NODE3_10_43),V(NODE3_10_44),V(NODE3_10_45),V(NODE3_10_46),V(NODE3_10_47),V(NODE3_10_48),V(NODE3_10_49),V(NODE3_10_50),V(NODE3_10_51),V(NODE3_10_52),V(NODE3_10_53),V(NODE3_10_54),V(NODE3_10_55),V(NODE3_10_56),V(NODE3_10_57),V(NODE3_10_58),V(NODE3_10_59),V(NODE3_10_60),V(NODE3_10_61),V(NODE3_10_62),V(NODE3_10_63),V(NODE3_10_64),V(NODE3_10_65),V(NODE3_10_66),V(NODE3_10_67),V(NODE3_10_68),V(NODE3_10_69),V(NODE3_10_70),V(NODE3_10_71),V(NODE3_10_72),V(NODE3_10_73),V(NODE3_10_74),V(NODE3_10_75),V(NODE3_10_76),V(NODE3_10_77),V(NODE3_10_78),V(NODE3_10_79),V(NODE3_10_80),V(NODE3_10_81),V(NODE3_10_82),V(NODE3_10_83),V(NODE3_10_84),V(NODE3_10_85),V(NODE3_10_86),V(NODE3_10_87),V(NODE3_10_88),V(NODE3_10_89),V(NODE3_10_90),V(NODE3_10_91),V(NODE3_10_92),V(NODE3_10_93),V(NODE3_10_94),V(NODE3_10_95),V(NODE3_10_96),V(NODE3_10_97),V(NODE3_10_98),V(NODE3_10_99),V(NODE3_11_0),V(NODE3_11_1),V(NODE3_11_2),V(NODE3_11_3),V(NODE3_11_4),V(NODE3_11_5),V(NODE3_11_6),V(NODE3_11_7),V(NODE3_11_8),V(NODE3_11_9),V(NODE3_11_10),V(NODE3_11_11),V(NODE3_11_12),V(NODE3_11_13),V(NODE3_11_14),V(NODE3_11_15),V(NODE3_11_16),V(NODE3_11_17),V(NODE3_11_18),V(NODE3_11_19),V(NODE3_11_20),V(NODE3_11_21),V(NODE3_11_22),V(NODE3_11_23),V(NODE3_11_24),V(NODE3_11_25),V(NODE3_11_26),V(NODE3_11_27),V(NODE3_11_28),V(NODE3_11_29),V(NODE3_11_30),V(NODE3_11_31),V(NODE3_11_32),V(NODE3_11_33),V(NODE3_11_34),V(NODE3_11_35),V(NODE3_11_36),V(NODE3_11_37),V(NODE3_11_38),V(NODE3_11_39),V(NODE3_11_40),V(NODE3_11_41),V(NODE3_11_42),V(NODE3_11_43),V(NODE3_11_44),V(NODE3_11_45),V(NODE3_11_46),V(NODE3_11_47),V(NODE3_11_48),V(NODE3_11_49),V(NODE3_11_50),V(NODE3_11_51),V(NODE3_11_52),V(NODE3_11_53),V(NODE3_11_54),V(NODE3_11_55),V(NODE3_11_56),V(NODE3_11_57),V(NODE3_11_58),V(NODE3_11_59),V(NODE3_11_60),V(NODE3_11_61),V(NODE3_11_62),V(NODE3_11_63),V(NODE3_11_64),V(NODE3_11_65),V(NODE3_11_66),V(NODE3_11_67),V(NODE3_11_68),V(NODE3_11_69),V(NODE3_11_70),V(NODE3_11_71),V(NODE3_11_72),V(NODE3_11_73),V(NODE3_11_74),V(NODE3_11_75),V(NODE3_11_76),V(NODE3_11_77),V(NODE3_11_78),V(NODE3_11_79),V(NODE3_11_80),V(NODE3_11_81),V(NODE3_11_82),V(NODE3_11_83),V(NODE3_11_84),V(NODE3_11_85),V(NODE3_11_86),V(NODE3_11_87),V(NODE3_11_88),V(NODE3_11_89),V(NODE3_11_90),V(NODE3_11_91),V(NODE3_11_92),V(NODE3_11_93),V(NODE3_11_94),V(NODE3_11_95),V(NODE3_11_96),V(NODE3_11_97),V(NODE3_11_98),V(NODE3_11_99),V(NODE3_12_0),V(NODE3_12_1),V(NODE3_12_2),V(NODE3_12_3),V(NODE3_12_4),V(NODE3_12_5),V(NODE3_12_6),V(NODE3_12_7),V(NODE3_12_8),V(NODE3_12_9),V(NODE3_12_10),V(NODE3_12_11),V(NODE3_12_12),V(NODE3_12_13),V(NODE3_12_14),V(NODE3_12_15),V(NODE3_12_16),V(NODE3_12_17),V(NODE3_12_18),V(NODE3_12_19),V(NODE3_12_20),V(NODE3_12_21),V(NODE3_12_22),V(NODE3_12_23),V(NODE3_12_24),V(NODE3_12_25),V(NODE3_12_26),V(NODE3_12_27),V(NODE3_12_28),V(NODE3_12_29),V(NODE3_12_30),V(NODE3_12_31),V(NODE3_12_32),V(NODE3_12_33),V(NODE3_12_34),V(NODE3_12_35),V(NODE3_12_36),V(NODE3_12_37),V(NODE3_12_38),V(NODE3_12_39),V(NODE3_12_40),V(NODE3_12_41),V(NODE3_12_42),V(NODE3_12_43),V(NODE3_12_44),V(NODE3_12_45),V(NODE3_12_46),V(NODE3_12_47),V(NODE3_12_48),V(NODE3_12_49),V(NODE3_12_50),V(NODE3_12_51),V(NODE3_12_52),V(NODE3_12_53),V(NODE3_12_54),V(NODE3_12_55),V(NODE3_12_56),V(NODE3_12_57),V(NODE3_12_58),V(NODE3_12_59),V(NODE3_12_60),V(NODE3_12_61),V(NODE3_12_62),V(NODE3_12_63),V(NODE3_12_64),V(NODE3_12_65),V(NODE3_12_66),V(NODE3_12_67),V(NODE3_12_68),V(NODE3_12_69),V(NODE3_12_70),V(NODE3_12_71),V(NODE3_12_72),V(NODE3_12_73),V(NODE3_12_74),V(NODE3_12_75),V(NODE3_12_76),V(NODE3_12_77),V(NODE3_12_78),V(NODE3_12_79),V(NODE3_12_80),V(NODE3_12_81),V(NODE3_12_82),V(NODE3_12_83),V(NODE3_12_84),V(NODE3_12_85),V(NODE3_12_86),V(NODE3_12_87),V(NODE3_12_88),V(NODE3_12_89),V(NODE3_12_90),V(NODE3_12_91),V(NODE3_12_92),V(NODE3_12_93),V(NODE3_12_94),V(NODE3_12_95),V(NODE3_12_96),V(NODE3_12_97),V(NODE3_12_98),V(NODE3_12_99),V(NODE3_13_0),V(NODE3_13_1),V(NODE3_13_2),V(NODE3_13_3),V(NODE3_13_4),V(NODE3_13_5),V(NODE3_13_6),V(NODE3_13_7),V(NODE3_13_8),V(NODE3_13_9),V(NODE3_13_10),V(NODE3_13_11),V(NODE3_13_12),V(NODE3_13_13),V(NODE3_13_14),V(NODE3_13_15),V(NODE3_13_16),V(NODE3_13_17),V(NODE3_13_18),V(NODE3_13_19),V(NODE3_13_20),V(NODE3_13_21),V(NODE3_13_22),V(NODE3_13_23),V(NODE3_13_24),V(NODE3_13_25),V(NODE3_13_26),V(NODE3_13_27),V(NODE3_13_28),V(NODE3_13_29),V(NODE3_13_30),V(NODE3_13_31),V(NODE3_13_32),V(NODE3_13_33),V(NODE3_13_34),V(NODE3_13_35),V(NODE3_13_36),V(NODE3_13_37),V(NODE3_13_38),V(NODE3_13_39),V(NODE3_13_40),V(NODE3_13_41),V(NODE3_13_42),V(NODE3_13_43),V(NODE3_13_44),V(NODE3_13_45),V(NODE3_13_46),V(NODE3_13_47),V(NODE3_13_48),V(NODE3_13_49),V(NODE3_13_50),V(NODE3_13_51),V(NODE3_13_52),V(NODE3_13_53),V(NODE3_13_54),V(NODE3_13_55),V(NODE3_13_56),V(NODE3_13_57),V(NODE3_13_58),V(NODE3_13_59),V(NODE3_13_60),V(NODE3_13_61),V(NODE3_13_62),V(NODE3_13_63),V(NODE3_13_64),V(NODE3_13_65),V(NODE3_13_66),V(NODE3_13_67),V(NODE3_13_68),V(NODE3_13_69),V(NODE3_13_70),V(NODE3_13_71),V(NODE3_13_72),V(NODE3_13_73),V(NODE3_13_74),V(NODE3_13_75),V(NODE3_13_76),V(NODE3_13_77),V(NODE3_13_78),V(NODE3_13_79),V(NODE3_13_80),V(NODE3_13_81),V(NODE3_13_82),V(NODE3_13_83),V(NODE3_13_84),V(NODE3_13_85),V(NODE3_13_86),V(NODE3_13_87),V(NODE3_13_88),V(NODE3_13_89),V(NODE3_13_90),V(NODE3_13_91),V(NODE3_13_92),V(NODE3_13_93),V(NODE3_13_94),V(NODE3_13_95),V(NODE3_13_96),V(NODE3_13_97),V(NODE3_13_98),V(NODE3_13_99),V(NODE3_14_0),V(NODE3_14_1),V(NODE3_14_2),V(NODE3_14_3),V(NODE3_14_4),V(NODE3_14_5),V(NODE3_14_6),V(NODE3_14_7),V(NODE3_14_8),V(NODE3_14_9),V(NODE3_14_10),V(NODE3_14_11),V(NODE3_14_12),V(NODE3_14_13),V(NODE3_14_14),V(NODE3_14_15),V(NODE3_14_16),V(NODE3_14_17),V(NODE3_14_18),V(NODE3_14_19),V(NODE3_14_20),V(NODE3_14_21),V(NODE3_14_22),V(NODE3_14_23),V(NODE3_14_24),V(NODE3_14_25),V(NODE3_14_26),V(NODE3_14_27),V(NODE3_14_28),V(NODE3_14_29),V(NODE3_14_30),V(NODE3_14_31),V(NODE3_14_32),V(NODE3_14_33),V(NODE3_14_34),V(NODE3_14_35),V(NODE3_14_36),V(NODE3_14_37),V(NODE3_14_38),V(NODE3_14_39),V(NODE3_14_40),V(NODE3_14_41),V(NODE3_14_42),V(NODE3_14_43),V(NODE3_14_44),V(NODE3_14_45),V(NODE3_14_46),V(NODE3_14_47),V(NODE3_14_48),V(NODE3_14_49),V(NODE3_14_50),V(NODE3_14_51),V(NODE3_14_52),V(NODE3_14_53),V(NODE3_14_54),V(NODE3_14_55),V(NODE3_14_56),V(NODE3_14_57),V(NODE3_14_58),V(NODE3_14_59),V(NODE3_14_60),V(NODE3_14_61),V(NODE3_14_62),V(NODE3_14_63),V(NODE3_14_64),V(NODE3_14_65),V(NODE3_14_66),V(NODE3_14_67),V(NODE3_14_68),V(NODE3_14_69),V(NODE3_14_70),V(NODE3_14_71),V(NODE3_14_72),V(NODE3_14_73),V(NODE3_14_74),V(NODE3_14_75),V(NODE3_14_76),V(NODE3_14_77),V(NODE3_14_78),V(NODE3_14_79),V(NODE3_14_80),V(NODE3_14_81),V(NODE3_14_82),V(NODE3_14_83),V(NODE3_14_84),V(NODE3_14_85),V(NODE3_14_86),V(NODE3_14_87),V(NODE3_14_88),V(NODE3_14_89),V(NODE3_14_90),V(NODE3_14_91),V(NODE3_14_92),V(NODE3_14_93),V(NODE3_14_94),V(NODE3_14_95),V(NODE3_14_96),V(NODE3_14_97),V(NODE3_14_98),V(NODE3_14_99),V(NODE3_15_0),V(NODE3_15_1),V(NODE3_15_2),V(NODE3_15_3),V(NODE3_15_4),V(NODE3_15_5),V(NODE3_15_6),V(NODE3_15_7),V(NODE3_15_8),V(NODE3_15_9),V(NODE3_15_10),V(NODE3_15_11),V(NODE3_15_12),V(NODE3_15_13),V(NODE3_15_14),V(NODE3_15_15),V(NODE3_15_16),V(NODE3_15_17),V(NODE3_15_18),V(NODE3_15_19),V(NODE3_15_20),V(NODE3_15_21),V(NODE3_15_22),V(NODE3_15_23),V(NODE3_15_24),V(NODE3_15_25),V(NODE3_15_26),V(NODE3_15_27),V(NODE3_15_28),V(NODE3_15_29),V(NODE3_15_30),V(NODE3_15_31),V(NODE3_15_32),V(NODE3_15_33),V(NODE3_15_34),V(NODE3_15_35),V(NODE3_15_36),V(NODE3_15_37),V(NODE3_15_38),V(NODE3_15_39),V(NODE3_15_40),V(NODE3_15_41),V(NODE3_15_42),V(NODE3_15_43),V(NODE3_15_44),V(NODE3_15_45),V(NODE3_15_46),V(NODE3_15_47),V(NODE3_15_48),V(NODE3_15_49),V(NODE3_15_50),V(NODE3_15_51),V(NODE3_15_52),V(NODE3_15_53),V(NODE3_15_54),V(NODE3_15_55),V(NODE3_15_56),V(NODE3_15_57),V(NODE3_15_58),V(NODE3_15_59),V(NODE3_15_60),V(NODE3_15_61),V(NODE3_15_62),V(NODE3_15_63),V(NODE3_15_64),V(NODE3_15_65),V(NODE3_15_66),V(NODE3_15_67),V(NODE3_15_68),V(NODE3_15_69),V(NODE3_15_70),V(NODE3_15_71),V(NODE3_15_72),V(NODE3_15_73),V(NODE3_15_74),V(NODE3_15_75),V(NODE3_15_76),V(NODE3_15_77),V(NODE3_15_78),V(NODE3_15_79),V(NODE3_15_80),V(NODE3_15_81),V(NODE3_15_82),V(NODE3_15_83),V(NODE3_15_84),V(NODE3_15_85),V(NODE3_15_86),V(NODE3_15_87),V(NODE3_15_88),V(NODE3_15_89),V(NODE3_15_90),V(NODE3_15_91),V(NODE3_15_92),V(NODE3_15_93),V(NODE3_15_94),V(NODE3_15_95),V(NODE3_15_96),V(NODE3_15_97),V(NODE3_15_98),V(NODE3_15_99),V(NODE3_16_0),V(NODE3_16_1),V(NODE3_16_2),V(NODE3_16_3),V(NODE3_16_4),V(NODE3_16_5),V(NODE3_16_6),V(NODE3_16_7),V(NODE3_16_8),V(NODE3_16_9),V(NODE3_16_10),V(NODE3_16_11),V(NODE3_16_12),V(NODE3_16_13),V(NODE3_16_14),V(NODE3_16_15),V(NODE3_16_16),V(NODE3_16_17),V(NODE3_16_18),V(NODE3_16_19),V(NODE3_16_20),V(NODE3_16_21),V(NODE3_16_22),V(NODE3_16_23),V(NODE3_16_24),V(NODE3_16_25),V(NODE3_16_26),V(NODE3_16_27),V(NODE3_16_28),V(NODE3_16_29),V(NODE3_16_30),V(NODE3_16_31),V(NODE3_16_32),V(NODE3_16_33),V(NODE3_16_34),V(NODE3_16_35),V(NODE3_16_36),V(NODE3_16_37),V(NODE3_16_38),V(NODE3_16_39),V(NODE3_16_40),V(NODE3_16_41),V(NODE3_16_42),V(NODE3_16_43),V(NODE3_16_44),V(NODE3_16_45),V(NODE3_16_46),V(NODE3_16_47),V(NODE3_16_48),V(NODE3_16_49),V(NODE3_16_50),V(NODE3_16_51),V(NODE3_16_52),V(NODE3_16_53),V(NODE3_16_54),V(NODE3_16_55),V(NODE3_16_56),V(NODE3_16_57),V(NODE3_16_58),V(NODE3_16_59),V(NODE3_16_60),V(NODE3_16_61),V(NODE3_16_62),V(NODE3_16_63),V(NODE3_16_64),V(NODE3_16_65),V(NODE3_16_66),V(NODE3_16_67),V(NODE3_16_68),V(NODE3_16_69),V(NODE3_16_70),V(NODE3_16_71),V(NODE3_16_72),V(NODE3_16_73),V(NODE3_16_74),V(NODE3_16_75),V(NODE3_16_76),V(NODE3_16_77),V(NODE3_16_78),V(NODE3_16_79),V(NODE3_16_80),V(NODE3_16_81),V(NODE3_16_82),V(NODE3_16_83),V(NODE3_16_84),V(NODE3_16_85),V(NODE3_16_86),V(NODE3_16_87),V(NODE3_16_88),V(NODE3_16_89),V(NODE3_16_90),V(NODE3_16_91),V(NODE3_16_92),V(NODE3_16_93),V(NODE3_16_94),V(NODE3_16_95),V(NODE3_16_96),V(NODE3_16_97),V(NODE3_16_98),V(NODE3_16_99),V(NODE3_17_0),V(NODE3_17_1),V(NODE3_17_2),V(NODE3_17_3),V(NODE3_17_4),V(NODE3_17_5),V(NODE3_17_6),V(NODE3_17_7),V(NODE3_17_8),V(NODE3_17_9),V(NODE3_17_10),V(NODE3_17_11),V(NODE3_17_12),V(NODE3_17_13),V(NODE3_17_14),V(NODE3_17_15),V(NODE3_17_16),V(NODE3_17_17),V(NODE3_17_18),V(NODE3_17_19),V(NODE3_17_20),V(NODE3_17_21),V(NODE3_17_22),V(NODE3_17_23),V(NODE3_17_24),V(NODE3_17_25),V(NODE3_17_26),V(NODE3_17_27),V(NODE3_17_28),V(NODE3_17_29),V(NODE3_17_30),V(NODE3_17_31),V(NODE3_17_32),V(NODE3_17_33),V(NODE3_17_34),V(NODE3_17_35),V(NODE3_17_36),V(NODE3_17_37),V(NODE3_17_38),V(NODE3_17_39),V(NODE3_17_40),V(NODE3_17_41),V(NODE3_17_42),V(NODE3_17_43),V(NODE3_17_44),V(NODE3_17_45),V(NODE3_17_46),V(NODE3_17_47),V(NODE3_17_48),V(NODE3_17_49),V(NODE3_17_50),V(NODE3_17_51),V(NODE3_17_52),V(NODE3_17_53),V(NODE3_17_54),V(NODE3_17_55),V(NODE3_17_56),V(NODE3_17_57),V(NODE3_17_58),V(NODE3_17_59),V(NODE3_17_60),V(NODE3_17_61),V(NODE3_17_62),V(NODE3_17_63),V(NODE3_17_64),V(NODE3_17_65),V(NODE3_17_66),V(NODE3_17_67),V(NODE3_17_68),V(NODE3_17_69),V(NODE3_17_70),V(NODE3_17_71),V(NODE3_17_72),V(NODE3_17_73),V(NODE3_17_74),V(NODE3_17_75),V(NODE3_17_76),V(NODE3_17_77),V(NODE3_17_78),V(NODE3_17_79),V(NODE3_17_80),V(NODE3_17_81),V(NODE3_17_82),V(NODE3_17_83),V(NODE3_17_84),V(NODE3_17_85),V(NODE3_17_86),V(NODE3_17_87),V(NODE3_17_88),V(NODE3_17_89),V(NODE3_17_90),V(NODE3_17_91),V(NODE3_17_92),V(NODE3_17_93),V(NODE3_17_94),V(NODE3_17_95),V(NODE3_17_96),V(NODE3_17_97),V(NODE3_17_98),V(NODE3_17_99),V(NODE3_18_0),V(NODE3_18_1),V(NODE3_18_2),V(NODE3_18_3),V(NODE3_18_4),V(NODE3_18_5),V(NODE3_18_6),V(NODE3_18_7),V(NODE3_18_8),V(NODE3_18_9),V(NODE3_18_10),V(NODE3_18_11),V(NODE3_18_12),V(NODE3_18_13),V(NODE3_18_14),V(NODE3_18_15),V(NODE3_18_16),V(NODE3_18_17),V(NODE3_18_18),V(NODE3_18_19),V(NODE3_18_20),V(NODE3_18_21),V(NODE3_18_22),V(NODE3_18_23),V(NODE3_18_24),V(NODE3_18_25),V(NODE3_18_26),V(NODE3_18_27),V(NODE3_18_28),V(NODE3_18_29),V(NODE3_18_30),V(NODE3_18_31),V(NODE3_18_32),V(NODE3_18_33),V(NODE3_18_34),V(NODE3_18_35),V(NODE3_18_36),V(NODE3_18_37),V(NODE3_18_38),V(NODE3_18_39),V(NODE3_18_40),V(NODE3_18_41),V(NODE3_18_42),V(NODE3_18_43),V(NODE3_18_44),V(NODE3_18_45),V(NODE3_18_46),V(NODE3_18_47),V(NODE3_18_48),V(NODE3_18_49),V(NODE3_18_50),V(NODE3_18_51),V(NODE3_18_52),V(NODE3_18_53),V(NODE3_18_54),V(NODE3_18_55),V(NODE3_18_56),V(NODE3_18_57),V(NODE3_18_58),V(NODE3_18_59),V(NODE3_18_60),V(NODE3_18_61),V(NODE3_18_62),V(NODE3_18_63),V(NODE3_18_64),V(NODE3_18_65),V(NODE3_18_66),V(NODE3_18_67),V(NODE3_18_68),V(NODE3_18_69),V(NODE3_18_70),V(NODE3_18_71),V(NODE3_18_72),V(NODE3_18_73),V(NODE3_18_74),V(NODE3_18_75),V(NODE3_18_76),V(NODE3_18_77),V(NODE3_18_78),V(NODE3_18_79),V(NODE3_18_80),V(NODE3_18_81),V(NODE3_18_82),V(NODE3_18_83),V(NODE3_18_84),V(NODE3_18_85),V(NODE3_18_86),V(NODE3_18_87),V(NODE3_18_88),V(NODE3_18_89),V(NODE3_18_90),V(NODE3_18_91),V(NODE3_18_92),V(NODE3_18_93),V(NODE3_18_94),V(NODE3_18_95),V(NODE3_18_96),V(NODE3_18_97),V(NODE3_18_98),V(NODE3_18_99),V(NODE3_19_0),V(NODE3_19_1),V(NODE3_19_2),V(NODE3_19_3),V(NODE3_19_4),V(NODE3_19_5),V(NODE3_19_6),V(NODE3_19_7),V(NODE3_19_8),V(NODE3_19_9),V(NODE3_19_10),V(NODE3_19_11),V(NODE3_19_12),V(NODE3_19_13),V(NODE3_19_14),V(NODE3_19_15),V(NODE3_19_16),V(NODE3_19_17),V(NODE3_19_18),V(NODE3_19_19),V(NODE3_19_20),V(NODE3_19_21),V(NODE3_19_22),V(NODE3_19_23),V(NODE3_19_24),V(NODE3_19_25),V(NODE3_19_26),V(NODE3_19_27),V(NODE3_19_28),V(NODE3_19_29),V(NODE3_19_30),V(NODE3_19_31),V(NODE3_19_32),V(NODE3_19_33),V(NODE3_19_34),V(NODE3_19_35),V(NODE3_19_36),V(NODE3_19_37),V(NODE3_19_38),V(NODE3_19_39),V(NODE3_19_40),V(NODE3_19_41),V(NODE3_19_42),V(NODE3_19_43),V(NODE3_19_44),V(NODE3_19_45),V(NODE3_19_46),V(NODE3_19_47),V(NODE3_19_48),V(NODE3_19_49),V(NODE3_19_50),V(NODE3_19_51),V(NODE3_19_52),V(NODE3_19_53),V(NODE3_19_54),V(NODE3_19_55),V(NODE3_19_56),V(NODE3_19_57),V(NODE3_19_58),V(NODE3_19_59),V(NODE3_19_60),V(NODE3_19_61),V(NODE3_19_62),V(NODE3_19_63),V(NODE3_19_64),V(NODE3_19_65),V(NODE3_19_66),V(NODE3_19_67),V(NODE3_19_68),V(NODE3_19_69),V(NODE3_19_70),V(NODE3_19_71),V(NODE3_19_72),V(NODE3_19_73),V(NODE3_19_74),V(NODE3_19_75),V(NODE3_19_76),V(NODE3_19_77),V(NODE3_19_78),V(NODE3_19_79),V(NODE3_19_80),V(NODE3_19_81),V(NODE3_19_82),V(NODE3_19_83),V(NODE3_19_84),V(NODE3_19_85),V(NODE3_19_86),V(NODE3_19_87),V(NODE3_19_88),V(NODE3_19_89),V(NODE3_19_90),V(NODE3_19_91),V(NODE3_19_92),V(NODE3_19_93),V(NODE3_19_94),V(NODE3_19_95),V(NODE3_19_96),V(NODE3_19_97),V(NODE3_19_98),V(NODE3_19_99),V(NODE3_20_0),V(NODE3_20_1),V(NODE3_20_2),V(NODE3_20_3),V(NODE3_20_4),V(NODE3_20_5),V(NODE3_20_6),V(NODE3_20_7),V(NODE3_20_8),V(NODE3_20_9),V(NODE3_20_10),V(NODE3_20_11),V(NODE3_20_12),V(NODE3_20_13),V(NODE3_20_14),V(NODE3_20_15),V(NODE3_20_16),V(NODE3_20_17),V(NODE3_20_18),V(NODE3_20_19),V(NODE3_20_20),V(NODE3_20_21),V(NODE3_20_22),V(NODE3_20_23),V(NODE3_20_24),V(NODE3_20_25),V(NODE3_20_26),V(NODE3_20_27),V(NODE3_20_28),V(NODE3_20_29),V(NODE3_20_30),V(NODE3_20_31),V(NODE3_20_32),V(NODE3_20_33),V(NODE3_20_34),V(NODE3_20_35),V(NODE3_20_36),V(NODE3_20_37),V(NODE3_20_38),V(NODE3_20_39),V(NODE3_20_40),V(NODE3_20_41),V(NODE3_20_42),V(NODE3_20_43),V(NODE3_20_44),V(NODE3_20_45),V(NODE3_20_46),V(NODE3_20_47),V(NODE3_20_48),V(NODE3_20_49),V(NODE3_20_50),V(NODE3_20_51),V(NODE3_20_52),V(NODE3_20_53),V(NODE3_20_54),V(NODE3_20_55),V(NODE3_20_56),V(NODE3_20_57),V(NODE3_20_58),V(NODE3_20_59),V(NODE3_20_60),V(NODE3_20_61),V(NODE3_20_62),V(NODE3_20_63),V(NODE3_20_64),V(NODE3_20_65),V(NODE3_20_66),V(NODE3_20_67),V(NODE3_20_68),V(NODE3_20_69),V(NODE3_20_70),V(NODE3_20_71),V(NODE3_20_72),V(NODE3_20_73),V(NODE3_20_74),V(NODE3_20_75),V(NODE3_20_76),V(NODE3_20_77),V(NODE3_20_78),V(NODE3_20_79),V(NODE3_20_80),V(NODE3_20_81),V(NODE3_20_82),V(NODE3_20_83),V(NODE3_20_84),V(NODE3_20_85),V(NODE3_20_86),V(NODE3_20_87),V(NODE3_20_88),V(NODE3_20_89),V(NODE3_20_90),V(NODE3_20_91),V(NODE3_20_92),V(NODE3_20_93),V(NODE3_20_94),V(NODE3_20_95),V(NODE3_20_96),V(NODE3_20_97),V(NODE3_20_98),V(NODE3_20_99),V(NODE3_21_0),V(NODE3_21_1),V(NODE3_21_2),V(NODE3_21_3),V(NODE3_21_4),V(NODE3_21_5),V(NODE3_21_6),V(NODE3_21_7),V(NODE3_21_8),V(NODE3_21_9),V(NODE3_21_10),V(NODE3_21_11),V(NODE3_21_12),V(NODE3_21_13),V(NODE3_21_14),V(NODE3_21_15),V(NODE3_21_16),V(NODE3_21_17),V(NODE3_21_18),V(NODE3_21_19),V(NODE3_21_20),V(NODE3_21_21),V(NODE3_21_22),V(NODE3_21_23),V(NODE3_21_24),V(NODE3_21_25),V(NODE3_21_26),V(NODE3_21_27),V(NODE3_21_28),V(NODE3_21_29),V(NODE3_21_30),V(NODE3_21_31),V(NODE3_21_32),V(NODE3_21_33),V(NODE3_21_34),V(NODE3_21_35),V(NODE3_21_36),V(NODE3_21_37),V(NODE3_21_38),V(NODE3_21_39),V(NODE3_21_40),V(NODE3_21_41),V(NODE3_21_42),V(NODE3_21_43),V(NODE3_21_44),V(NODE3_21_45),V(NODE3_21_46),V(NODE3_21_47),V(NODE3_21_48),V(NODE3_21_49),V(NODE3_21_50),V(NODE3_21_51),V(NODE3_21_52),V(NODE3_21_53),V(NODE3_21_54),V(NODE3_21_55),V(NODE3_21_56),V(NODE3_21_57),V(NODE3_21_58),V(NODE3_21_59),V(NODE3_21_60),V(NODE3_21_61),V(NODE3_21_62),V(NODE3_21_63),V(NODE3_21_64),V(NODE3_21_65),V(NODE3_21_66),V(NODE3_21_67),V(NODE3_21_68),V(NODE3_21_69),V(NODE3_21_70),V(NODE3_21_71),V(NODE3_21_72),V(NODE3_21_73),V(NODE3_21_74),V(NODE3_21_75),V(NODE3_21_76),V(NODE3_21_77),V(NODE3_21_78),V(NODE3_21_79),V(NODE3_21_80),V(NODE3_21_81),V(NODE3_21_82),V(NODE3_21_83),V(NODE3_21_84),V(NODE3_21_85),V(NODE3_21_86),V(NODE3_21_87),V(NODE3_21_88),V(NODE3_21_89),V(NODE3_21_90),V(NODE3_21_91),V(NODE3_21_92),V(NODE3_21_93),V(NODE3_21_94),V(NODE3_21_95),V(NODE3_21_96),V(NODE3_21_97),V(NODE3_21_98),V(NODE3_21_99),V(NODE3_22_0),V(NODE3_22_1),V(NODE3_22_2),V(NODE3_22_3),V(NODE3_22_4),V(NODE3_22_5),V(NODE3_22_6),V(NODE3_22_7),V(NODE3_22_8),V(NODE3_22_9),V(NODE3_22_10),V(NODE3_22_11),V(NODE3_22_12),V(NODE3_22_13),V(NODE3_22_14),V(NODE3_22_15),V(NODE3_22_16),V(NODE3_22_17),V(NODE3_22_18),V(NODE3_22_19),V(NODE3_22_20),V(NODE3_22_21),V(NODE3_22_22),V(NODE3_22_23),V(NODE3_22_24),V(NODE3_22_25),V(NODE3_22_26),V(NODE3_22_27),V(NODE3_22_28),V(NODE3_22_29),V(NODE3_22_30),V(NODE3_22_31),V(NODE3_22_32),V(NODE3_22_33),V(NODE3_22_34),V(NODE3_22_35),V(NODE3_22_36),V(NODE3_22_37),V(NODE3_22_38),V(NODE3_22_39),V(NODE3_22_40),V(NODE3_22_41),V(NODE3_22_42),V(NODE3_22_43),V(NODE3_22_44),V(NODE3_22_45),V(NODE3_22_46),V(NODE3_22_47),V(NODE3_22_48),V(NODE3_22_49),V(NODE3_22_50),V(NODE3_22_51),V(NODE3_22_52),V(NODE3_22_53),V(NODE3_22_54),V(NODE3_22_55),V(NODE3_22_56),V(NODE3_22_57),V(NODE3_22_58),V(NODE3_22_59),V(NODE3_22_60),V(NODE3_22_61),V(NODE3_22_62),V(NODE3_22_63),V(NODE3_22_64),V(NODE3_22_65),V(NODE3_22_66),V(NODE3_22_67),V(NODE3_22_68),V(NODE3_22_69),V(NODE3_22_70),V(NODE3_22_71),V(NODE3_22_72),V(NODE3_22_73),V(NODE3_22_74),V(NODE3_22_75),V(NODE3_22_76),V(NODE3_22_77),V(NODE3_22_78),V(NODE3_22_79),V(NODE3_22_80),V(NODE3_22_81),V(NODE3_22_82),V(NODE3_22_83),V(NODE3_22_84),V(NODE3_22_85),V(NODE3_22_86),V(NODE3_22_87),V(NODE3_22_88),V(NODE3_22_89),V(NODE3_22_90),V(NODE3_22_91),V(NODE3_22_92),V(NODE3_22_93),V(NODE3_22_94),V(NODE3_22_95),V(NODE3_22_96),V(NODE3_22_97),V(NODE3_22_98),V(NODE3_22_99),V(NODE3_23_0),V(NODE3_23_1),V(NODE3_23_2),V(NODE3_23_3),V(NODE3_23_4),V(NODE3_23_5),V(NODE3_23_6),V(NODE3_23_7),V(NODE3_23_8),V(NODE3_23_9),V(NODE3_23_10),V(NODE3_23_11),V(NODE3_23_12),V(NODE3_23_13),V(NODE3_23_14),V(NODE3_23_15),V(NODE3_23_16),V(NODE3_23_17),V(NODE3_23_18),V(NODE3_23_19),V(NODE3_23_20),V(NODE3_23_21),V(NODE3_23_22),V(NODE3_23_23),V(NODE3_23_24),V(NODE3_23_25),V(NODE3_23_26),V(NODE3_23_27),V(NODE3_23_28),V(NODE3_23_29),V(NODE3_23_30),V(NODE3_23_31),V(NODE3_23_32),V(NODE3_23_33),V(NODE3_23_34),V(NODE3_23_35),V(NODE3_23_36),V(NODE3_23_37),V(NODE3_23_38),V(NODE3_23_39),V(NODE3_23_40),V(NODE3_23_41),V(NODE3_23_42),V(NODE3_23_43),V(NODE3_23_44),V(NODE3_23_45),V(NODE3_23_46),V(NODE3_23_47),V(NODE3_23_48),V(NODE3_23_49),V(NODE3_23_50),V(NODE3_23_51),V(NODE3_23_52),V(NODE3_23_53),V(NODE3_23_54),V(NODE3_23_55),V(NODE3_23_56),V(NODE3_23_57),V(NODE3_23_58),V(NODE3_23_59),V(NODE3_23_60),V(NODE3_23_61),V(NODE3_23_62),V(NODE3_23_63),V(NODE3_23_64),V(NODE3_23_65),V(NODE3_23_66),V(NODE3_23_67),V(NODE3_23_68),V(NODE3_23_69),V(NODE3_23_70),V(NODE3_23_71),V(NODE3_23_72),V(NODE3_23_73),V(NODE3_23_74),V(NODE3_23_75),V(NODE3_23_76),V(NODE3_23_77),V(NODE3_23_78),V(NODE3_23_79),V(NODE3_23_80),V(NODE3_23_81),V(NODE3_23_82),V(NODE3_23_83),V(NODE3_23_84),V(NODE3_23_85),V(NODE3_23_86),V(NODE3_23_87),V(NODE3_23_88),V(NODE3_23_89),V(NODE3_23_90),V(NODE3_23_91),V(NODE3_23_92),V(NODE3_23_93),V(NODE3_23_94),V(NODE3_23_95),V(NODE3_23_96),V(NODE3_23_97),V(NODE3_23_98),V(NODE3_23_99),V(NODE3_24_0),V(NODE3_24_1),V(NODE3_24_2),V(NODE3_24_3),V(NODE3_24_4),V(NODE3_24_5),V(NODE3_24_6),V(NODE3_24_7),V(NODE3_24_8),V(NODE3_24_9),V(NODE3_24_10),V(NODE3_24_11),V(NODE3_24_12),V(NODE3_24_13),V(NODE3_24_14),V(NODE3_24_15),V(NODE3_24_16),V(NODE3_24_17),V(NODE3_24_18),V(NODE3_24_19),V(NODE3_24_20),V(NODE3_24_21),V(NODE3_24_22),V(NODE3_24_23),V(NODE3_24_24),V(NODE3_24_25),V(NODE3_24_26),V(NODE3_24_27),V(NODE3_24_28),V(NODE3_24_29),V(NODE3_24_30),V(NODE3_24_31),V(NODE3_24_32),V(NODE3_24_33),V(NODE3_24_34),V(NODE3_24_35),V(NODE3_24_36),V(NODE3_24_37),V(NODE3_24_38),V(NODE3_24_39),V(NODE3_24_40),V(NODE3_24_41),V(NODE3_24_42),V(NODE3_24_43),V(NODE3_24_44),V(NODE3_24_45),V(NODE3_24_46),V(NODE3_24_47),V(NODE3_24_48),V(NODE3_24_49),V(NODE3_24_50),V(NODE3_24_51),V(NODE3_24_52),V(NODE3_24_53),V(NODE3_24_54),V(NODE3_24_55),V(NODE3_24_56),V(NODE3_24_57),V(NODE3_24_58),V(NODE3_24_59),V(NODE3_24_60),V(NODE3_24_61),V(NODE3_24_62),V(NODE3_24_63),V(NODE3_24_64),V(NODE3_24_65),V(NODE3_24_66),V(NODE3_24_67),V(NODE3_24_68),V(NODE3_24_69),V(NODE3_24_70),V(NODE3_24_71),V(NODE3_24_72),V(NODE3_24_73),V(NODE3_24_74),V(NODE3_24_75),V(NODE3_24_76),V(NODE3_24_77),V(NODE3_24_78),V(NODE3_24_79),V(NODE3_24_80),V(NODE3_24_81),V(NODE3_24_82),V(NODE3_24_83),V(NODE3_24_84),V(NODE3_24_85),V(NODE3_24_86),V(NODE3_24_87),V(NODE3_24_88),V(NODE3_24_89),V(NODE3_24_90),V(NODE3_24_91),V(NODE3_24_92),V(NODE3_24_93),V(NODE3_24_94),V(NODE3_24_95),V(NODE3_24_96),V(NODE3_24_97),V(NODE3_24_98),V(NODE3_24_99),V(NODE3_25_0),V(NODE3_25_1),V(NODE3_25_2),V(NODE3_25_3),V(NODE3_25_4),V(NODE3_25_5),V(NODE3_25_6),V(NODE3_25_7),V(NODE3_25_8),V(NODE3_25_9),V(NODE3_25_10),V(NODE3_25_11),V(NODE3_25_12),V(NODE3_25_13),V(NODE3_25_14),V(NODE3_25_15),V(NODE3_25_16),V(NODE3_25_17),V(NODE3_25_18),V(NODE3_25_19),V(NODE3_25_20),V(NODE3_25_21),V(NODE3_25_22),V(NODE3_25_23),V(NODE3_25_24),V(NODE3_25_25),V(NODE3_25_26),V(NODE3_25_27),V(NODE3_25_28),V(NODE3_25_29),V(NODE3_25_30),V(NODE3_25_31),V(NODE3_25_32),V(NODE3_25_33),V(NODE3_25_34),V(NODE3_25_35),V(NODE3_25_36),V(NODE3_25_37),V(NODE3_25_38),V(NODE3_25_39),V(NODE3_25_40),V(NODE3_25_41),V(NODE3_25_42),V(NODE3_25_43),V(NODE3_25_44),V(NODE3_25_45),V(NODE3_25_46),V(NODE3_25_47),V(NODE3_25_48),V(NODE3_25_49),V(NODE3_25_50),V(NODE3_25_51),V(NODE3_25_52),V(NODE3_25_53),V(NODE3_25_54),V(NODE3_25_55),V(NODE3_25_56),V(NODE3_25_57),V(NODE3_25_58),V(NODE3_25_59),V(NODE3_25_60),V(NODE3_25_61),V(NODE3_25_62),V(NODE3_25_63),V(NODE3_25_64),V(NODE3_25_65),V(NODE3_25_66),V(NODE3_25_67),V(NODE3_25_68),V(NODE3_25_69),V(NODE3_25_70),V(NODE3_25_71),V(NODE3_25_72),V(NODE3_25_73),V(NODE3_25_74),V(NODE3_25_75),V(NODE3_25_76),V(NODE3_25_77),V(NODE3_25_78),V(NODE3_25_79),V(NODE3_25_80),V(NODE3_25_81),V(NODE3_25_82),V(NODE3_25_83),V(NODE3_25_84),V(NODE3_25_85),V(NODE3_25_86),V(NODE3_25_87),V(NODE3_25_88),V(NODE3_25_89),V(NODE3_25_90),V(NODE3_25_91),V(NODE3_25_92),V(NODE3_25_93),V(NODE3_25_94),V(NODE3_25_95),V(NODE3_25_96),V(NODE3_25_97),V(NODE3_25_98),V(NODE3_25_99),V(NODE3_26_0),V(NODE3_26_1),V(NODE3_26_2),V(NODE3_26_3),V(NODE3_26_4),V(NODE3_26_5),V(NODE3_26_6),V(NODE3_26_7),V(NODE3_26_8),V(NODE3_26_9),V(NODE3_26_10),V(NODE3_26_11),V(NODE3_26_12),V(NODE3_26_13),V(NODE3_26_14),V(NODE3_26_15),V(NODE3_26_16),V(NODE3_26_17),V(NODE3_26_18),V(NODE3_26_19),V(NODE3_26_20),V(NODE3_26_21),V(NODE3_26_22),V(NODE3_26_23),V(NODE3_26_24),V(NODE3_26_25),V(NODE3_26_26),V(NODE3_26_27),V(NODE3_26_28),V(NODE3_26_29),V(NODE3_26_30),V(NODE3_26_31),V(NODE3_26_32),V(NODE3_26_33),V(NODE3_26_34),V(NODE3_26_35),V(NODE3_26_36),V(NODE3_26_37),V(NODE3_26_38),V(NODE3_26_39),V(NODE3_26_40),V(NODE3_26_41),V(NODE3_26_42),V(NODE3_26_43),V(NODE3_26_44),V(NODE3_26_45),V(NODE3_26_46),V(NODE3_26_47),V(NODE3_26_48),V(NODE3_26_49),V(NODE3_26_50),V(NODE3_26_51),V(NODE3_26_52),V(NODE3_26_53),V(NODE3_26_54),V(NODE3_26_55),V(NODE3_26_56),V(NODE3_26_57),V(NODE3_26_58),V(NODE3_26_59),V(NODE3_26_60),V(NODE3_26_61),V(NODE3_26_62),V(NODE3_26_63),V(NODE3_26_64),V(NODE3_26_65),V(NODE3_26_66),V(NODE3_26_67),V(NODE3_26_68),V(NODE3_26_69),V(NODE3_26_70),V(NODE3_26_71),V(NODE3_26_72),V(NODE3_26_73),V(NODE3_26_74),V(NODE3_26_75),V(NODE3_26_76),V(NODE3_26_77),V(NODE3_26_78),V(NODE3_26_79),V(NODE3_26_80),V(NODE3_26_81),V(NODE3_26_82),V(NODE3_26_83),V(NODE3_26_84),V(NODE3_26_85),V(NODE3_26_86),V(NODE3_26_87),V(NODE3_26_88),V(NODE3_26_89),V(NODE3_26_90),V(NODE3_26_91),V(NODE3_26_92),V(NODE3_26_93),V(NODE3_26_94),V(NODE3_26_95),V(NODE3_26_96),V(NODE3_26_97),V(NODE3_26_98),V(NODE3_26_99),V(NODE3_27_0),V(NODE3_27_1),V(NODE3_27_2),V(NODE3_27_3),V(NODE3_27_4),V(NODE3_27_5),V(NODE3_27_6),V(NODE3_27_7),V(NODE3_27_8),V(NODE3_27_9),V(NODE3_27_10),V(NODE3_27_11),V(NODE3_27_12),V(NODE3_27_13),V(NODE3_27_14),V(NODE3_27_15),V(NODE3_27_16),V(NODE3_27_17),V(NODE3_27_18),V(NODE3_27_19),V(NODE3_27_20),V(NODE3_27_21),V(NODE3_27_22),V(NODE3_27_23),V(NODE3_27_24),V(NODE3_27_25),V(NODE3_27_26),V(NODE3_27_27),V(NODE3_27_28),V(NODE3_27_29),V(NODE3_27_30),V(NODE3_27_31),V(NODE3_27_32),V(NODE3_27_33),V(NODE3_27_34),V(NODE3_27_35),V(NODE3_27_36),V(NODE3_27_37),V(NODE3_27_38),V(NODE3_27_39),V(NODE3_27_40),V(NODE3_27_41),V(NODE3_27_42),V(NODE3_27_43),V(NODE3_27_44),V(NODE3_27_45),V(NODE3_27_46),V(NODE3_27_47),V(NODE3_27_48),V(NODE3_27_49),V(NODE3_27_50),V(NODE3_27_51),V(NODE3_27_52),V(NODE3_27_53),V(NODE3_27_54),V(NODE3_27_55),V(NODE3_27_56),V(NODE3_27_57),V(NODE3_27_58),V(NODE3_27_59),V(NODE3_27_60),V(NODE3_27_61),V(NODE3_27_62),V(NODE3_27_63),V(NODE3_27_64),V(NODE3_27_65),V(NODE3_27_66),V(NODE3_27_67),V(NODE3_27_68),V(NODE3_27_69),V(NODE3_27_70),V(NODE3_27_71),V(NODE3_27_72),V(NODE3_27_73),V(NODE3_27_74),V(NODE3_27_75),V(NODE3_27_76),V(NODE3_27_77),V(NODE3_27_78),V(NODE3_27_79),V(NODE3_27_80),V(NODE3_27_81),V(NODE3_27_82),V(NODE3_27_83),V(NODE3_27_84),V(NODE3_27_85),V(NODE3_27_86),V(NODE3_27_87),V(NODE3_27_88),V(NODE3_27_89),V(NODE3_27_90),V(NODE3_27_91),V(NODE3_27_92),V(NODE3_27_93),V(NODE3_27_94),V(NODE3_27_95),V(NODE3_27_96),V(NODE3_27_97),V(NODE3_27_98),V(NODE3_27_99),V(NODE3_28_0),V(NODE3_28_1),V(NODE3_28_2),V(NODE3_28_3),V(NODE3_28_4),V(NODE3_28_5),V(NODE3_28_6),V(NODE3_28_7),V(NODE3_28_8),V(NODE3_28_9),V(NODE3_28_10),V(NODE3_28_11),V(NODE3_28_12),V(NODE3_28_13),V(NODE3_28_14),V(NODE3_28_15),V(NODE3_28_16),V(NODE3_28_17),V(NODE3_28_18),V(NODE3_28_19),V(NODE3_28_20),V(NODE3_28_21),V(NODE3_28_22),V(NODE3_28_23),V(NODE3_28_24),V(NODE3_28_25),V(NODE3_28_26),V(NODE3_28_27),V(NODE3_28_28),V(NODE3_28_29),V(NODE3_28_30),V(NODE3_28_31),V(NODE3_28_32),V(NODE3_28_33),V(NODE3_28_34),V(NODE3_28_35),V(NODE3_28_36),V(NODE3_28_37),V(NODE3_28_38),V(NODE3_28_39),V(NODE3_28_40),V(NODE3_28_41),V(NODE3_28_42),V(NODE3_28_43),V(NODE3_28_44),V(NODE3_28_45),V(NODE3_28_46),V(NODE3_28_47),V(NODE3_28_48),V(NODE3_28_49),V(NODE3_28_50),V(NODE3_28_51),V(NODE3_28_52),V(NODE3_28_53),V(NODE3_28_54),V(NODE3_28_55),V(NODE3_28_56),V(NODE3_28_57),V(NODE3_28_58),V(NODE3_28_59),V(NODE3_28_60),V(NODE3_28_61),V(NODE3_28_62),V(NODE3_28_63),V(NODE3_28_64),V(NODE3_28_65),V(NODE3_28_66),V(NODE3_28_67),V(NODE3_28_68),V(NODE3_28_69),V(NODE3_28_70),V(NODE3_28_71),V(NODE3_28_72),V(NODE3_28_73),V(NODE3_28_74),V(NODE3_28_75),V(NODE3_28_76),V(NODE3_28_77),V(NODE3_28_78),V(NODE3_28_79),V(NODE3_28_80),V(NODE3_28_81),V(NODE3_28_82),V(NODE3_28_83),V(NODE3_28_84),V(NODE3_28_85),V(NODE3_28_86),V(NODE3_28_87),V(NODE3_28_88),V(NODE3_28_89),V(NODE3_28_90),V(NODE3_28_91),V(NODE3_28_92),V(NODE3_28_93),V(NODE3_28_94),V(NODE3_28_95),V(NODE3_28_96),V(NODE3_28_97),V(NODE3_28_98),V(NODE3_28_99),V(NODE3_29_0),V(NODE3_29_1),V(NODE3_29_2),V(NODE3_29_3),V(NODE3_29_4),V(NODE3_29_5),V(NODE3_29_6),V(NODE3_29_7),V(NODE3_29_8),V(NODE3_29_9),V(NODE3_29_10),V(NODE3_29_11),V(NODE3_29_12),V(NODE3_29_13),V(NODE3_29_14),V(NODE3_29_15),V(NODE3_29_16),V(NODE3_29_17),V(NODE3_29_18),V(NODE3_29_19),V(NODE3_29_20),V(NODE3_29_21),V(NODE3_29_22),V(NODE3_29_23),V(NODE3_29_24),V(NODE3_29_25),V(NODE3_29_26),V(NODE3_29_27),V(NODE3_29_28),V(NODE3_29_29),V(NODE3_29_30),V(NODE3_29_31),V(NODE3_29_32),V(NODE3_29_33),V(NODE3_29_34),V(NODE3_29_35),V(NODE3_29_36),V(NODE3_29_37),V(NODE3_29_38),V(NODE3_29_39),V(NODE3_29_40),V(NODE3_29_41),V(NODE3_29_42),V(NODE3_29_43),V(NODE3_29_44),V(NODE3_29_45),V(NODE3_29_46),V(NODE3_29_47),V(NODE3_29_48),V(NODE3_29_49),V(NODE3_29_50),V(NODE3_29_51),V(NODE3_29_52),V(NODE3_29_53),V(NODE3_29_54),V(NODE3_29_55),V(NODE3_29_56),V(NODE3_29_57),V(NODE3_29_58),V(NODE3_29_59),V(NODE3_29_60),V(NODE3_29_61),V(NODE3_29_62),V(NODE3_29_63),V(NODE3_29_64),V(NODE3_29_65),V(NODE3_29_66),V(NODE3_29_67),V(NODE3_29_68),V(NODE3_29_69),V(NODE3_29_70),V(NODE3_29_71),V(NODE3_29_72),V(NODE3_29_73),V(NODE3_29_74),V(NODE3_29_75),V(NODE3_29_76),V(NODE3_29_77),V(NODE3_29_78),V(NODE3_29_79),V(NODE3_29_80),V(NODE3_29_81),V(NODE3_29_82),V(NODE3_29_83),V(NODE3_29_84),V(NODE3_29_85),V(NODE3_29_86),V(NODE3_29_87),V(NODE3_29_88),V(NODE3_29_89),V(NODE3_29_90),V(NODE3_29_91),V(NODE3_29_92),V(NODE3_29_93),V(NODE3_29_94),V(NODE3_29_95),V(NODE3_29_96),V(NODE3_29_97),V(NODE3_29_98),V(NODE3_29_99),V(NODE3_30_0),V(NODE3_30_1),V(NODE3_30_2),V(NODE3_30_3),V(NODE3_30_4),V(NODE3_30_5),V(NODE3_30_6),V(NODE3_30_7),V(NODE3_30_8),V(NODE3_30_9),V(NODE3_30_10),V(NODE3_30_11),V(NODE3_30_12),V(NODE3_30_13),V(NODE3_30_14),V(NODE3_30_15),V(NODE3_30_16),V(NODE3_30_17),V(NODE3_30_18),V(NODE3_30_19),V(NODE3_30_20),V(NODE3_30_21),V(NODE3_30_22),V(NODE3_30_23),V(NODE3_30_24),V(NODE3_30_25),V(NODE3_30_26),V(NODE3_30_27),V(NODE3_30_28),V(NODE3_30_29),V(NODE3_30_30),V(NODE3_30_31),V(NODE3_30_32),V(NODE3_30_33),V(NODE3_30_34),V(NODE3_30_35),V(NODE3_30_36),V(NODE3_30_37),V(NODE3_30_38),V(NODE3_30_39),V(NODE3_30_40),V(NODE3_30_41),V(NODE3_30_42),V(NODE3_30_43),V(NODE3_30_44),V(NODE3_30_45),V(NODE3_30_46),V(NODE3_30_47),V(NODE3_30_48),V(NODE3_30_49),V(NODE3_30_50),V(NODE3_30_51),V(NODE3_30_52),V(NODE3_30_53),V(NODE3_30_54),V(NODE3_30_55),V(NODE3_30_56),V(NODE3_30_57),V(NODE3_30_58),V(NODE3_30_59),V(NODE3_30_60),V(NODE3_30_61),V(NODE3_30_62),V(NODE3_30_63),V(NODE3_30_64),V(NODE3_30_65),V(NODE3_30_66),V(NODE3_30_67),V(NODE3_30_68),V(NODE3_30_69),V(NODE3_30_70),V(NODE3_30_71),V(NODE3_30_72),V(NODE3_30_73),V(NODE3_30_74),V(NODE3_30_75),V(NODE3_30_76),V(NODE3_30_77),V(NODE3_30_78),V(NODE3_30_79),V(NODE3_30_80),V(NODE3_30_81),V(NODE3_30_82),V(NODE3_30_83),V(NODE3_30_84),V(NODE3_30_85),V(NODE3_30_86),V(NODE3_30_87),V(NODE3_30_88),V(NODE3_30_89),V(NODE3_30_90),V(NODE3_30_91),V(NODE3_30_92),V(NODE3_30_93),V(NODE3_30_94),V(NODE3_30_95),V(NODE3_30_96),V(NODE3_30_97),V(NODE3_30_98),V(NODE3_30_99),V(NODE3_31_0),V(NODE3_31_1),V(NODE3_31_2),V(NODE3_31_3),V(NODE3_31_4),V(NODE3_31_5),V(NODE3_31_6),V(NODE3_31_7),V(NODE3_31_8),V(NODE3_31_9),V(NODE3_31_10),V(NODE3_31_11),V(NODE3_31_12),V(NODE3_31_13),V(NODE3_31_14),V(NODE3_31_15),V(NODE3_31_16),V(NODE3_31_17),V(NODE3_31_18),V(NODE3_31_19),V(NODE3_31_20),V(NODE3_31_21),V(NODE3_31_22),V(NODE3_31_23),V(NODE3_31_24),V(NODE3_31_25),V(NODE3_31_26),V(NODE3_31_27),V(NODE3_31_28),V(NODE3_31_29),V(NODE3_31_30),V(NODE3_31_31),V(NODE3_31_32),V(NODE3_31_33),V(NODE3_31_34),V(NODE3_31_35),V(NODE3_31_36),V(NODE3_31_37),V(NODE3_31_38),V(NODE3_31_39),V(NODE3_31_40),V(NODE3_31_41),V(NODE3_31_42),V(NODE3_31_43),V(NODE3_31_44),V(NODE3_31_45),V(NODE3_31_46),V(NODE3_31_47),V(NODE3_31_48),V(NODE3_31_49),V(NODE3_31_50),V(NODE3_31_51),V(NODE3_31_52),V(NODE3_31_53),V(NODE3_31_54),V(NODE3_31_55),V(NODE3_31_56),V(NODE3_31_57),V(NODE3_31_58),V(NODE3_31_59),V(NODE3_31_60),V(NODE3_31_61),V(NODE3_31_62),V(NODE3_31_63),V(NODE3_31_64),V(NODE3_31_65),V(NODE3_31_66),V(NODE3_31_67),V(NODE3_31_68),V(NODE3_31_69),V(NODE3_31_70),V(NODE3_31_71),V(NODE3_31_72),V(NODE3_31_73),V(NODE3_31_74),V(NODE3_31_75),V(NODE3_31_76),V(NODE3_31_77),V(NODE3_31_78),V(NODE3_31_79),V(NODE3_31_80),V(NODE3_31_81),V(NODE3_31_82),V(NODE3_31_83),V(NODE3_31_84),V(NODE3_31_85),V(NODE3_31_86),V(NODE3_31_87),V(NODE3_31_88),V(NODE3_31_89),V(NODE3_31_90),V(NODE3_31_91),V(NODE3_31_92),V(NODE3_31_93),V(NODE3_31_94),V(NODE3_31_95),V(NODE3_31_96),V(NODE3_31_97),V(NODE3_31_98),V(NODE3_31_99),V(NODE3_32_0),V(NODE3_32_1),V(NODE3_32_2),V(NODE3_32_3),V(NODE3_32_4),V(NODE3_32_5),V(NODE3_32_6),V(NODE3_32_7),V(NODE3_32_8),V(NODE3_32_9),V(NODE3_32_10),V(NODE3_32_11),V(NODE3_32_12),V(NODE3_32_13),V(NODE3_32_14),V(NODE3_32_15),V(NODE3_32_16),V(NODE3_32_17),V(NODE3_32_18),V(NODE3_32_19),V(NODE3_32_20),V(NODE3_32_21),V(NODE3_32_22),V(NODE3_32_23),V(NODE3_32_24),V(NODE3_32_25),V(NODE3_32_26),V(NODE3_32_27),V(NODE3_32_28),V(NODE3_32_29),V(NODE3_32_30),V(NODE3_32_31),V(NODE3_32_32),V(NODE3_32_33),V(NODE3_32_34),V(NODE3_32_35),V(NODE3_32_36),V(NODE3_32_37),V(NODE3_32_38),V(NODE3_32_39),V(NODE3_32_40),V(NODE3_32_41),V(NODE3_32_42),V(NODE3_32_43),V(NODE3_32_44),V(NODE3_32_45),V(NODE3_32_46),V(NODE3_32_47),V(NODE3_32_48),V(NODE3_32_49),V(NODE3_32_50),V(NODE3_32_51),V(NODE3_32_52),V(NODE3_32_53),V(NODE3_32_54),V(NODE3_32_55),V(NODE3_32_56),V(NODE3_32_57),V(NODE3_32_58),V(NODE3_32_59),V(NODE3_32_60),V(NODE3_32_61),V(NODE3_32_62),V(NODE3_32_63),V(NODE3_32_64),V(NODE3_32_65),V(NODE3_32_66),V(NODE3_32_67),V(NODE3_32_68),V(NODE3_32_69),V(NODE3_32_70),V(NODE3_32_71),V(NODE3_32_72),V(NODE3_32_73),V(NODE3_32_74),V(NODE3_32_75),V(NODE3_32_76),V(NODE3_32_77),V(NODE3_32_78),V(NODE3_32_79),V(NODE3_32_80),V(NODE3_32_81),V(NODE3_32_82),V(NODE3_32_83),V(NODE3_32_84),V(NODE3_32_85),V(NODE3_32_86),V(NODE3_32_87),V(NODE3_32_88),V(NODE3_32_89),V(NODE3_32_90),V(NODE3_32_91),V(NODE3_32_92),V(NODE3_32_93),V(NODE3_32_94),V(NODE3_32_95),V(NODE3_32_96),V(NODE3_32_97),V(NODE3_32_98),V(NODE3_32_99),V(NODE3_33_0),V(NODE3_33_1),V(NODE3_33_2),V(NODE3_33_3),V(NODE3_33_4),V(NODE3_33_5),V(NODE3_33_6),V(NODE3_33_7),V(NODE3_33_8),V(NODE3_33_9),V(NODE3_33_10),V(NODE3_33_11),V(NODE3_33_12),V(NODE3_33_13),V(NODE3_33_14),V(NODE3_33_15),V(NODE3_33_16),V(NODE3_33_17),V(NODE3_33_18),V(NODE3_33_19),V(NODE3_33_20),V(NODE3_33_21),V(NODE3_33_22),V(NODE3_33_23),V(NODE3_33_24),V(NODE3_33_25),V(NODE3_33_26),V(NODE3_33_27),V(NODE3_33_28),V(NODE3_33_29),V(NODE3_33_30),V(NODE3_33_31),V(NODE3_33_32),V(NODE3_33_33),V(NODE3_33_34),V(NODE3_33_35),V(NODE3_33_36),V(NODE3_33_37),V(NODE3_33_38),V(NODE3_33_39),V(NODE3_33_40),V(NODE3_33_41),V(NODE3_33_42),V(NODE3_33_43),V(NODE3_33_44),V(NODE3_33_45),V(NODE3_33_46),V(NODE3_33_47),V(NODE3_33_48),V(NODE3_33_49),V(NODE3_33_50),V(NODE3_33_51),V(NODE3_33_52),V(NODE3_33_53),V(NODE3_33_54),V(NODE3_33_55),V(NODE3_33_56),V(NODE3_33_57),V(NODE3_33_58),V(NODE3_33_59),V(NODE3_33_60),V(NODE3_33_61),V(NODE3_33_62),V(NODE3_33_63),V(NODE3_33_64),V(NODE3_33_65),V(NODE3_33_66),V(NODE3_33_67),V(NODE3_33_68),V(NODE3_33_69),V(NODE3_33_70),V(NODE3_33_71),V(NODE3_33_72),V(NODE3_33_73),V(NODE3_33_74),V(NODE3_33_75),V(NODE3_33_76),V(NODE3_33_77),V(NODE3_33_78),V(NODE3_33_79),V(NODE3_33_80),V(NODE3_33_81),V(NODE3_33_82),V(NODE3_33_83),V(NODE3_33_84),V(NODE3_33_85),V(NODE3_33_86),V(NODE3_33_87),V(NODE3_33_88),V(NODE3_33_89),V(NODE3_33_90),V(NODE3_33_91),V(NODE3_33_92),V(NODE3_33_93),V(NODE3_33_94),V(NODE3_33_95),V(NODE3_33_96),V(NODE3_33_97),V(NODE3_33_98),V(NODE3_33_99),V(NODE3_34_0),V(NODE3_34_1),V(NODE3_34_2),V(NODE3_34_3),V(NODE3_34_4),V(NODE3_34_5),V(NODE3_34_6),V(NODE3_34_7),V(NODE3_34_8),V(NODE3_34_9),V(NODE3_34_10),V(NODE3_34_11),V(NODE3_34_12),V(NODE3_34_13),V(NODE3_34_14),V(NODE3_34_15),V(NODE3_34_16),V(NODE3_34_17),V(NODE3_34_18),V(NODE3_34_19),V(NODE3_34_20),V(NODE3_34_21),V(NODE3_34_22),V(NODE3_34_23),V(NODE3_34_24),V(NODE3_34_25),V(NODE3_34_26),V(NODE3_34_27),V(NODE3_34_28),V(NODE3_34_29),V(NODE3_34_30),V(NODE3_34_31),V(NODE3_34_32),V(NODE3_34_33),V(NODE3_34_34),V(NODE3_34_35),V(NODE3_34_36),V(NODE3_34_37),V(NODE3_34_38),V(NODE3_34_39),V(NODE3_34_40),V(NODE3_34_41),V(NODE3_34_42),V(NODE3_34_43),V(NODE3_34_44),V(NODE3_34_45),V(NODE3_34_46),V(NODE3_34_47),V(NODE3_34_48),V(NODE3_34_49),V(NODE3_34_50),V(NODE3_34_51),V(NODE3_34_52),V(NODE3_34_53),V(NODE3_34_54),V(NODE3_34_55),V(NODE3_34_56),V(NODE3_34_57),V(NODE3_34_58),V(NODE3_34_59),V(NODE3_34_60),V(NODE3_34_61),V(NODE3_34_62),V(NODE3_34_63),V(NODE3_34_64),V(NODE3_34_65),V(NODE3_34_66),V(NODE3_34_67),V(NODE3_34_68),V(NODE3_34_69),V(NODE3_34_70),V(NODE3_34_71),V(NODE3_34_72),V(NODE3_34_73),V(NODE3_34_74),V(NODE3_34_75),V(NODE3_34_76),V(NODE3_34_77),V(NODE3_34_78),V(NODE3_34_79),V(NODE3_34_80),V(NODE3_34_81),V(NODE3_34_82),V(NODE3_34_83),V(NODE3_34_84),V(NODE3_34_85),V(NODE3_34_86),V(NODE3_34_87),V(NODE3_34_88),V(NODE3_34_89),V(NODE3_34_90),V(NODE3_34_91),V(NODE3_34_92),V(NODE3_34_93),V(NODE3_34_94),V(NODE3_34_95),V(NODE3_34_96),V(NODE3_34_97),V(NODE3_34_98),V(NODE3_34_99),V(NODE3_35_0),V(NODE3_35_1),V(NODE3_35_2),V(NODE3_35_3),V(NODE3_35_4),V(NODE3_35_5),V(NODE3_35_6),V(NODE3_35_7),V(NODE3_35_8),V(NODE3_35_9),V(NODE3_35_10),V(NODE3_35_11),V(NODE3_35_12),V(NODE3_35_13),V(NODE3_35_14),V(NODE3_35_15),V(NODE3_35_16),V(NODE3_35_17),V(NODE3_35_18),V(NODE3_35_19),V(NODE3_35_20),V(NODE3_35_21),V(NODE3_35_22),V(NODE3_35_23),V(NODE3_35_24),V(NODE3_35_25),V(NODE3_35_26),V(NODE3_35_27),V(NODE3_35_28),V(NODE3_35_29),V(NODE3_35_30),V(NODE3_35_31),V(NODE3_35_32),V(NODE3_35_33),V(NODE3_35_34),V(NODE3_35_35),V(NODE3_35_36),V(NODE3_35_37),V(NODE3_35_38),V(NODE3_35_39),V(NODE3_35_40),V(NODE3_35_41),V(NODE3_35_42),V(NODE3_35_43),V(NODE3_35_44),V(NODE3_35_45),V(NODE3_35_46),V(NODE3_35_47),V(NODE3_35_48),V(NODE3_35_49),V(NODE3_35_50),V(NODE3_35_51),V(NODE3_35_52),V(NODE3_35_53),V(NODE3_35_54),V(NODE3_35_55),V(NODE3_35_56),V(NODE3_35_57),V(NODE3_35_58),V(NODE3_35_59),V(NODE3_35_60),V(NODE3_35_61),V(NODE3_35_62),V(NODE3_35_63),V(NODE3_35_64),V(NODE3_35_65),V(NODE3_35_66),V(NODE3_35_67),V(NODE3_35_68),V(NODE3_35_69),V(NODE3_35_70),V(NODE3_35_71),V(NODE3_35_72),V(NODE3_35_73),V(NODE3_35_74),V(NODE3_35_75),V(NODE3_35_76),V(NODE3_35_77),V(NODE3_35_78),V(NODE3_35_79),V(NODE3_35_80),V(NODE3_35_81),V(NODE3_35_82),V(NODE3_35_83),V(NODE3_35_84),V(NODE3_35_85),V(NODE3_35_86),V(NODE3_35_87),V(NODE3_35_88),V(NODE3_35_89),V(NODE3_35_90),V(NODE3_35_91),V(NODE3_35_92),V(NODE3_35_93),V(NODE3_35_94),V(NODE3_35_95),V(NODE3_35_96),V(NODE3_35_97),V(NODE3_35_98),V(NODE3_35_99),V(NODE3_36_0),V(NODE3_36_1),V(NODE3_36_2),V(NODE3_36_3),V(NODE3_36_4),V(NODE3_36_5),V(NODE3_36_6),V(NODE3_36_7),V(NODE3_36_8),V(NODE3_36_9),V(NODE3_36_10),V(NODE3_36_11),V(NODE3_36_12),V(NODE3_36_13),V(NODE3_36_14),V(NODE3_36_15),V(NODE3_36_16),V(NODE3_36_17),V(NODE3_36_18),V(NODE3_36_19),V(NODE3_36_20),V(NODE3_36_21),V(NODE3_36_22),V(NODE3_36_23),V(NODE3_36_24),V(NODE3_36_25),V(NODE3_36_26),V(NODE3_36_27),V(NODE3_36_28),V(NODE3_36_29),V(NODE3_36_30),V(NODE3_36_31),V(NODE3_36_32),V(NODE3_36_33),V(NODE3_36_34),V(NODE3_36_35),V(NODE3_36_36),V(NODE3_36_37),V(NODE3_36_38),V(NODE3_36_39),V(NODE3_36_40),V(NODE3_36_41),V(NODE3_36_42),V(NODE3_36_43),V(NODE3_36_44),V(NODE3_36_45),V(NODE3_36_46),V(NODE3_36_47),V(NODE3_36_48),V(NODE3_36_49),V(NODE3_36_50),V(NODE3_36_51),V(NODE3_36_52),V(NODE3_36_53),V(NODE3_36_54),V(NODE3_36_55),V(NODE3_36_56),V(NODE3_36_57),V(NODE3_36_58),V(NODE3_36_59),V(NODE3_36_60),V(NODE3_36_61),V(NODE3_36_62),V(NODE3_36_63),V(NODE3_36_64),V(NODE3_36_65),V(NODE3_36_66),V(NODE3_36_67),V(NODE3_36_68),V(NODE3_36_69),V(NODE3_36_70),V(NODE3_36_71),V(NODE3_36_72),V(NODE3_36_73),V(NODE3_36_74),V(NODE3_36_75),V(NODE3_36_76),V(NODE3_36_77),V(NODE3_36_78),V(NODE3_36_79),V(NODE3_36_80),V(NODE3_36_81),V(NODE3_36_82),V(NODE3_36_83),V(NODE3_36_84),V(NODE3_36_85),V(NODE3_36_86),V(NODE3_36_87),V(NODE3_36_88),V(NODE3_36_89),V(NODE3_36_90),V(NODE3_36_91),V(NODE3_36_92),V(NODE3_36_93),V(NODE3_36_94),V(NODE3_36_95),V(NODE3_36_96),V(NODE3_36_97),V(NODE3_36_98),V(NODE3_36_99),V(NODE3_37_0),V(NODE3_37_1),V(NODE3_37_2),V(NODE3_37_3),V(NODE3_37_4),V(NODE3_37_5),V(NODE3_37_6),V(NODE3_37_7),V(NODE3_37_8),V(NODE3_37_9),V(NODE3_37_10),V(NODE3_37_11),V(NODE3_37_12),V(NODE3_37_13),V(NODE3_37_14),V(NODE3_37_15),V(NODE3_37_16),V(NODE3_37_17),V(NODE3_37_18),V(NODE3_37_19),V(NODE3_37_20),V(NODE3_37_21),V(NODE3_37_22),V(NODE3_37_23),V(NODE3_37_24),V(NODE3_37_25),V(NODE3_37_26),V(NODE3_37_27),V(NODE3_37_28),V(NODE3_37_29),V(NODE3_37_30),V(NODE3_37_31),V(NODE3_37_32),V(NODE3_37_33),V(NODE3_37_34),V(NODE3_37_35),V(NODE3_37_36),V(NODE3_37_37),V(NODE3_37_38),V(NODE3_37_39),V(NODE3_37_40),V(NODE3_37_41),V(NODE3_37_42),V(NODE3_37_43),V(NODE3_37_44),V(NODE3_37_45),V(NODE3_37_46),V(NODE3_37_47),V(NODE3_37_48),V(NODE3_37_49),V(NODE3_37_50),V(NODE3_37_51),V(NODE3_37_52),V(NODE3_37_53),V(NODE3_37_54),V(NODE3_37_55),V(NODE3_37_56),V(NODE3_37_57),V(NODE3_37_58),V(NODE3_37_59),V(NODE3_37_60),V(NODE3_37_61),V(NODE3_37_62),V(NODE3_37_63),V(NODE3_37_64),V(NODE3_37_65),V(NODE3_37_66),V(NODE3_37_67),V(NODE3_37_68),V(NODE3_37_69),V(NODE3_37_70),V(NODE3_37_71),V(NODE3_37_72),V(NODE3_37_73),V(NODE3_37_74),V(NODE3_37_75),V(NODE3_37_76),V(NODE3_37_77),V(NODE3_37_78),V(NODE3_37_79),V(NODE3_37_80),V(NODE3_37_81),V(NODE3_37_82),V(NODE3_37_83),V(NODE3_37_84),V(NODE3_37_85),V(NODE3_37_86),V(NODE3_37_87),V(NODE3_37_88),V(NODE3_37_89),V(NODE3_37_90),V(NODE3_37_91),V(NODE3_37_92),V(NODE3_37_93),V(NODE3_37_94),V(NODE3_37_95),V(NODE3_37_96),V(NODE3_37_97),V(NODE3_37_98),V(NODE3_37_99),V(NODE3_38_0),V(NODE3_38_1),V(NODE3_38_2),V(NODE3_38_3),V(NODE3_38_4),V(NODE3_38_5),V(NODE3_38_6),V(NODE3_38_7),V(NODE3_38_8),V(NODE3_38_9),V(NODE3_38_10),V(NODE3_38_11),V(NODE3_38_12),V(NODE3_38_13),V(NODE3_38_14),V(NODE3_38_15),V(NODE3_38_16),V(NODE3_38_17),V(NODE3_38_18),V(NODE3_38_19),V(NODE3_38_20),V(NODE3_38_21),V(NODE3_38_22),V(NODE3_38_23),V(NODE3_38_24),V(NODE3_38_25),V(NODE3_38_26),V(NODE3_38_27),V(NODE3_38_28),V(NODE3_38_29),V(NODE3_38_30),V(NODE3_38_31),V(NODE3_38_32),V(NODE3_38_33),V(NODE3_38_34),V(NODE3_38_35),V(NODE3_38_36),V(NODE3_38_37),V(NODE3_38_38),V(NODE3_38_39),V(NODE3_38_40),V(NODE3_38_41),V(NODE3_38_42),V(NODE3_38_43),V(NODE3_38_44),V(NODE3_38_45),V(NODE3_38_46),V(NODE3_38_47),V(NODE3_38_48),V(NODE3_38_49),V(NODE3_38_50),V(NODE3_38_51),V(NODE3_38_52),V(NODE3_38_53),V(NODE3_38_54),V(NODE3_38_55),V(NODE3_38_56),V(NODE3_38_57),V(NODE3_38_58),V(NODE3_38_59),V(NODE3_38_60),V(NODE3_38_61),V(NODE3_38_62),V(NODE3_38_63),V(NODE3_38_64),V(NODE3_38_65),V(NODE3_38_66),V(NODE3_38_67),V(NODE3_38_68),V(NODE3_38_69),V(NODE3_38_70),V(NODE3_38_71),V(NODE3_38_72),V(NODE3_38_73),V(NODE3_38_74),V(NODE3_38_75),V(NODE3_38_76),V(NODE3_38_77),V(NODE3_38_78),V(NODE3_38_79),V(NODE3_38_80),V(NODE3_38_81),V(NODE3_38_82),V(NODE3_38_83),V(NODE3_38_84),V(NODE3_38_85),V(NODE3_38_86),V(NODE3_38_87),V(NODE3_38_88),V(NODE3_38_89),V(NODE3_38_90),V(NODE3_38_91),V(NODE3_38_92),V(NODE3_38_93),V(NODE3_38_94),V(NODE3_38_95),V(NODE3_38_96),V(NODE3_38_97),V(NODE3_38_98),V(NODE3_38_99),V(NODE3_39_0),V(NODE3_39_1),V(NODE3_39_2),V(NODE3_39_3),V(NODE3_39_4),V(NODE3_39_5),V(NODE3_39_6),V(NODE3_39_7),V(NODE3_39_8),V(NODE3_39_9),V(NODE3_39_10),V(NODE3_39_11),V(NODE3_39_12),V(NODE3_39_13),V(NODE3_39_14),V(NODE3_39_15),V(NODE3_39_16),V(NODE3_39_17),V(NODE3_39_18),V(NODE3_39_19),V(NODE3_39_20),V(NODE3_39_21),V(NODE3_39_22),V(NODE3_39_23),V(NODE3_39_24),V(NODE3_39_25),V(NODE3_39_26),V(NODE3_39_27),V(NODE3_39_28),V(NODE3_39_29),V(NODE3_39_30),V(NODE3_39_31),V(NODE3_39_32),V(NODE3_39_33),V(NODE3_39_34),V(NODE3_39_35),V(NODE3_39_36),V(NODE3_39_37),V(NODE3_39_38),V(NODE3_39_39),V(NODE3_39_40),V(NODE3_39_41),V(NODE3_39_42),V(NODE3_39_43),V(NODE3_39_44),V(NODE3_39_45),V(NODE3_39_46),V(NODE3_39_47),V(NODE3_39_48),V(NODE3_39_49),V(NODE3_39_50),V(NODE3_39_51),V(NODE3_39_52),V(NODE3_39_53),V(NODE3_39_54),V(NODE3_39_55),V(NODE3_39_56),V(NODE3_39_57),V(NODE3_39_58),V(NODE3_39_59),V(NODE3_39_60),V(NODE3_39_61),V(NODE3_39_62),V(NODE3_39_63),V(NODE3_39_64),V(NODE3_39_65),V(NODE3_39_66),V(NODE3_39_67),V(NODE3_39_68),V(NODE3_39_69),V(NODE3_39_70),V(NODE3_39_71),V(NODE3_39_72),V(NODE3_39_73),V(NODE3_39_74),V(NODE3_39_75),V(NODE3_39_76),V(NODE3_39_77),V(NODE3_39_78),V(NODE3_39_79),V(NODE3_39_80),V(NODE3_39_81),V(NODE3_39_82),V(NODE3_39_83),V(NODE3_39_84),V(NODE3_39_85),V(NODE3_39_86),V(NODE3_39_87),V(NODE3_39_88),V(NODE3_39_89),V(NODE3_39_90),V(NODE3_39_91),V(NODE3_39_92),V(NODE3_39_93),V(NODE3_39_94),V(NODE3_39_95),V(NODE3_39_96),V(NODE3_39_97),V(NODE3_39_98),V(NODE3_39_99),V(NODE3_40_0),V(NODE3_40_1),V(NODE3_40_2),V(NODE3_40_3),V(NODE3_40_4),V(NODE3_40_5),V(NODE3_40_6),V(NODE3_40_7),V(NODE3_40_8),V(NODE3_40_9),V(NODE3_40_10),V(NODE3_40_11),V(NODE3_40_12),V(NODE3_40_13),V(NODE3_40_14),V(NODE3_40_15),V(NODE3_40_16),V(NODE3_40_17),V(NODE3_40_18),V(NODE3_40_19),V(NODE3_40_20),V(NODE3_40_21),V(NODE3_40_22),V(NODE3_40_23),V(NODE3_40_24),V(NODE3_40_25),V(NODE3_40_26),V(NODE3_40_27),V(NODE3_40_28),V(NODE3_40_29),V(NODE3_40_30),V(NODE3_40_31),V(NODE3_40_32),V(NODE3_40_33),V(NODE3_40_34),V(NODE3_40_35),V(NODE3_40_36),V(NODE3_40_37),V(NODE3_40_38),V(NODE3_40_39),V(NODE3_40_40),V(NODE3_40_41),V(NODE3_40_42),V(NODE3_40_43),V(NODE3_40_44),V(NODE3_40_45),V(NODE3_40_46),V(NODE3_40_47),V(NODE3_40_48),V(NODE3_40_49),V(NODE3_40_50),V(NODE3_40_51),V(NODE3_40_52),V(NODE3_40_53),V(NODE3_40_54),V(NODE3_40_55),V(NODE3_40_56),V(NODE3_40_57),V(NODE3_40_58),V(NODE3_40_59),V(NODE3_40_60),V(NODE3_40_61),V(NODE3_40_62),V(NODE3_40_63),V(NODE3_40_64),V(NODE3_40_65),V(NODE3_40_66),V(NODE3_40_67),V(NODE3_40_68),V(NODE3_40_69),V(NODE3_40_70),V(NODE3_40_71),V(NODE3_40_72),V(NODE3_40_73),V(NODE3_40_74),V(NODE3_40_75),V(NODE3_40_76),V(NODE3_40_77),V(NODE3_40_78),V(NODE3_40_79),V(NODE3_40_80),V(NODE3_40_81),V(NODE3_40_82),V(NODE3_40_83),V(NODE3_40_84),V(NODE3_40_85),V(NODE3_40_86),V(NODE3_40_87),V(NODE3_40_88),V(NODE3_40_89),V(NODE3_40_90),V(NODE3_40_91),V(NODE3_40_92),V(NODE3_40_93),V(NODE3_40_94),V(NODE3_40_95),V(NODE3_40_96),V(NODE3_40_97),V(NODE3_40_98),V(NODE3_40_99),V(NODE3_41_0),V(NODE3_41_1),V(NODE3_41_2),V(NODE3_41_3),V(NODE3_41_4),V(NODE3_41_5),V(NODE3_41_6),V(NODE3_41_7),V(NODE3_41_8),V(NODE3_41_9),V(NODE3_41_10),V(NODE3_41_11),V(NODE3_41_12),V(NODE3_41_13),V(NODE3_41_14),V(NODE3_41_15),V(NODE3_41_16),V(NODE3_41_17),V(NODE3_41_18),V(NODE3_41_19),V(NODE3_41_20),V(NODE3_41_21),V(NODE3_41_22),V(NODE3_41_23),V(NODE3_41_24),V(NODE3_41_25),V(NODE3_41_26),V(NODE3_41_27),V(NODE3_41_28),V(NODE3_41_29),V(NODE3_41_30),V(NODE3_41_31),V(NODE3_41_32),V(NODE3_41_33),V(NODE3_41_34),V(NODE3_41_35),V(NODE3_41_36),V(NODE3_41_37),V(NODE3_41_38),V(NODE3_41_39),V(NODE3_41_40),V(NODE3_41_41),V(NODE3_41_42),V(NODE3_41_43),V(NODE3_41_44),V(NODE3_41_45),V(NODE3_41_46),V(NODE3_41_47),V(NODE3_41_48),V(NODE3_41_49),V(NODE3_41_50),V(NODE3_41_51),V(NODE3_41_52),V(NODE3_41_53),V(NODE3_41_54),V(NODE3_41_55),V(NODE3_41_56),V(NODE3_41_57),V(NODE3_41_58),V(NODE3_41_59),V(NODE3_41_60),V(NODE3_41_61),V(NODE3_41_62),V(NODE3_41_63),V(NODE3_41_64),V(NODE3_41_65),V(NODE3_41_66),V(NODE3_41_67),V(NODE3_41_68),V(NODE3_41_69),V(NODE3_41_70),V(NODE3_41_71),V(NODE3_41_72),V(NODE3_41_73),V(NODE3_41_74),V(NODE3_41_75),V(NODE3_41_76),V(NODE3_41_77),V(NODE3_41_78),V(NODE3_41_79),V(NODE3_41_80),V(NODE3_41_81),V(NODE3_41_82),V(NODE3_41_83),V(NODE3_41_84),V(NODE3_41_85),V(NODE3_41_86),V(NODE3_41_87),V(NODE3_41_88),V(NODE3_41_89),V(NODE3_41_90),V(NODE3_41_91),V(NODE3_41_92),V(NODE3_41_93),V(NODE3_41_94),V(NODE3_41_95),V(NODE3_41_96),V(NODE3_41_97),V(NODE3_41_98),V(NODE3_41_99),V(NODE3_42_0),V(NODE3_42_1),V(NODE3_42_2),V(NODE3_42_3),V(NODE3_42_4),V(NODE3_42_5),V(NODE3_42_6),V(NODE3_42_7),V(NODE3_42_8),V(NODE3_42_9),V(NODE3_42_10),V(NODE3_42_11),V(NODE3_42_12),V(NODE3_42_13),V(NODE3_42_14),V(NODE3_42_15),V(NODE3_42_16),V(NODE3_42_17),V(NODE3_42_18),V(NODE3_42_19),V(NODE3_42_20),V(NODE3_42_21),V(NODE3_42_22),V(NODE3_42_23),V(NODE3_42_24),V(NODE3_42_25),V(NODE3_42_26),V(NODE3_42_27),V(NODE3_42_28),V(NODE3_42_29),V(NODE3_42_30),V(NODE3_42_31),V(NODE3_42_32),V(NODE3_42_33),V(NODE3_42_34),V(NODE3_42_35),V(NODE3_42_36),V(NODE3_42_37),V(NODE3_42_38),V(NODE3_42_39),V(NODE3_42_40),V(NODE3_42_41),V(NODE3_42_42),V(NODE3_42_43),V(NODE3_42_44),V(NODE3_42_45),V(NODE3_42_46),V(NODE3_42_47),V(NODE3_42_48),V(NODE3_42_49),V(NODE3_42_50),V(NODE3_42_51),V(NODE3_42_52),V(NODE3_42_53),V(NODE3_42_54),V(NODE3_42_55),V(NODE3_42_56),V(NODE3_42_57),V(NODE3_42_58),V(NODE3_42_59),V(NODE3_42_60),V(NODE3_42_61),V(NODE3_42_62),V(NODE3_42_63),V(NODE3_42_64),V(NODE3_42_65),V(NODE3_42_66),V(NODE3_42_67),V(NODE3_42_68),V(NODE3_42_69),V(NODE3_42_70),V(NODE3_42_71),V(NODE3_42_72),V(NODE3_42_73),V(NODE3_42_74),V(NODE3_42_75),V(NODE3_42_76),V(NODE3_42_77),V(NODE3_42_78),V(NODE3_42_79),V(NODE3_42_80),V(NODE3_42_81),V(NODE3_42_82),V(NODE3_42_83),V(NODE3_42_84),V(NODE3_42_85),V(NODE3_42_86),V(NODE3_42_87),V(NODE3_42_88),V(NODE3_42_89),V(NODE3_42_90),V(NODE3_42_91),V(NODE3_42_92),V(NODE3_42_93),V(NODE3_42_94),V(NODE3_42_95),V(NODE3_42_96),V(NODE3_42_97),V(NODE3_42_98),V(NODE3_42_99),V(NODE3_43_0),V(NODE3_43_1),V(NODE3_43_2),V(NODE3_43_3),V(NODE3_43_4),V(NODE3_43_5),V(NODE3_43_6),V(NODE3_43_7),V(NODE3_43_8),V(NODE3_43_9),V(NODE3_43_10),V(NODE3_43_11),V(NODE3_43_12),V(NODE3_43_13),V(NODE3_43_14),V(NODE3_43_15),V(NODE3_43_16),V(NODE3_43_17),V(NODE3_43_18),V(NODE3_43_19),V(NODE3_43_20),V(NODE3_43_21),V(NODE3_43_22),V(NODE3_43_23),V(NODE3_43_24),V(NODE3_43_25),V(NODE3_43_26),V(NODE3_43_27),V(NODE3_43_28),V(NODE3_43_29),V(NODE3_43_30),V(NODE3_43_31),V(NODE3_43_32),V(NODE3_43_33),V(NODE3_43_34),V(NODE3_43_35),V(NODE3_43_36),V(NODE3_43_37),V(NODE3_43_38),V(NODE3_43_39),V(NODE3_43_40),V(NODE3_43_41),V(NODE3_43_42),V(NODE3_43_43),V(NODE3_43_44),V(NODE3_43_45),V(NODE3_43_46),V(NODE3_43_47),V(NODE3_43_48),V(NODE3_43_49),V(NODE3_43_50),V(NODE3_43_51),V(NODE3_43_52),V(NODE3_43_53),V(NODE3_43_54),V(NODE3_43_55),V(NODE3_43_56),V(NODE3_43_57),V(NODE3_43_58),V(NODE3_43_59),V(NODE3_43_60),V(NODE3_43_61),V(NODE3_43_62),V(NODE3_43_63),V(NODE3_43_64),V(NODE3_43_65),V(NODE3_43_66),V(NODE3_43_67),V(NODE3_43_68),V(NODE3_43_69),V(NODE3_43_70),V(NODE3_43_71),V(NODE3_43_72),V(NODE3_43_73),V(NODE3_43_74),V(NODE3_43_75),V(NODE3_43_76),V(NODE3_43_77),V(NODE3_43_78),V(NODE3_43_79),V(NODE3_43_80),V(NODE3_43_81),V(NODE3_43_82),V(NODE3_43_83),V(NODE3_43_84),V(NODE3_43_85),V(NODE3_43_86),V(NODE3_43_87),V(NODE3_43_88),V(NODE3_43_89),V(NODE3_43_90),V(NODE3_43_91),V(NODE3_43_92),V(NODE3_43_93),V(NODE3_43_94),V(NODE3_43_95),V(NODE3_43_96),V(NODE3_43_97),V(NODE3_43_98),V(NODE3_43_99),V(NODE3_44_0),V(NODE3_44_1),V(NODE3_44_2),V(NODE3_44_3),V(NODE3_44_4),V(NODE3_44_5),V(NODE3_44_6),V(NODE3_44_7),V(NODE3_44_8),V(NODE3_44_9),V(NODE3_44_10),V(NODE3_44_11),V(NODE3_44_12),V(NODE3_44_13),V(NODE3_44_14),V(NODE3_44_15),V(NODE3_44_16),V(NODE3_44_17),V(NODE3_44_18),V(NODE3_44_19),V(NODE3_44_20),V(NODE3_44_21),V(NODE3_44_22),V(NODE3_44_23),V(NODE3_44_24),V(NODE3_44_25),V(NODE3_44_26),V(NODE3_44_27),V(NODE3_44_28),V(NODE3_44_29),V(NODE3_44_30),V(NODE3_44_31),V(NODE3_44_32),V(NODE3_44_33),V(NODE3_44_34),V(NODE3_44_35),V(NODE3_44_36),V(NODE3_44_37),V(NODE3_44_38),V(NODE3_44_39),V(NODE3_44_40),V(NODE3_44_41),V(NODE3_44_42),V(NODE3_44_43),V(NODE3_44_44),V(NODE3_44_45),V(NODE3_44_46),V(NODE3_44_47),V(NODE3_44_48),V(NODE3_44_49),V(NODE3_44_50),V(NODE3_44_51),V(NODE3_44_52),V(NODE3_44_53),V(NODE3_44_54),V(NODE3_44_55),V(NODE3_44_56),V(NODE3_44_57),V(NODE3_44_58),V(NODE3_44_59),V(NODE3_44_60),V(NODE3_44_61),V(NODE3_44_62),V(NODE3_44_63),V(NODE3_44_64),V(NODE3_44_65),V(NODE3_44_66),V(NODE3_44_67),V(NODE3_44_68),V(NODE3_44_69),V(NODE3_44_70),V(NODE3_44_71),V(NODE3_44_72),V(NODE3_44_73),V(NODE3_44_74),V(NODE3_44_75),V(NODE3_44_76),V(NODE3_44_77),V(NODE3_44_78),V(NODE3_44_79),V(NODE3_44_80),V(NODE3_44_81),V(NODE3_44_82),V(NODE3_44_83),V(NODE3_44_84),V(NODE3_44_85),V(NODE3_44_86),V(NODE3_44_87),V(NODE3_44_88),V(NODE3_44_89),V(NODE3_44_90),V(NODE3_44_91),V(NODE3_44_92),V(NODE3_44_93),V(NODE3_44_94),V(NODE3_44_95),V(NODE3_44_96),V(NODE3_44_97),V(NODE3_44_98),V(NODE3_44_99),V(NODE3_45_0),V(NODE3_45_1),V(NODE3_45_2),V(NODE3_45_3),V(NODE3_45_4),V(NODE3_45_5),V(NODE3_45_6),V(NODE3_45_7),V(NODE3_45_8),V(NODE3_45_9),V(NODE3_45_10),V(NODE3_45_11),V(NODE3_45_12),V(NODE3_45_13),V(NODE3_45_14),V(NODE3_45_15),V(NODE3_45_16),V(NODE3_45_17),V(NODE3_45_18),V(NODE3_45_19),V(NODE3_45_20),V(NODE3_45_21),V(NODE3_45_22),V(NODE3_45_23),V(NODE3_45_24),V(NODE3_45_25),V(NODE3_45_26),V(NODE3_45_27),V(NODE3_45_28),V(NODE3_45_29),V(NODE3_45_30),V(NODE3_45_31),V(NODE3_45_32),V(NODE3_45_33),V(NODE3_45_34),V(NODE3_45_35),V(NODE3_45_36),V(NODE3_45_37),V(NODE3_45_38),V(NODE3_45_39),V(NODE3_45_40),V(NODE3_45_41),V(NODE3_45_42),V(NODE3_45_43),V(NODE3_45_44),V(NODE3_45_45),V(NODE3_45_46),V(NODE3_45_47),V(NODE3_45_48),V(NODE3_45_49),V(NODE3_45_50),V(NODE3_45_51),V(NODE3_45_52),V(NODE3_45_53),V(NODE3_45_54),V(NODE3_45_55),V(NODE3_45_56),V(NODE3_45_57),V(NODE3_45_58),V(NODE3_45_59),V(NODE3_45_60),V(NODE3_45_61),V(NODE3_45_62),V(NODE3_45_63),V(NODE3_45_64),V(NODE3_45_65),V(NODE3_45_66),V(NODE3_45_67),V(NODE3_45_68),V(NODE3_45_69),V(NODE3_45_70),V(NODE3_45_71),V(NODE3_45_72),V(NODE3_45_73),V(NODE3_45_74),V(NODE3_45_75),V(NODE3_45_76),V(NODE3_45_77),V(NODE3_45_78),V(NODE3_45_79),V(NODE3_45_80),V(NODE3_45_81),V(NODE3_45_82),V(NODE3_45_83),V(NODE3_45_84),V(NODE3_45_85),V(NODE3_45_86),V(NODE3_45_87),V(NODE3_45_88),V(NODE3_45_89),V(NODE3_45_90),V(NODE3_45_91),V(NODE3_45_92),V(NODE3_45_93),V(NODE3_45_94),V(NODE3_45_95),V(NODE3_45_96),V(NODE3_45_97),V(NODE3_45_98),V(NODE3_45_99),V(NODE3_46_0),V(NODE3_46_1),V(NODE3_46_2),V(NODE3_46_3),V(NODE3_46_4),V(NODE3_46_5),V(NODE3_46_6),V(NODE3_46_7),V(NODE3_46_8),V(NODE3_46_9),V(NODE3_46_10),V(NODE3_46_11),V(NODE3_46_12),V(NODE3_46_13),V(NODE3_46_14),V(NODE3_46_15),V(NODE3_46_16),V(NODE3_46_17),V(NODE3_46_18),V(NODE3_46_19),V(NODE3_46_20),V(NODE3_46_21),V(NODE3_46_22),V(NODE3_46_23),V(NODE3_46_24),V(NODE3_46_25),V(NODE3_46_26),V(NODE3_46_27),V(NODE3_46_28),V(NODE3_46_29),V(NODE3_46_30),V(NODE3_46_31),V(NODE3_46_32),V(NODE3_46_33),V(NODE3_46_34),V(NODE3_46_35),V(NODE3_46_36),V(NODE3_46_37),V(NODE3_46_38),V(NODE3_46_39),V(NODE3_46_40),V(NODE3_46_41),V(NODE3_46_42),V(NODE3_46_43),V(NODE3_46_44),V(NODE3_46_45),V(NODE3_46_46),V(NODE3_46_47),V(NODE3_46_48),V(NODE3_46_49),V(NODE3_46_50),V(NODE3_46_51),V(NODE3_46_52),V(NODE3_46_53),V(NODE3_46_54),V(NODE3_46_55),V(NODE3_46_56),V(NODE3_46_57),V(NODE3_46_58),V(NODE3_46_59),V(NODE3_46_60),V(NODE3_46_61),V(NODE3_46_62),V(NODE3_46_63),V(NODE3_46_64),V(NODE3_46_65),V(NODE3_46_66),V(NODE3_46_67),V(NODE3_46_68),V(NODE3_46_69),V(NODE3_46_70),V(NODE3_46_71),V(NODE3_46_72),V(NODE3_46_73),V(NODE3_46_74),V(NODE3_46_75),V(NODE3_46_76),V(NODE3_46_77),V(NODE3_46_78),V(NODE3_46_79),V(NODE3_46_80),V(NODE3_46_81),V(NODE3_46_82),V(NODE3_46_83),V(NODE3_46_84),V(NODE3_46_85),V(NODE3_46_86),V(NODE3_46_87),V(NODE3_46_88),V(NODE3_46_89),V(NODE3_46_90),V(NODE3_46_91),V(NODE3_46_92),V(NODE3_46_93),V(NODE3_46_94),V(NODE3_46_95),V(NODE3_46_96),V(NODE3_46_97),V(NODE3_46_98),V(NODE3_46_99),V(NODE3_47_0),V(NODE3_47_1),V(NODE3_47_2),V(NODE3_47_3),V(NODE3_47_4),V(NODE3_47_5),V(NODE3_47_6),V(NODE3_47_7),V(NODE3_47_8),V(NODE3_47_9),V(NODE3_47_10),V(NODE3_47_11),V(NODE3_47_12),V(NODE3_47_13),V(NODE3_47_14),V(NODE3_47_15),V(NODE3_47_16),V(NODE3_47_17),V(NODE3_47_18),V(NODE3_47_19),V(NODE3_47_20),V(NODE3_47_21),V(NODE3_47_22),V(NODE3_47_23),V(NODE3_47_24),V(NODE3_47_25),V(NODE3_47_26),V(NODE3_47_27),V(NODE3_47_28),V(NODE3_47_29),V(NODE3_47_30),V(NODE3_47_31),V(NODE3_47_32),V(NODE3_47_33),V(NODE3_47_34),V(NODE3_47_35),V(NODE3_47_36),V(NODE3_47_37),V(NODE3_47_38),V(NODE3_47_39),V(NODE3_47_40),V(NODE3_47_41),V(NODE3_47_42),V(NODE3_47_43),V(NODE3_47_44),V(NODE3_47_45),V(NODE3_47_46),V(NODE3_47_47),V(NODE3_47_48),V(NODE3_47_49),V(NODE3_47_50),V(NODE3_47_51),V(NODE3_47_52),V(NODE3_47_53),V(NODE3_47_54),V(NODE3_47_55),V(NODE3_47_56),V(NODE3_47_57),V(NODE3_47_58),V(NODE3_47_59),V(NODE3_47_60),V(NODE3_47_61),V(NODE3_47_62),V(NODE3_47_63),V(NODE3_47_64),V(NODE3_47_65),V(NODE3_47_66),V(NODE3_47_67),V(NODE3_47_68),V(NODE3_47_69),V(NODE3_47_70),V(NODE3_47_71),V(NODE3_47_72),V(NODE3_47_73),V(NODE3_47_74),V(NODE3_47_75),V(NODE3_47_76),V(NODE3_47_77),V(NODE3_47_78),V(NODE3_47_79),V(NODE3_47_80),V(NODE3_47_81),V(NODE3_47_82),V(NODE3_47_83),V(NODE3_47_84),V(NODE3_47_85),V(NODE3_47_86),V(NODE3_47_87),V(NODE3_47_88),V(NODE3_47_89),V(NODE3_47_90),V(NODE3_47_91),V(NODE3_47_92),V(NODE3_47_93),V(NODE3_47_94),V(NODE3_47_95),V(NODE3_47_96),V(NODE3_47_97),V(NODE3_47_98),V(NODE3_47_99),V(NODE3_48_0),V(NODE3_48_1),V(NODE3_48_2),V(NODE3_48_3),V(NODE3_48_4),V(NODE3_48_5),V(NODE3_48_6),V(NODE3_48_7),V(NODE3_48_8),V(NODE3_48_9),V(NODE3_48_10),V(NODE3_48_11),V(NODE3_48_12),V(NODE3_48_13),V(NODE3_48_14),V(NODE3_48_15),V(NODE3_48_16),V(NODE3_48_17),V(NODE3_48_18),V(NODE3_48_19),V(NODE3_48_20),V(NODE3_48_21),V(NODE3_48_22),V(NODE3_48_23),V(NODE3_48_24),V(NODE3_48_25),V(NODE3_48_26),V(NODE3_48_27),V(NODE3_48_28),V(NODE3_48_29),V(NODE3_48_30),V(NODE3_48_31),V(NODE3_48_32),V(NODE3_48_33),V(NODE3_48_34),V(NODE3_48_35),V(NODE3_48_36),V(NODE3_48_37),V(NODE3_48_38),V(NODE3_48_39),V(NODE3_48_40),V(NODE3_48_41),V(NODE3_48_42),V(NODE3_48_43),V(NODE3_48_44),V(NODE3_48_45),V(NODE3_48_46),V(NODE3_48_47),V(NODE3_48_48),V(NODE3_48_49),V(NODE3_48_50),V(NODE3_48_51),V(NODE3_48_52),V(NODE3_48_53),V(NODE3_48_54),V(NODE3_48_55),V(NODE3_48_56),V(NODE3_48_57),V(NODE3_48_58),V(NODE3_48_59),V(NODE3_48_60),V(NODE3_48_61),V(NODE3_48_62),V(NODE3_48_63),V(NODE3_48_64),V(NODE3_48_65),V(NODE3_48_66),V(NODE3_48_67),V(NODE3_48_68),V(NODE3_48_69),V(NODE3_48_70),V(NODE3_48_71),V(NODE3_48_72),V(NODE3_48_73),V(NODE3_48_74),V(NODE3_48_75),V(NODE3_48_76),V(NODE3_48_77),V(NODE3_48_78),V(NODE3_48_79),V(NODE3_48_80),V(NODE3_48_81),V(NODE3_48_82),V(NODE3_48_83),V(NODE3_48_84),V(NODE3_48_85),V(NODE3_48_86),V(NODE3_48_87),V(NODE3_48_88),V(NODE3_48_89),V(NODE3_48_90),V(NODE3_48_91),V(NODE3_48_92),V(NODE3_48_93),V(NODE3_48_94),V(NODE3_48_95),V(NODE3_48_96),V(NODE3_48_97),V(NODE3_48_98),V(NODE3_48_99),V(NODE3_49_0),V(NODE3_49_1),V(NODE3_49_2),V(NODE3_49_3),V(NODE3_49_4),V(NODE3_49_5),V(NODE3_49_6),V(NODE3_49_7),V(NODE3_49_8),V(NODE3_49_9),V(NODE3_49_10),V(NODE3_49_11),V(NODE3_49_12),V(NODE3_49_13),V(NODE3_49_14),V(NODE3_49_15),V(NODE3_49_16),V(NODE3_49_17),V(NODE3_49_18),V(NODE3_49_19),V(NODE3_49_20),V(NODE3_49_21),V(NODE3_49_22),V(NODE3_49_23),V(NODE3_49_24),V(NODE3_49_25),V(NODE3_49_26),V(NODE3_49_27),V(NODE3_49_28),V(NODE3_49_29),V(NODE3_49_30),V(NODE3_49_31),V(NODE3_49_32),V(NODE3_49_33),V(NODE3_49_34),V(NODE3_49_35),V(NODE3_49_36),V(NODE3_49_37),V(NODE3_49_38),V(NODE3_49_39),V(NODE3_49_40),V(NODE3_49_41),V(NODE3_49_42),V(NODE3_49_43),V(NODE3_49_44),V(NODE3_49_45),V(NODE3_49_46),V(NODE3_49_47),V(NODE3_49_48),V(NODE3_49_49),V(NODE3_49_50),V(NODE3_49_51),V(NODE3_49_52),V(NODE3_49_53),V(NODE3_49_54),V(NODE3_49_55),V(NODE3_49_56),V(NODE3_49_57),V(NODE3_49_58),V(NODE3_49_59),V(NODE3_49_60),V(NODE3_49_61),V(NODE3_49_62),V(NODE3_49_63),V(NODE3_49_64),V(NODE3_49_65),V(NODE3_49_66),V(NODE3_49_67),V(NODE3_49_68),V(NODE3_49_69),V(NODE3_49_70),V(NODE3_49_71),V(NODE3_49_72),V(NODE3_49_73),V(NODE3_49_74),V(NODE3_49_75),V(NODE3_49_76),V(NODE3_49_77),V(NODE3_49_78),V(NODE3_49_79),V(NODE3_49_80),V(NODE3_49_81),V(NODE3_49_82),V(NODE3_49_83),V(NODE3_49_84),V(NODE3_49_85),V(NODE3_49_86),V(NODE3_49_87),V(NODE3_49_88),V(NODE3_49_89),V(NODE3_49_90),V(NODE3_49_91),V(NODE3_49_92),V(NODE3_49_93),V(NODE3_49_94),V(NODE3_49_95),V(NODE3_49_96),V(NODE3_49_97),V(NODE3_49_98),V(NODE3_49_99),V(NODE3_50_0),V(NODE3_50_1),V(NODE3_50_2),V(NODE3_50_3),V(NODE3_50_4),V(NODE3_50_5),V(NODE3_50_6),V(NODE3_50_7),V(NODE3_50_8),V(NODE3_50_9),V(NODE3_50_10),V(NODE3_50_11),V(NODE3_50_12),V(NODE3_50_13),V(NODE3_50_14),V(NODE3_50_15),V(NODE3_50_16),V(NODE3_50_17),V(NODE3_50_18),V(NODE3_50_19),V(NODE3_50_20),V(NODE3_50_21),V(NODE3_50_22),V(NODE3_50_23),V(NODE3_50_24),V(NODE3_50_25),V(NODE3_50_26),V(NODE3_50_27),V(NODE3_50_28),V(NODE3_50_29),V(NODE3_50_30),V(NODE3_50_31),V(NODE3_50_32),V(NODE3_50_33),V(NODE3_50_34),V(NODE3_50_35),V(NODE3_50_36),V(NODE3_50_37),V(NODE3_50_38),V(NODE3_50_39),V(NODE3_50_40),V(NODE3_50_41),V(NODE3_50_42),V(NODE3_50_43),V(NODE3_50_44),V(NODE3_50_45),V(NODE3_50_46),V(NODE3_50_47),V(NODE3_50_48),V(NODE3_50_49),V(NODE3_50_50),V(NODE3_50_51),V(NODE3_50_52),V(NODE3_50_53),V(NODE3_50_54),V(NODE3_50_55),V(NODE3_50_56),V(NODE3_50_57),V(NODE3_50_58),V(NODE3_50_59),V(NODE3_50_60),V(NODE3_50_61),V(NODE3_50_62),V(NODE3_50_63),V(NODE3_50_64),V(NODE3_50_65),V(NODE3_50_66),V(NODE3_50_67),V(NODE3_50_68),V(NODE3_50_69),V(NODE3_50_70),V(NODE3_50_71),V(NODE3_50_72),V(NODE3_50_73),V(NODE3_50_74),V(NODE3_50_75),V(NODE3_50_76),V(NODE3_50_77),V(NODE3_50_78),V(NODE3_50_79),V(NODE3_50_80),V(NODE3_50_81),V(NODE3_50_82),V(NODE3_50_83),V(NODE3_50_84),V(NODE3_50_85),V(NODE3_50_86),V(NODE3_50_87),V(NODE3_50_88),V(NODE3_50_89),V(NODE3_50_90),V(NODE3_50_91),V(NODE3_50_92),V(NODE3_50_93),V(NODE3_50_94),V(NODE3_50_95),V(NODE3_50_96),V(NODE3_50_97),V(NODE3_50_98),V(NODE3_50_99),V(NODE3_51_0),V(NODE3_51_1),V(NODE3_51_2),V(NODE3_51_3),V(NODE3_51_4),V(NODE3_51_5),V(NODE3_51_6),V(NODE3_51_7),V(NODE3_51_8),V(NODE3_51_9),V(NODE3_51_10),V(NODE3_51_11),V(NODE3_51_12),V(NODE3_51_13),V(NODE3_51_14),V(NODE3_51_15),V(NODE3_51_16),V(NODE3_51_17),V(NODE3_51_18),V(NODE3_51_19),V(NODE3_51_20),V(NODE3_51_21),V(NODE3_51_22),V(NODE3_51_23),V(NODE3_51_24),V(NODE3_51_25),V(NODE3_51_26),V(NODE3_51_27),V(NODE3_51_28),V(NODE3_51_29),V(NODE3_51_30),V(NODE3_51_31),V(NODE3_51_32),V(NODE3_51_33),V(NODE3_51_34),V(NODE3_51_35),V(NODE3_51_36),V(NODE3_51_37),V(NODE3_51_38),V(NODE3_51_39),V(NODE3_51_40),V(NODE3_51_41),V(NODE3_51_42),V(NODE3_51_43),V(NODE3_51_44),V(NODE3_51_45),V(NODE3_51_46),V(NODE3_51_47),V(NODE3_51_48),V(NODE3_51_49),V(NODE3_51_50),V(NODE3_51_51),V(NODE3_51_52),V(NODE3_51_53),V(NODE3_51_54),V(NODE3_51_55),V(NODE3_51_56),V(NODE3_51_57),V(NODE3_51_58),V(NODE3_51_59),V(NODE3_51_60),V(NODE3_51_61),V(NODE3_51_62),V(NODE3_51_63),V(NODE3_51_64),V(NODE3_51_65),V(NODE3_51_66),V(NODE3_51_67),V(NODE3_51_68),V(NODE3_51_69),V(NODE3_51_70),V(NODE3_51_71),V(NODE3_51_72),V(NODE3_51_73),V(NODE3_51_74),V(NODE3_51_75),V(NODE3_51_76),V(NODE3_51_77),V(NODE3_51_78),V(NODE3_51_79),V(NODE3_51_80),V(NODE3_51_81),V(NODE3_51_82),V(NODE3_51_83),V(NODE3_51_84),V(NODE3_51_85),V(NODE3_51_86),V(NODE3_51_87),V(NODE3_51_88),V(NODE3_51_89),V(NODE3_51_90),V(NODE3_51_91),V(NODE3_51_92),V(NODE3_51_93),V(NODE3_51_94),V(NODE3_51_95),V(NODE3_51_96),V(NODE3_51_97),V(NODE3_51_98),V(NODE3_51_99),V(NODE3_52_0),V(NODE3_52_1),V(NODE3_52_2),V(NODE3_52_3),V(NODE3_52_4),V(NODE3_52_5),V(NODE3_52_6),V(NODE3_52_7),V(NODE3_52_8),V(NODE3_52_9),V(NODE3_52_10),V(NODE3_52_11),V(NODE3_52_12),V(NODE3_52_13),V(NODE3_52_14),V(NODE3_52_15),V(NODE3_52_16),V(NODE3_52_17),V(NODE3_52_18),V(NODE3_52_19),V(NODE3_52_20),V(NODE3_52_21),V(NODE3_52_22),V(NODE3_52_23),V(NODE3_52_24),V(NODE3_52_25),V(NODE3_52_26),V(NODE3_52_27),V(NODE3_52_28),V(NODE3_52_29),V(NODE3_52_30),V(NODE3_52_31),V(NODE3_52_32),V(NODE3_52_33),V(NODE3_52_34),V(NODE3_52_35),V(NODE3_52_36),V(NODE3_52_37),V(NODE3_52_38),V(NODE3_52_39),V(NODE3_52_40),V(NODE3_52_41),V(NODE3_52_42),V(NODE3_52_43),V(NODE3_52_44),V(NODE3_52_45),V(NODE3_52_46),V(NODE3_52_47),V(NODE3_52_48),V(NODE3_52_49),V(NODE3_52_50),V(NODE3_52_51),V(NODE3_52_52),V(NODE3_52_53),V(NODE3_52_54),V(NODE3_52_55),V(NODE3_52_56),V(NODE3_52_57),V(NODE3_52_58),V(NODE3_52_59),V(NODE3_52_60),V(NODE3_52_61),V(NODE3_52_62),V(NODE3_52_63),V(NODE3_52_64),V(NODE3_52_65),V(NODE3_52_66),V(NODE3_52_67),V(NODE3_52_68),V(NODE3_52_69),V(NODE3_52_70),V(NODE3_52_71),V(NODE3_52_72),V(NODE3_52_73),V(NODE3_52_74),V(NODE3_52_75),V(NODE3_52_76),V(NODE3_52_77),V(NODE3_52_78),V(NODE3_52_79),V(NODE3_52_80),V(NODE3_52_81),V(NODE3_52_82),V(NODE3_52_83),V(NODE3_52_84),V(NODE3_52_85),V(NODE3_52_86),V(NODE3_52_87),V(NODE3_52_88),V(NODE3_52_89),V(NODE3_52_90),V(NODE3_52_91),V(NODE3_52_92),V(NODE3_52_93),V(NODE3_52_94),V(NODE3_52_95),V(NODE3_52_96),V(NODE3_52_97),V(NODE3_52_98),V(NODE3_52_99),V(NODE3_53_0),V(NODE3_53_1),V(NODE3_53_2),V(NODE3_53_3),V(NODE3_53_4),V(NODE3_53_5),V(NODE3_53_6),V(NODE3_53_7),V(NODE3_53_8),V(NODE3_53_9),V(NODE3_53_10),V(NODE3_53_11),V(NODE3_53_12),V(NODE3_53_13),V(NODE3_53_14),V(NODE3_53_15),V(NODE3_53_16),V(NODE3_53_17),V(NODE3_53_18),V(NODE3_53_19),V(NODE3_53_20),V(NODE3_53_21),V(NODE3_53_22),V(NODE3_53_23),V(NODE3_53_24),V(NODE3_53_25),V(NODE3_53_26),V(NODE3_53_27),V(NODE3_53_28),V(NODE3_53_29),V(NODE3_53_30),V(NODE3_53_31),V(NODE3_53_32),V(NODE3_53_33),V(NODE3_53_34),V(NODE3_53_35),V(NODE3_53_36),V(NODE3_53_37),V(NODE3_53_38),V(NODE3_53_39),V(NODE3_53_40),V(NODE3_53_41),V(NODE3_53_42),V(NODE3_53_43),V(NODE3_53_44),V(NODE3_53_45),V(NODE3_53_46),V(NODE3_53_47),V(NODE3_53_48),V(NODE3_53_49),V(NODE3_53_50),V(NODE3_53_51),V(NODE3_53_52),V(NODE3_53_53),V(NODE3_53_54),V(NODE3_53_55),V(NODE3_53_56),V(NODE3_53_57),V(NODE3_53_58),V(NODE3_53_59),V(NODE3_53_60),V(NODE3_53_61),V(NODE3_53_62),V(NODE3_53_63),V(NODE3_53_64),V(NODE3_53_65),V(NODE3_53_66),V(NODE3_53_67),V(NODE3_53_68),V(NODE3_53_69),V(NODE3_53_70),V(NODE3_53_71),V(NODE3_53_72),V(NODE3_53_73),V(NODE3_53_74),V(NODE3_53_75),V(NODE3_53_76),V(NODE3_53_77),V(NODE3_53_78),V(NODE3_53_79),V(NODE3_53_80),V(NODE3_53_81),V(NODE3_53_82),V(NODE3_53_83),V(NODE3_53_84),V(NODE3_53_85),V(NODE3_53_86),V(NODE3_53_87),V(NODE3_53_88),V(NODE3_53_89),V(NODE3_53_90),V(NODE3_53_91),V(NODE3_53_92),V(NODE3_53_93),V(NODE3_53_94),V(NODE3_53_95),V(NODE3_53_96),V(NODE3_53_97),V(NODE3_53_98),V(NODE3_53_99),V(NODE3_54_0),V(NODE3_54_1),V(NODE3_54_2),V(NODE3_54_3),V(NODE3_54_4),V(NODE3_54_5),V(NODE3_54_6),V(NODE3_54_7),V(NODE3_54_8),V(NODE3_54_9),V(NODE3_54_10),V(NODE3_54_11),V(NODE3_54_12),V(NODE3_54_13),V(NODE3_54_14),V(NODE3_54_15),V(NODE3_54_16),V(NODE3_54_17),V(NODE3_54_18),V(NODE3_54_19),V(NODE3_54_20),V(NODE3_54_21),V(NODE3_54_22),V(NODE3_54_23),V(NODE3_54_24),V(NODE3_54_25),V(NODE3_54_26),V(NODE3_54_27),V(NODE3_54_28),V(NODE3_54_29),V(NODE3_54_30),V(NODE3_54_31),V(NODE3_54_32),V(NODE3_54_33),V(NODE3_54_34),V(NODE3_54_35),V(NODE3_54_36),V(NODE3_54_37),V(NODE3_54_38),V(NODE3_54_39),V(NODE3_54_40),V(NODE3_54_41),V(NODE3_54_42),V(NODE3_54_43),V(NODE3_54_44),V(NODE3_54_45),V(NODE3_54_46),V(NODE3_54_47),V(NODE3_54_48),V(NODE3_54_49),V(NODE3_54_50),V(NODE3_54_51),V(NODE3_54_52),V(NODE3_54_53),V(NODE3_54_54),V(NODE3_54_55),V(NODE3_54_56),V(NODE3_54_57),V(NODE3_54_58),V(NODE3_54_59),V(NODE3_54_60),V(NODE3_54_61),V(NODE3_54_62),V(NODE3_54_63),V(NODE3_54_64),V(NODE3_54_65),V(NODE3_54_66),V(NODE3_54_67),V(NODE3_54_68),V(NODE3_54_69),V(NODE3_54_70),V(NODE3_54_71),V(NODE3_54_72),V(NODE3_54_73),V(NODE3_54_74),V(NODE3_54_75),V(NODE3_54_76),V(NODE3_54_77),V(NODE3_54_78),V(NODE3_54_79),V(NODE3_54_80),V(NODE3_54_81),V(NODE3_54_82),V(NODE3_54_83),V(NODE3_54_84),V(NODE3_54_85),V(NODE3_54_86),V(NODE3_54_87),V(NODE3_54_88),V(NODE3_54_89),V(NODE3_54_90),V(NODE3_54_91),V(NODE3_54_92),V(NODE3_54_93),V(NODE3_54_94),V(NODE3_54_95),V(NODE3_54_96),V(NODE3_54_97),V(NODE3_54_98),V(NODE3_54_99),V(NODE3_55_0),V(NODE3_55_1),V(NODE3_55_2),V(NODE3_55_3),V(NODE3_55_4),V(NODE3_55_5),V(NODE3_55_6),V(NODE3_55_7),V(NODE3_55_8),V(NODE3_55_9),V(NODE3_55_10),V(NODE3_55_11),V(NODE3_55_12),V(NODE3_55_13),V(NODE3_55_14),V(NODE3_55_15),V(NODE3_55_16),V(NODE3_55_17),V(NODE3_55_18),V(NODE3_55_19),V(NODE3_55_20),V(NODE3_55_21),V(NODE3_55_22),V(NODE3_55_23),V(NODE3_55_24),V(NODE3_55_25),V(NODE3_55_26),V(NODE3_55_27),V(NODE3_55_28),V(NODE3_55_29),V(NODE3_55_30),V(NODE3_55_31),V(NODE3_55_32),V(NODE3_55_33),V(NODE3_55_34),V(NODE3_55_35),V(NODE3_55_36),V(NODE3_55_37),V(NODE3_55_38),V(NODE3_55_39),V(NODE3_55_40),V(NODE3_55_41),V(NODE3_55_42),V(NODE3_55_43),V(NODE3_55_44),V(NODE3_55_45),V(NODE3_55_46),V(NODE3_55_47),V(NODE3_55_48),V(NODE3_55_49),V(NODE3_55_50),V(NODE3_55_51),V(NODE3_55_52),V(NODE3_55_53),V(NODE3_55_54),V(NODE3_55_55),V(NODE3_55_56),V(NODE3_55_57),V(NODE3_55_58),V(NODE3_55_59),V(NODE3_55_60),V(NODE3_55_61),V(NODE3_55_62),V(NODE3_55_63),V(NODE3_55_64),V(NODE3_55_65),V(NODE3_55_66),V(NODE3_55_67),V(NODE3_55_68),V(NODE3_55_69),V(NODE3_55_70),V(NODE3_55_71),V(NODE3_55_72),V(NODE3_55_73),V(NODE3_55_74),V(NODE3_55_75),V(NODE3_55_76),V(NODE3_55_77),V(NODE3_55_78),V(NODE3_55_79),V(NODE3_55_80),V(NODE3_55_81),V(NODE3_55_82),V(NODE3_55_83),V(NODE3_55_84),V(NODE3_55_85),V(NODE3_55_86),V(NODE3_55_87),V(NODE3_55_88),V(NODE3_55_89),V(NODE3_55_90),V(NODE3_55_91),V(NODE3_55_92),V(NODE3_55_93),V(NODE3_55_94),V(NODE3_55_95),V(NODE3_55_96),V(NODE3_55_97),V(NODE3_55_98),V(NODE3_55_99),V(NODE3_56_0),V(NODE3_56_1),V(NODE3_56_2),V(NODE3_56_3),V(NODE3_56_4),V(NODE3_56_5),V(NODE3_56_6),V(NODE3_56_7),V(NODE3_56_8),V(NODE3_56_9),V(NODE3_56_10),V(NODE3_56_11),V(NODE3_56_12),V(NODE3_56_13),V(NODE3_56_14),V(NODE3_56_15),V(NODE3_56_16),V(NODE3_56_17),V(NODE3_56_18),V(NODE3_56_19),V(NODE3_56_20),V(NODE3_56_21),V(NODE3_56_22),V(NODE3_56_23),V(NODE3_56_24),V(NODE3_56_25),V(NODE3_56_26),V(NODE3_56_27),V(NODE3_56_28),V(NODE3_56_29),V(NODE3_56_30),V(NODE3_56_31),V(NODE3_56_32),V(NODE3_56_33),V(NODE3_56_34),V(NODE3_56_35),V(NODE3_56_36),V(NODE3_56_37),V(NODE3_56_38),V(NODE3_56_39),V(NODE3_56_40),V(NODE3_56_41),V(NODE3_56_42),V(NODE3_56_43),V(NODE3_56_44),V(NODE3_56_45),V(NODE3_56_46),V(NODE3_56_47),V(NODE3_56_48),V(NODE3_56_49),V(NODE3_56_50),V(NODE3_56_51),V(NODE3_56_52),V(NODE3_56_53),V(NODE3_56_54),V(NODE3_56_55),V(NODE3_56_56),V(NODE3_56_57),V(NODE3_56_58),V(NODE3_56_59),V(NODE3_56_60),V(NODE3_56_61),V(NODE3_56_62),V(NODE3_56_63),V(NODE3_56_64),V(NODE3_56_65),V(NODE3_56_66),V(NODE3_56_67),V(NODE3_56_68),V(NODE3_56_69),V(NODE3_56_70),V(NODE3_56_71),V(NODE3_56_72),V(NODE3_56_73),V(NODE3_56_74),V(NODE3_56_75),V(NODE3_56_76),V(NODE3_56_77),V(NODE3_56_78),V(NODE3_56_79),V(NODE3_56_80),V(NODE3_56_81),V(NODE3_56_82),V(NODE3_56_83),V(NODE3_56_84),V(NODE3_56_85),V(NODE3_56_86),V(NODE3_56_87),V(NODE3_56_88),V(NODE3_56_89),V(NODE3_56_90),V(NODE3_56_91),V(NODE3_56_92),V(NODE3_56_93),V(NODE3_56_94),V(NODE3_56_95),V(NODE3_56_96),V(NODE3_56_97),V(NODE3_56_98),V(NODE3_56_99),V(NODE3_57_0),V(NODE3_57_1),V(NODE3_57_2),V(NODE3_57_3),V(NODE3_57_4),V(NODE3_57_5),V(NODE3_57_6),V(NODE3_57_7),V(NODE3_57_8),V(NODE3_57_9),V(NODE3_57_10),V(NODE3_57_11),V(NODE3_57_12),V(NODE3_57_13),V(NODE3_57_14),V(NODE3_57_15),V(NODE3_57_16),V(NODE3_57_17),V(NODE3_57_18),V(NODE3_57_19),V(NODE3_57_20),V(NODE3_57_21),V(NODE3_57_22),V(NODE3_57_23),V(NODE3_57_24),V(NODE3_57_25),V(NODE3_57_26),V(NODE3_57_27),V(NODE3_57_28),V(NODE3_57_29),V(NODE3_57_30),V(NODE3_57_31),V(NODE3_57_32),V(NODE3_57_33),V(NODE3_57_34),V(NODE3_57_35),V(NODE3_57_36),V(NODE3_57_37),V(NODE3_57_38),V(NODE3_57_39),V(NODE3_57_40),V(NODE3_57_41),V(NODE3_57_42),V(NODE3_57_43),V(NODE3_57_44),V(NODE3_57_45),V(NODE3_57_46),V(NODE3_57_47),V(NODE3_57_48),V(NODE3_57_49),V(NODE3_57_50),V(NODE3_57_51),V(NODE3_57_52),V(NODE3_57_53),V(NODE3_57_54),V(NODE3_57_55),V(NODE3_57_56),V(NODE3_57_57),V(NODE3_57_58),V(NODE3_57_59),V(NODE3_57_60),V(NODE3_57_61),V(NODE3_57_62),V(NODE3_57_63),V(NODE3_57_64),V(NODE3_57_65),V(NODE3_57_66),V(NODE3_57_67),V(NODE3_57_68),V(NODE3_57_69),V(NODE3_57_70),V(NODE3_57_71),V(NODE3_57_72),V(NODE3_57_73),V(NODE3_57_74),V(NODE3_57_75),V(NODE3_57_76),V(NODE3_57_77),V(NODE3_57_78),V(NODE3_57_79),V(NODE3_57_80),V(NODE3_57_81),V(NODE3_57_82),V(NODE3_57_83),V(NODE3_57_84),V(NODE3_57_85),V(NODE3_57_86),V(NODE3_57_87),V(NODE3_57_88),V(NODE3_57_89),V(NODE3_57_90),V(NODE3_57_91),V(NODE3_57_92),V(NODE3_57_93),V(NODE3_57_94),V(NODE3_57_95),V(NODE3_57_96),V(NODE3_57_97),V(NODE3_57_98),V(NODE3_57_99),V(NODE3_58_0),V(NODE3_58_1),V(NODE3_58_2),V(NODE3_58_3),V(NODE3_58_4),V(NODE3_58_5),V(NODE3_58_6),V(NODE3_58_7),V(NODE3_58_8),V(NODE3_58_9),V(NODE3_58_10),V(NODE3_58_11),V(NODE3_58_12),V(NODE3_58_13),V(NODE3_58_14),V(NODE3_58_15),V(NODE3_58_16),V(NODE3_58_17),V(NODE3_58_18),V(NODE3_58_19),V(NODE3_58_20),V(NODE3_58_21),V(NODE3_58_22),V(NODE3_58_23),V(NODE3_58_24),V(NODE3_58_25),V(NODE3_58_26),V(NODE3_58_27),V(NODE3_58_28),V(NODE3_58_29),V(NODE3_58_30),V(NODE3_58_31),V(NODE3_58_32),V(NODE3_58_33),V(NODE3_58_34),V(NODE3_58_35),V(NODE3_58_36),V(NODE3_58_37),V(NODE3_58_38),V(NODE3_58_39),V(NODE3_58_40),V(NODE3_58_41),V(NODE3_58_42),V(NODE3_58_43),V(NODE3_58_44),V(NODE3_58_45),V(NODE3_58_46),V(NODE3_58_47),V(NODE3_58_48),V(NODE3_58_49),V(NODE3_58_50),V(NODE3_58_51),V(NODE3_58_52),V(NODE3_58_53),V(NODE3_58_54),V(NODE3_58_55),V(NODE3_58_56),V(NODE3_58_57),V(NODE3_58_58),V(NODE3_58_59),V(NODE3_58_60),V(NODE3_58_61),V(NODE3_58_62),V(NODE3_58_63),V(NODE3_58_64),V(NODE3_58_65),V(NODE3_58_66),V(NODE3_58_67),V(NODE3_58_68),V(NODE3_58_69),V(NODE3_58_70),V(NODE3_58_71),V(NODE3_58_72),V(NODE3_58_73),V(NODE3_58_74),V(NODE3_58_75),V(NODE3_58_76),V(NODE3_58_77),V(NODE3_58_78),V(NODE3_58_79),V(NODE3_58_80),V(NODE3_58_81),V(NODE3_58_82),V(NODE3_58_83),V(NODE3_58_84),V(NODE3_58_85),V(NODE3_58_86),V(NODE3_58_87),V(NODE3_58_88),V(NODE3_58_89),V(NODE3_58_90),V(NODE3_58_91),V(NODE3_58_92),V(NODE3_58_93),V(NODE3_58_94),V(NODE3_58_95),V(NODE3_58_96),V(NODE3_58_97),V(NODE3_58_98),V(NODE3_58_99),V(NODE3_59_0),V(NODE3_59_1),V(NODE3_59_2),V(NODE3_59_3),V(NODE3_59_4),V(NODE3_59_5),V(NODE3_59_6),V(NODE3_59_7),V(NODE3_59_8),V(NODE3_59_9),V(NODE3_59_10),V(NODE3_59_11),V(NODE3_59_12),V(NODE3_59_13),V(NODE3_59_14),V(NODE3_59_15),V(NODE3_59_16),V(NODE3_59_17),V(NODE3_59_18),V(NODE3_59_19),V(NODE3_59_20),V(NODE3_59_21),V(NODE3_59_22),V(NODE3_59_23),V(NODE3_59_24),V(NODE3_59_25),V(NODE3_59_26),V(NODE3_59_27),V(NODE3_59_28),V(NODE3_59_29),V(NODE3_59_30),V(NODE3_59_31),V(NODE3_59_32),V(NODE3_59_33),V(NODE3_59_34),V(NODE3_59_35),V(NODE3_59_36),V(NODE3_59_37),V(NODE3_59_38),V(NODE3_59_39),V(NODE3_59_40),V(NODE3_59_41),V(NODE3_59_42),V(NODE3_59_43),V(NODE3_59_44),V(NODE3_59_45),V(NODE3_59_46),V(NODE3_59_47),V(NODE3_59_48),V(NODE3_59_49),V(NODE3_59_50),V(NODE3_59_51),V(NODE3_59_52),V(NODE3_59_53),V(NODE3_59_54),V(NODE3_59_55),V(NODE3_59_56),V(NODE3_59_57),V(NODE3_59_58),V(NODE3_59_59),V(NODE3_59_60),V(NODE3_59_61),V(NODE3_59_62),V(NODE3_59_63),V(NODE3_59_64),V(NODE3_59_65),V(NODE3_59_66),V(NODE3_59_67),V(NODE3_59_68),V(NODE3_59_69),V(NODE3_59_70),V(NODE3_59_71),V(NODE3_59_72),V(NODE3_59_73),V(NODE3_59_74),V(NODE3_59_75),V(NODE3_59_76),V(NODE3_59_77),V(NODE3_59_78),V(NODE3_59_79),V(NODE3_59_80),V(NODE3_59_81),V(NODE3_59_82),V(NODE3_59_83),V(NODE3_59_84),V(NODE3_59_85),V(NODE3_59_86),V(NODE3_59_87),V(NODE3_59_88),V(NODE3_59_89),V(NODE3_59_90),V(NODE3_59_91),V(NODE3_59_92),V(NODE3_59_93),V(NODE3_59_94),V(NODE3_59_95),V(NODE3_59_96),V(NODE3_59_97),V(NODE3_59_98),V(NODE3_59_99),V(NODE3_60_0),V(NODE3_60_1),V(NODE3_60_2),V(NODE3_60_3),V(NODE3_60_4),V(NODE3_60_5),V(NODE3_60_6),V(NODE3_60_7),V(NODE3_60_8),V(NODE3_60_9),V(NODE3_60_10),V(NODE3_60_11),V(NODE3_60_12),V(NODE3_60_13),V(NODE3_60_14),V(NODE3_60_15),V(NODE3_60_16),V(NODE3_60_17),V(NODE3_60_18),V(NODE3_60_19),V(NODE3_60_20),V(NODE3_60_21),V(NODE3_60_22),V(NODE3_60_23),V(NODE3_60_24),V(NODE3_60_25),V(NODE3_60_26),V(NODE3_60_27),V(NODE3_60_28),V(NODE3_60_29),V(NODE3_60_30),V(NODE3_60_31),V(NODE3_60_32),V(NODE3_60_33),V(NODE3_60_34),V(NODE3_60_35),V(NODE3_60_36),V(NODE3_60_37),V(NODE3_60_38),V(NODE3_60_39),V(NODE3_60_40),V(NODE3_60_41),V(NODE3_60_42),V(NODE3_60_43),V(NODE3_60_44),V(NODE3_60_45),V(NODE3_60_46),V(NODE3_60_47),V(NODE3_60_48),V(NODE3_60_49),V(NODE3_60_50),V(NODE3_60_51),V(NODE3_60_52),V(NODE3_60_53),V(NODE3_60_54),V(NODE3_60_55),V(NODE3_60_56),V(NODE3_60_57),V(NODE3_60_58),V(NODE3_60_59),V(NODE3_60_60),V(NODE3_60_61),V(NODE3_60_62),V(NODE3_60_63),V(NODE3_60_64),V(NODE3_60_65),V(NODE3_60_66),V(NODE3_60_67),V(NODE3_60_68),V(NODE3_60_69),V(NODE3_60_70),V(NODE3_60_71),V(NODE3_60_72),V(NODE3_60_73),V(NODE3_60_74),V(NODE3_60_75),V(NODE3_60_76),V(NODE3_60_77),V(NODE3_60_78),V(NODE3_60_79),V(NODE3_60_80),V(NODE3_60_81),V(NODE3_60_82),V(NODE3_60_83),V(NODE3_60_84),V(NODE3_60_85),V(NODE3_60_86),V(NODE3_60_87),V(NODE3_60_88),V(NODE3_60_89),V(NODE3_60_90),V(NODE3_60_91),V(NODE3_60_92),V(NODE3_60_93),V(NODE3_60_94),V(NODE3_60_95),V(NODE3_60_96),V(NODE3_60_97),V(NODE3_60_98),V(NODE3_60_99),V(NODE3_61_0),V(NODE3_61_1),V(NODE3_61_2),V(NODE3_61_3),V(NODE3_61_4),V(NODE3_61_5),V(NODE3_61_6),V(NODE3_61_7),V(NODE3_61_8),V(NODE3_61_9),V(NODE3_61_10),V(NODE3_61_11),V(NODE3_61_12),V(NODE3_61_13),V(NODE3_61_14),V(NODE3_61_15),V(NODE3_61_16),V(NODE3_61_17),V(NODE3_61_18),V(NODE3_61_19),V(NODE3_61_20),V(NODE3_61_21),V(NODE3_61_22),V(NODE3_61_23),V(NODE3_61_24),V(NODE3_61_25),V(NODE3_61_26),V(NODE3_61_27),V(NODE3_61_28),V(NODE3_61_29),V(NODE3_61_30),V(NODE3_61_31),V(NODE3_61_32),V(NODE3_61_33),V(NODE3_61_34),V(NODE3_61_35),V(NODE3_61_36),V(NODE3_61_37),V(NODE3_61_38),V(NODE3_61_39),V(NODE3_61_40),V(NODE3_61_41),V(NODE3_61_42),V(NODE3_61_43),V(NODE3_61_44),V(NODE3_61_45),V(NODE3_61_46),V(NODE3_61_47),V(NODE3_61_48),V(NODE3_61_49),V(NODE3_61_50),V(NODE3_61_51),V(NODE3_61_52),V(NODE3_61_53),V(NODE3_61_54),V(NODE3_61_55),V(NODE3_61_56),V(NODE3_61_57),V(NODE3_61_58),V(NODE3_61_59),V(NODE3_61_60),V(NODE3_61_61),V(NODE3_61_62),V(NODE3_61_63),V(NODE3_61_64),V(NODE3_61_65),V(NODE3_61_66),V(NODE3_61_67),V(NODE3_61_68),V(NODE3_61_69),V(NODE3_61_70),V(NODE3_61_71),V(NODE3_61_72),V(NODE3_61_73),V(NODE3_61_74),V(NODE3_61_75),V(NODE3_61_76),V(NODE3_61_77),V(NODE3_61_78),V(NODE3_61_79),V(NODE3_61_80),V(NODE3_61_81),V(NODE3_61_82),V(NODE3_61_83),V(NODE3_61_84),V(NODE3_61_85),V(NODE3_61_86),V(NODE3_61_87),V(NODE3_61_88),V(NODE3_61_89),V(NODE3_61_90),V(NODE3_61_91),V(NODE3_61_92),V(NODE3_61_93),V(NODE3_61_94),V(NODE3_61_95),V(NODE3_61_96),V(NODE3_61_97),V(NODE3_61_98),V(NODE3_61_99),V(NODE3_62_0),V(NODE3_62_1),V(NODE3_62_2),V(NODE3_62_3),V(NODE3_62_4),V(NODE3_62_5),V(NODE3_62_6),V(NODE3_62_7),V(NODE3_62_8),V(NODE3_62_9),V(NODE3_62_10),V(NODE3_62_11),V(NODE3_62_12),V(NODE3_62_13),V(NODE3_62_14),V(NODE3_62_15),V(NODE3_62_16),V(NODE3_62_17),V(NODE3_62_18),V(NODE3_62_19),V(NODE3_62_20),V(NODE3_62_21),V(NODE3_62_22),V(NODE3_62_23),V(NODE3_62_24),V(NODE3_62_25),V(NODE3_62_26),V(NODE3_62_27),V(NODE3_62_28),V(NODE3_62_29),V(NODE3_62_30),V(NODE3_62_31),V(NODE3_62_32),V(NODE3_62_33),V(NODE3_62_34),V(NODE3_62_35),V(NODE3_62_36),V(NODE3_62_37),V(NODE3_62_38),V(NODE3_62_39),V(NODE3_62_40),V(NODE3_62_41),V(NODE3_62_42),V(NODE3_62_43),V(NODE3_62_44),V(NODE3_62_45),V(NODE3_62_46),V(NODE3_62_47),V(NODE3_62_48),V(NODE3_62_49),V(NODE3_62_50),V(NODE3_62_51),V(NODE3_62_52),V(NODE3_62_53),V(NODE3_62_54),V(NODE3_62_55),V(NODE3_62_56),V(NODE3_62_57),V(NODE3_62_58),V(NODE3_62_59),V(NODE3_62_60),V(NODE3_62_61),V(NODE3_62_62),V(NODE3_62_63),V(NODE3_62_64),V(NODE3_62_65),V(NODE3_62_66),V(NODE3_62_67),V(NODE3_62_68),V(NODE3_62_69),V(NODE3_62_70),V(NODE3_62_71),V(NODE3_62_72),V(NODE3_62_73),V(NODE3_62_74),V(NODE3_62_75),V(NODE3_62_76),V(NODE3_62_77),V(NODE3_62_78),V(NODE3_62_79),V(NODE3_62_80),V(NODE3_62_81),V(NODE3_62_82),V(NODE3_62_83),V(NODE3_62_84),V(NODE3_62_85),V(NODE3_62_86),V(NODE3_62_87),V(NODE3_62_88),V(NODE3_62_89),V(NODE3_62_90),V(NODE3_62_91),V(NODE3_62_92),V(NODE3_62_93),V(NODE3_62_94),V(NODE3_62_95),V(NODE3_62_96),V(NODE3_62_97),V(NODE3_62_98),V(NODE3_62_99),V(NODE3_63_0),V(NODE3_63_1),V(NODE3_63_2),V(NODE3_63_3),V(NODE3_63_4),V(NODE3_63_5),V(NODE3_63_6),V(NODE3_63_7),V(NODE3_63_8),V(NODE3_63_9),V(NODE3_63_10),V(NODE3_63_11),V(NODE3_63_12),V(NODE3_63_13),V(NODE3_63_14),V(NODE3_63_15),V(NODE3_63_16),V(NODE3_63_17),V(NODE3_63_18),V(NODE3_63_19),V(NODE3_63_20),V(NODE3_63_21),V(NODE3_63_22),V(NODE3_63_23),V(NODE3_63_24),V(NODE3_63_25),V(NODE3_63_26),V(NODE3_63_27),V(NODE3_63_28),V(NODE3_63_29),V(NODE3_63_30),V(NODE3_63_31),V(NODE3_63_32),V(NODE3_63_33),V(NODE3_63_34),V(NODE3_63_35),V(NODE3_63_36),V(NODE3_63_37),V(NODE3_63_38),V(NODE3_63_39),V(NODE3_63_40),V(NODE3_63_41),V(NODE3_63_42),V(NODE3_63_43),V(NODE3_63_44),V(NODE3_63_45),V(NODE3_63_46),V(NODE3_63_47),V(NODE3_63_48),V(NODE3_63_49),V(NODE3_63_50),V(NODE3_63_51),V(NODE3_63_52),V(NODE3_63_53),V(NODE3_63_54),V(NODE3_63_55),V(NODE3_63_56),V(NODE3_63_57),V(NODE3_63_58),V(NODE3_63_59),V(NODE3_63_60),V(NODE3_63_61),V(NODE3_63_62),V(NODE3_63_63),V(NODE3_63_64),V(NODE3_63_65),V(NODE3_63_66),V(NODE3_63_67),V(NODE3_63_68),V(NODE3_63_69),V(NODE3_63_70),V(NODE3_63_71),V(NODE3_63_72),V(NODE3_63_73),V(NODE3_63_74),V(NODE3_63_75),V(NODE3_63_76),V(NODE3_63_77),V(NODE3_63_78),V(NODE3_63_79),V(NODE3_63_80),V(NODE3_63_81),V(NODE3_63_82),V(NODE3_63_83),V(NODE3_63_84),V(NODE3_63_85),V(NODE3_63_86),V(NODE3_63_87),V(NODE3_63_88),V(NODE3_63_89),V(NODE3_63_90),V(NODE3_63_91),V(NODE3_63_92),V(NODE3_63_93),V(NODE3_63_94),V(NODE3_63_95),V(NODE3_63_96),V(NODE3_63_97),V(NODE3_63_98),V(NODE3_63_99),V(NODE3_64_0),V(NODE3_64_1),V(NODE3_64_2),V(NODE3_64_3),V(NODE3_64_4),V(NODE3_64_5),V(NODE3_64_6),V(NODE3_64_7),V(NODE3_64_8),V(NODE3_64_9),V(NODE3_64_10),V(NODE3_64_11),V(NODE3_64_12),V(NODE3_64_13),V(NODE3_64_14),V(NODE3_64_15),V(NODE3_64_16),V(NODE3_64_17),V(NODE3_64_18),V(NODE3_64_19),V(NODE3_64_20),V(NODE3_64_21),V(NODE3_64_22),V(NODE3_64_23),V(NODE3_64_24),V(NODE3_64_25),V(NODE3_64_26),V(NODE3_64_27),V(NODE3_64_28),V(NODE3_64_29),V(NODE3_64_30),V(NODE3_64_31),V(NODE3_64_32),V(NODE3_64_33),V(NODE3_64_34),V(NODE3_64_35),V(NODE3_64_36),V(NODE3_64_37),V(NODE3_64_38),V(NODE3_64_39),V(NODE3_64_40),V(NODE3_64_41),V(NODE3_64_42),V(NODE3_64_43),V(NODE3_64_44),V(NODE3_64_45),V(NODE3_64_46),V(NODE3_64_47),V(NODE3_64_48),V(NODE3_64_49),V(NODE3_64_50),V(NODE3_64_51),V(NODE3_64_52),V(NODE3_64_53),V(NODE3_64_54),V(NODE3_64_55),V(NODE3_64_56),V(NODE3_64_57),V(NODE3_64_58),V(NODE3_64_59),V(NODE3_64_60),V(NODE3_64_61),V(NODE3_64_62),V(NODE3_64_63),V(NODE3_64_64),V(NODE3_64_65),V(NODE3_64_66),V(NODE3_64_67),V(NODE3_64_68),V(NODE3_64_69),V(NODE3_64_70),V(NODE3_64_71),V(NODE3_64_72),V(NODE3_64_73),V(NODE3_64_74),V(NODE3_64_75),V(NODE3_64_76),V(NODE3_64_77),V(NODE3_64_78),V(NODE3_64_79),V(NODE3_64_80),V(NODE3_64_81),V(NODE3_64_82),V(NODE3_64_83),V(NODE3_64_84),V(NODE3_64_85),V(NODE3_64_86),V(NODE3_64_87),V(NODE3_64_88),V(NODE3_64_89),V(NODE3_64_90),V(NODE3_64_91),V(NODE3_64_92),V(NODE3_64_93),V(NODE3_64_94),V(NODE3_64_95),V(NODE3_64_96),V(NODE3_64_97),V(NODE3_64_98),V(NODE3_64_99),V(NODE3_65_0),V(NODE3_65_1),V(NODE3_65_2),V(NODE3_65_3),V(NODE3_65_4),V(NODE3_65_5),V(NODE3_65_6),V(NODE3_65_7),V(NODE3_65_8),V(NODE3_65_9),V(NODE3_65_10),V(NODE3_65_11),V(NODE3_65_12),V(NODE3_65_13),V(NODE3_65_14),V(NODE3_65_15),V(NODE3_65_16),V(NODE3_65_17),V(NODE3_65_18),V(NODE3_65_19),V(NODE3_65_20),V(NODE3_65_21),V(NODE3_65_22),V(NODE3_65_23),V(NODE3_65_24),V(NODE3_65_25),V(NODE3_65_26),V(NODE3_65_27),V(NODE3_65_28),V(NODE3_65_29),V(NODE3_65_30),V(NODE3_65_31),V(NODE3_65_32),V(NODE3_65_33),V(NODE3_65_34),V(NODE3_65_35),V(NODE3_65_36),V(NODE3_65_37),V(NODE3_65_38),V(NODE3_65_39),V(NODE3_65_40),V(NODE3_65_41),V(NODE3_65_42),V(NODE3_65_43),V(NODE3_65_44),V(NODE3_65_45),V(NODE3_65_46),V(NODE3_65_47),V(NODE3_65_48),V(NODE3_65_49),V(NODE3_65_50),V(NODE3_65_51),V(NODE3_65_52),V(NODE3_65_53),V(NODE3_65_54),V(NODE3_65_55),V(NODE3_65_56),V(NODE3_65_57),V(NODE3_65_58),V(NODE3_65_59),V(NODE3_65_60),V(NODE3_65_61),V(NODE3_65_62),V(NODE3_65_63),V(NODE3_65_64),V(NODE3_65_65),V(NODE3_65_66),V(NODE3_65_67),V(NODE3_65_68),V(NODE3_65_69),V(NODE3_65_70),V(NODE3_65_71),V(NODE3_65_72),V(NODE3_65_73),V(NODE3_65_74),V(NODE3_65_75),V(NODE3_65_76),V(NODE3_65_77),V(NODE3_65_78),V(NODE3_65_79),V(NODE3_65_80),V(NODE3_65_81),V(NODE3_65_82),V(NODE3_65_83),V(NODE3_65_84),V(NODE3_65_85),V(NODE3_65_86),V(NODE3_65_87),V(NODE3_65_88),V(NODE3_65_89),V(NODE3_65_90),V(NODE3_65_91),V(NODE3_65_92),V(NODE3_65_93),V(NODE3_65_94),V(NODE3_65_95),V(NODE3_65_96),V(NODE3_65_97),V(NODE3_65_98),V(NODE3_65_99),V(NODE3_66_0),V(NODE3_66_1),V(NODE3_66_2),V(NODE3_66_3),V(NODE3_66_4),V(NODE3_66_5),V(NODE3_66_6),V(NODE3_66_7),V(NODE3_66_8),V(NODE3_66_9),V(NODE3_66_10),V(NODE3_66_11),V(NODE3_66_12),V(NODE3_66_13),V(NODE3_66_14),V(NODE3_66_15),V(NODE3_66_16),V(NODE3_66_17),V(NODE3_66_18),V(NODE3_66_19),V(NODE3_66_20),V(NODE3_66_21),V(NODE3_66_22),V(NODE3_66_23),V(NODE3_66_24),V(NODE3_66_25),V(NODE3_66_26),V(NODE3_66_27),V(NODE3_66_28),V(NODE3_66_29),V(NODE3_66_30),V(NODE3_66_31),V(NODE3_66_32),V(NODE3_66_33),V(NODE3_66_34),V(NODE3_66_35),V(NODE3_66_36),V(NODE3_66_37),V(NODE3_66_38),V(NODE3_66_39),V(NODE3_66_40),V(NODE3_66_41),V(NODE3_66_42),V(NODE3_66_43),V(NODE3_66_44),V(NODE3_66_45),V(NODE3_66_46),V(NODE3_66_47),V(NODE3_66_48),V(NODE3_66_49),V(NODE3_66_50),V(NODE3_66_51),V(NODE3_66_52),V(NODE3_66_53),V(NODE3_66_54),V(NODE3_66_55),V(NODE3_66_56),V(NODE3_66_57),V(NODE3_66_58),V(NODE3_66_59),V(NODE3_66_60),V(NODE3_66_61),V(NODE3_66_62),V(NODE3_66_63),V(NODE3_66_64),V(NODE3_66_65),V(NODE3_66_66),V(NODE3_66_67),V(NODE3_66_68),V(NODE3_66_69),V(NODE3_66_70),V(NODE3_66_71),V(NODE3_66_72),V(NODE3_66_73),V(NODE3_66_74),V(NODE3_66_75),V(NODE3_66_76),V(NODE3_66_77),V(NODE3_66_78),V(NODE3_66_79),V(NODE3_66_80),V(NODE3_66_81),V(NODE3_66_82),V(NODE3_66_83),V(NODE3_66_84),V(NODE3_66_85),V(NODE3_66_86),V(NODE3_66_87),V(NODE3_66_88),V(NODE3_66_89),V(NODE3_66_90),V(NODE3_66_91),V(NODE3_66_92),V(NODE3_66_93),V(NODE3_66_94),V(NODE3_66_95),V(NODE3_66_96),V(NODE3_66_97),V(NODE3_66_98),V(NODE3_66_99),V(NODE3_67_0),V(NODE3_67_1),V(NODE3_67_2),V(NODE3_67_3),V(NODE3_67_4),V(NODE3_67_5),V(NODE3_67_6),V(NODE3_67_7),V(NODE3_67_8),V(NODE3_67_9),V(NODE3_67_10),V(NODE3_67_11),V(NODE3_67_12),V(NODE3_67_13),V(NODE3_67_14),V(NODE3_67_15),V(NODE3_67_16),V(NODE3_67_17),V(NODE3_67_18),V(NODE3_67_19),V(NODE3_67_20),V(NODE3_67_21),V(NODE3_67_22),V(NODE3_67_23),V(NODE3_67_24),V(NODE3_67_25),V(NODE3_67_26),V(NODE3_67_27),V(NODE3_67_28),V(NODE3_67_29),V(NODE3_67_30),V(NODE3_67_31),V(NODE3_67_32),V(NODE3_67_33),V(NODE3_67_34),V(NODE3_67_35),V(NODE3_67_36),V(NODE3_67_37),V(NODE3_67_38),V(NODE3_67_39),V(NODE3_67_40),V(NODE3_67_41),V(NODE3_67_42),V(NODE3_67_43),V(NODE3_67_44),V(NODE3_67_45),V(NODE3_67_46),V(NODE3_67_47),V(NODE3_67_48),V(NODE3_67_49),V(NODE3_67_50),V(NODE3_67_51),V(NODE3_67_52),V(NODE3_67_53),V(NODE3_67_54),V(NODE3_67_55),V(NODE3_67_56),V(NODE3_67_57),V(NODE3_67_58),V(NODE3_67_59),V(NODE3_67_60),V(NODE3_67_61),V(NODE3_67_62),V(NODE3_67_63),V(NODE3_67_64),V(NODE3_67_65),V(NODE3_67_66),V(NODE3_67_67),V(NODE3_67_68),V(NODE3_67_69),V(NODE3_67_70),V(NODE3_67_71),V(NODE3_67_72),V(NODE3_67_73),V(NODE3_67_74),V(NODE3_67_75),V(NODE3_67_76),V(NODE3_67_77),V(NODE3_67_78),V(NODE3_67_79),V(NODE3_67_80),V(NODE3_67_81),V(NODE3_67_82),V(NODE3_67_83),V(NODE3_67_84),V(NODE3_67_85),V(NODE3_67_86),V(NODE3_67_87),V(NODE3_67_88),V(NODE3_67_89),V(NODE3_67_90),V(NODE3_67_91),V(NODE3_67_92),V(NODE3_67_93),V(NODE3_67_94),V(NODE3_67_95),V(NODE3_67_96),V(NODE3_67_97),V(NODE3_67_98),V(NODE3_67_99),V(NODE3_68_0),V(NODE3_68_1),V(NODE3_68_2),V(NODE3_68_3),V(NODE3_68_4),V(NODE3_68_5),V(NODE3_68_6),V(NODE3_68_7),V(NODE3_68_8),V(NODE3_68_9),V(NODE3_68_10),V(NODE3_68_11),V(NODE3_68_12),V(NODE3_68_13),V(NODE3_68_14),V(NODE3_68_15),V(NODE3_68_16),V(NODE3_68_17),V(NODE3_68_18),V(NODE3_68_19),V(NODE3_68_20),V(NODE3_68_21),V(NODE3_68_22),V(NODE3_68_23),V(NODE3_68_24),V(NODE3_68_25),V(NODE3_68_26),V(NODE3_68_27),V(NODE3_68_28),V(NODE3_68_29),V(NODE3_68_30),V(NODE3_68_31),V(NODE3_68_32),V(NODE3_68_33),V(NODE3_68_34),V(NODE3_68_35),V(NODE3_68_36),V(NODE3_68_37),V(NODE3_68_38),V(NODE3_68_39),V(NODE3_68_40),V(NODE3_68_41),V(NODE3_68_42),V(NODE3_68_43),V(NODE3_68_44),V(NODE3_68_45),V(NODE3_68_46),V(NODE3_68_47),V(NODE3_68_48),V(NODE3_68_49),V(NODE3_68_50),V(NODE3_68_51),V(NODE3_68_52),V(NODE3_68_53),V(NODE3_68_54),V(NODE3_68_55),V(NODE3_68_56),V(NODE3_68_57),V(NODE3_68_58),V(NODE3_68_59),V(NODE3_68_60),V(NODE3_68_61),V(NODE3_68_62),V(NODE3_68_63),V(NODE3_68_64),V(NODE3_68_65),V(NODE3_68_66),V(NODE3_68_67),V(NODE3_68_68),V(NODE3_68_69),V(NODE3_68_70),V(NODE3_68_71),V(NODE3_68_72),V(NODE3_68_73),V(NODE3_68_74),V(NODE3_68_75),V(NODE3_68_76),V(NODE3_68_77),V(NODE3_68_78),V(NODE3_68_79),V(NODE3_68_80),V(NODE3_68_81),V(NODE3_68_82),V(NODE3_68_83),V(NODE3_68_84),V(NODE3_68_85),V(NODE3_68_86),V(NODE3_68_87),V(NODE3_68_88),V(NODE3_68_89),V(NODE3_68_90),V(NODE3_68_91),V(NODE3_68_92),V(NODE3_68_93),V(NODE3_68_94),V(NODE3_68_95),V(NODE3_68_96),V(NODE3_68_97),V(NODE3_68_98),V(NODE3_68_99),V(NODE3_69_0),V(NODE3_69_1),V(NODE3_69_2),V(NODE3_69_3),V(NODE3_69_4),V(NODE3_69_5),V(NODE3_69_6),V(NODE3_69_7),V(NODE3_69_8),V(NODE3_69_9),V(NODE3_69_10),V(NODE3_69_11),V(NODE3_69_12),V(NODE3_69_13),V(NODE3_69_14),V(NODE3_69_15),V(NODE3_69_16),V(NODE3_69_17),V(NODE3_69_18),V(NODE3_69_19),V(NODE3_69_20),V(NODE3_69_21),V(NODE3_69_22),V(NODE3_69_23),V(NODE3_69_24),V(NODE3_69_25),V(NODE3_69_26),V(NODE3_69_27),V(NODE3_69_28),V(NODE3_69_29),V(NODE3_69_30),V(NODE3_69_31),V(NODE3_69_32),V(NODE3_69_33),V(NODE3_69_34),V(NODE3_69_35),V(NODE3_69_36),V(NODE3_69_37),V(NODE3_69_38),V(NODE3_69_39),V(NODE3_69_40),V(NODE3_69_41),V(NODE3_69_42),V(NODE3_69_43),V(NODE3_69_44),V(NODE3_69_45),V(NODE3_69_46),V(NODE3_69_47),V(NODE3_69_48),V(NODE3_69_49),V(NODE3_69_50),V(NODE3_69_51),V(NODE3_69_52),V(NODE3_69_53),V(NODE3_69_54),V(NODE3_69_55),V(NODE3_69_56),V(NODE3_69_57),V(NODE3_69_58),V(NODE3_69_59),V(NODE3_69_60),V(NODE3_69_61),V(NODE3_69_62),V(NODE3_69_63),V(NODE3_69_64),V(NODE3_69_65),V(NODE3_69_66),V(NODE3_69_67),V(NODE3_69_68),V(NODE3_69_69),V(NODE3_69_70),V(NODE3_69_71),V(NODE3_69_72),V(NODE3_69_73),V(NODE3_69_74),V(NODE3_69_75),V(NODE3_69_76),V(NODE3_69_77),V(NODE3_69_78),V(NODE3_69_79),V(NODE3_69_80),V(NODE3_69_81),V(NODE3_69_82),V(NODE3_69_83),V(NODE3_69_84),V(NODE3_69_85),V(NODE3_69_86),V(NODE3_69_87),V(NODE3_69_88),V(NODE3_69_89),V(NODE3_69_90),V(NODE3_69_91),V(NODE3_69_92),V(NODE3_69_93),V(NODE3_69_94),V(NODE3_69_95),V(NODE3_69_96),V(NODE3_69_97),V(NODE3_69_98),V(NODE3_69_99),V(NODE3_70_0),V(NODE3_70_1),V(NODE3_70_2),V(NODE3_70_3),V(NODE3_70_4),V(NODE3_70_5),V(NODE3_70_6),V(NODE3_70_7),V(NODE3_70_8),V(NODE3_70_9),V(NODE3_70_10),V(NODE3_70_11),V(NODE3_70_12),V(NODE3_70_13),V(NODE3_70_14),V(NODE3_70_15),V(NODE3_70_16),V(NODE3_70_17),V(NODE3_70_18),V(NODE3_70_19),V(NODE3_70_20),V(NODE3_70_21),V(NODE3_70_22),V(NODE3_70_23),V(NODE3_70_24),V(NODE3_70_25),V(NODE3_70_26),V(NODE3_70_27),V(NODE3_70_28),V(NODE3_70_29),V(NODE3_70_30),V(NODE3_70_31),V(NODE3_70_32),V(NODE3_70_33),V(NODE3_70_34),V(NODE3_70_35),V(NODE3_70_36),V(NODE3_70_37),V(NODE3_70_38),V(NODE3_70_39),V(NODE3_70_40),V(NODE3_70_41),V(NODE3_70_42),V(NODE3_70_43),V(NODE3_70_44),V(NODE3_70_45),V(NODE3_70_46),V(NODE3_70_47),V(NODE3_70_48),V(NODE3_70_49),V(NODE3_70_50),V(NODE3_70_51),V(NODE3_70_52),V(NODE3_70_53),V(NODE3_70_54),V(NODE3_70_55),V(NODE3_70_56),V(NODE3_70_57),V(NODE3_70_58),V(NODE3_70_59),V(NODE3_70_60),V(NODE3_70_61),V(NODE3_70_62),V(NODE3_70_63),V(NODE3_70_64),V(NODE3_70_65),V(NODE3_70_66),V(NODE3_70_67),V(NODE3_70_68),V(NODE3_70_69),V(NODE3_70_70),V(NODE3_70_71),V(NODE3_70_72),V(NODE3_70_73),V(NODE3_70_74),V(NODE3_70_75),V(NODE3_70_76),V(NODE3_70_77),V(NODE3_70_78),V(NODE3_70_79),V(NODE3_70_80),V(NODE3_70_81),V(NODE3_70_82),V(NODE3_70_83),V(NODE3_70_84),V(NODE3_70_85),V(NODE3_70_86),V(NODE3_70_87),V(NODE3_70_88),V(NODE3_70_89),V(NODE3_70_90),V(NODE3_70_91),V(NODE3_70_92),V(NODE3_70_93),V(NODE3_70_94),V(NODE3_70_95),V(NODE3_70_96),V(NODE3_70_97),V(NODE3_70_98),V(NODE3_70_99),V(NODE3_71_0),V(NODE3_71_1),V(NODE3_71_2),V(NODE3_71_3),V(NODE3_71_4),V(NODE3_71_5),V(NODE3_71_6),V(NODE3_71_7),V(NODE3_71_8),V(NODE3_71_9),V(NODE3_71_10),V(NODE3_71_11),V(NODE3_71_12),V(NODE3_71_13),V(NODE3_71_14),V(NODE3_71_15),V(NODE3_71_16),V(NODE3_71_17),V(NODE3_71_18),V(NODE3_71_19),V(NODE3_71_20),V(NODE3_71_21),V(NODE3_71_22),V(NODE3_71_23),V(NODE3_71_24),V(NODE3_71_25),V(NODE3_71_26),V(NODE3_71_27),V(NODE3_71_28),V(NODE3_71_29),V(NODE3_71_30),V(NODE3_71_31),V(NODE3_71_32),V(NODE3_71_33),V(NODE3_71_34),V(NODE3_71_35),V(NODE3_71_36),V(NODE3_71_37),V(NODE3_71_38),V(NODE3_71_39),V(NODE3_71_40),V(NODE3_71_41),V(NODE3_71_42),V(NODE3_71_43),V(NODE3_71_44),V(NODE3_71_45),V(NODE3_71_46),V(NODE3_71_47),V(NODE3_71_48),V(NODE3_71_49),V(NODE3_71_50),V(NODE3_71_51),V(NODE3_71_52),V(NODE3_71_53),V(NODE3_71_54),V(NODE3_71_55),V(NODE3_71_56),V(NODE3_71_57),V(NODE3_71_58),V(NODE3_71_59),V(NODE3_71_60),V(NODE3_71_61),V(NODE3_71_62),V(NODE3_71_63),V(NODE3_71_64),V(NODE3_71_65),V(NODE3_71_66),V(NODE3_71_67),V(NODE3_71_68),V(NODE3_71_69),V(NODE3_71_70),V(NODE3_71_71),V(NODE3_71_72),V(NODE3_71_73),V(NODE3_71_74),V(NODE3_71_75),V(NODE3_71_76),V(NODE3_71_77),V(NODE3_71_78),V(NODE3_71_79),V(NODE3_71_80),V(NODE3_71_81),V(NODE3_71_82),V(NODE3_71_83),V(NODE3_71_84),V(NODE3_71_85),V(NODE3_71_86),V(NODE3_71_87),V(NODE3_71_88),V(NODE3_71_89),V(NODE3_71_90),V(NODE3_71_91),V(NODE3_71_92),V(NODE3_71_93),V(NODE3_71_94),V(NODE3_71_95),V(NODE3_71_96),V(NODE3_71_97),V(NODE3_71_98),V(NODE3_71_99),V(NODE3_72_0),V(NODE3_72_1),V(NODE3_72_2),V(NODE3_72_3),V(NODE3_72_4),V(NODE3_72_5),V(NODE3_72_6),V(NODE3_72_7),V(NODE3_72_8),V(NODE3_72_9),V(NODE3_72_10),V(NODE3_72_11),V(NODE3_72_12),V(NODE3_72_13),V(NODE3_72_14),V(NODE3_72_15),V(NODE3_72_16),V(NODE3_72_17),V(NODE3_72_18),V(NODE3_72_19),V(NODE3_72_20),V(NODE3_72_21),V(NODE3_72_22),V(NODE3_72_23),V(NODE3_72_24),V(NODE3_72_25),V(NODE3_72_26),V(NODE3_72_27),V(NODE3_72_28),V(NODE3_72_29),V(NODE3_72_30),V(NODE3_72_31),V(NODE3_72_32),V(NODE3_72_33),V(NODE3_72_34),V(NODE3_72_35),V(NODE3_72_36),V(NODE3_72_37),V(NODE3_72_38),V(NODE3_72_39),V(NODE3_72_40),V(NODE3_72_41),V(NODE3_72_42),V(NODE3_72_43),V(NODE3_72_44),V(NODE3_72_45),V(NODE3_72_46),V(NODE3_72_47),V(NODE3_72_48),V(NODE3_72_49),V(NODE3_72_50),V(NODE3_72_51),V(NODE3_72_52),V(NODE3_72_53),V(NODE3_72_54),V(NODE3_72_55),V(NODE3_72_56),V(NODE3_72_57),V(NODE3_72_58),V(NODE3_72_59),V(NODE3_72_60),V(NODE3_72_61),V(NODE3_72_62),V(NODE3_72_63),V(NODE3_72_64),V(NODE3_72_65),V(NODE3_72_66),V(NODE3_72_67),V(NODE3_72_68),V(NODE3_72_69),V(NODE3_72_70),V(NODE3_72_71),V(NODE3_72_72),V(NODE3_72_73),V(NODE3_72_74),V(NODE3_72_75),V(NODE3_72_76),V(NODE3_72_77),V(NODE3_72_78),V(NODE3_72_79),V(NODE3_72_80),V(NODE3_72_81),V(NODE3_72_82),V(NODE3_72_83),V(NODE3_72_84),V(NODE3_72_85),V(NODE3_72_86),V(NODE3_72_87),V(NODE3_72_88),V(NODE3_72_89),V(NODE3_72_90),V(NODE3_72_91),V(NODE3_72_92),V(NODE3_72_93),V(NODE3_72_94),V(NODE3_72_95),V(NODE3_72_96),V(NODE3_72_97),V(NODE3_72_98),V(NODE3_72_99),V(NODE3_73_0),V(NODE3_73_1),V(NODE3_73_2),V(NODE3_73_3),V(NODE3_73_4),V(NODE3_73_5),V(NODE3_73_6),V(NODE3_73_7),V(NODE3_73_8),V(NODE3_73_9),V(NODE3_73_10),V(NODE3_73_11),V(NODE3_73_12),V(NODE3_73_13),V(NODE3_73_14),V(NODE3_73_15),V(NODE3_73_16),V(NODE3_73_17),V(NODE3_73_18),V(NODE3_73_19),V(NODE3_73_20),V(NODE3_73_21),V(NODE3_73_22),V(NODE3_73_23),V(NODE3_73_24),V(NODE3_73_25),V(NODE3_73_26),V(NODE3_73_27),V(NODE3_73_28),V(NODE3_73_29),V(NODE3_73_30),V(NODE3_73_31),V(NODE3_73_32),V(NODE3_73_33),V(NODE3_73_34),V(NODE3_73_35),V(NODE3_73_36),V(NODE3_73_37),V(NODE3_73_38),V(NODE3_73_39),V(NODE3_73_40),V(NODE3_73_41),V(NODE3_73_42),V(NODE3_73_43),V(NODE3_73_44),V(NODE3_73_45),V(NODE3_73_46),V(NODE3_73_47),V(NODE3_73_48),V(NODE3_73_49),V(NODE3_73_50),V(NODE3_73_51),V(NODE3_73_52),V(NODE3_73_53),V(NODE3_73_54),V(NODE3_73_55),V(NODE3_73_56),V(NODE3_73_57),V(NODE3_73_58),V(NODE3_73_59),V(NODE3_73_60),V(NODE3_73_61),V(NODE3_73_62),V(NODE3_73_63),V(NODE3_73_64),V(NODE3_73_65),V(NODE3_73_66),V(NODE3_73_67),V(NODE3_73_68),V(NODE3_73_69),V(NODE3_73_70),V(NODE3_73_71),V(NODE3_73_72),V(NODE3_73_73),V(NODE3_73_74),V(NODE3_73_75),V(NODE3_73_76),V(NODE3_73_77),V(NODE3_73_78),V(NODE3_73_79),V(NODE3_73_80),V(NODE3_73_81),V(NODE3_73_82),V(NODE3_73_83),V(NODE3_73_84),V(NODE3_73_85),V(NODE3_73_86),V(NODE3_73_87),V(NODE3_73_88),V(NODE3_73_89),V(NODE3_73_90),V(NODE3_73_91),V(NODE3_73_92),V(NODE3_73_93),V(NODE3_73_94),V(NODE3_73_95),V(NODE3_73_96),V(NODE3_73_97),V(NODE3_73_98),V(NODE3_73_99),V(NODE3_74_0),V(NODE3_74_1),V(NODE3_74_2),V(NODE3_74_3),V(NODE3_74_4),V(NODE3_74_5),V(NODE3_74_6),V(NODE3_74_7),V(NODE3_74_8),V(NODE3_74_9),V(NODE3_74_10),V(NODE3_74_11),V(NODE3_74_12),V(NODE3_74_13),V(NODE3_74_14),V(NODE3_74_15),V(NODE3_74_16),V(NODE3_74_17),V(NODE3_74_18),V(NODE3_74_19),V(NODE3_74_20),V(NODE3_74_21),V(NODE3_74_22),V(NODE3_74_23),V(NODE3_74_24),V(NODE3_74_25),V(NODE3_74_26),V(NODE3_74_27),V(NODE3_74_28),V(NODE3_74_29),V(NODE3_74_30),V(NODE3_74_31),V(NODE3_74_32),V(NODE3_74_33),V(NODE3_74_34),V(NODE3_74_35),V(NODE3_74_36),V(NODE3_74_37),V(NODE3_74_38),V(NODE3_74_39),V(NODE3_74_40),V(NODE3_74_41),V(NODE3_74_42),V(NODE3_74_43),V(NODE3_74_44),V(NODE3_74_45),V(NODE3_74_46),V(NODE3_74_47),V(NODE3_74_48),V(NODE3_74_49),V(NODE3_74_50),V(NODE3_74_51),V(NODE3_74_52),V(NODE3_74_53),V(NODE3_74_54),V(NODE3_74_55),V(NODE3_74_56),V(NODE3_74_57),V(NODE3_74_58),V(NODE3_74_59),V(NODE3_74_60),V(NODE3_74_61),V(NODE3_74_62),V(NODE3_74_63),V(NODE3_74_64),V(NODE3_74_65),V(NODE3_74_66),V(NODE3_74_67),V(NODE3_74_68),V(NODE3_74_69),V(NODE3_74_70),V(NODE3_74_71),V(NODE3_74_72),V(NODE3_74_73),V(NODE3_74_74),V(NODE3_74_75),V(NODE3_74_76),V(NODE3_74_77),V(NODE3_74_78),V(NODE3_74_79),V(NODE3_74_80),V(NODE3_74_81),V(NODE3_74_82),V(NODE3_74_83),V(NODE3_74_84),V(NODE3_74_85),V(NODE3_74_86),V(NODE3_74_87),V(NODE3_74_88),V(NODE3_74_89),V(NODE3_74_90),V(NODE3_74_91),V(NODE3_74_92),V(NODE3_74_93),V(NODE3_74_94),V(NODE3_74_95),V(NODE3_74_96),V(NODE3_74_97),V(NODE3_74_98),V(NODE3_74_99),V(NODE3_75_0),V(NODE3_75_1),V(NODE3_75_2),V(NODE3_75_3),V(NODE3_75_4),V(NODE3_75_5),V(NODE3_75_6),V(NODE3_75_7),V(NODE3_75_8),V(NODE3_75_9),V(NODE3_75_10),V(NODE3_75_11),V(NODE3_75_12),V(NODE3_75_13),V(NODE3_75_14),V(NODE3_75_15),V(NODE3_75_16),V(NODE3_75_17),V(NODE3_75_18),V(NODE3_75_19),V(NODE3_75_20),V(NODE3_75_21),V(NODE3_75_22),V(NODE3_75_23),V(NODE3_75_24),V(NODE3_75_25),V(NODE3_75_26),V(NODE3_75_27),V(NODE3_75_28),V(NODE3_75_29),V(NODE3_75_30),V(NODE3_75_31),V(NODE3_75_32),V(NODE3_75_33),V(NODE3_75_34),V(NODE3_75_35),V(NODE3_75_36),V(NODE3_75_37),V(NODE3_75_38),V(NODE3_75_39),V(NODE3_75_40),V(NODE3_75_41),V(NODE3_75_42),V(NODE3_75_43),V(NODE3_75_44),V(NODE3_75_45),V(NODE3_75_46),V(NODE3_75_47),V(NODE3_75_48),V(NODE3_75_49),V(NODE3_75_50),V(NODE3_75_51),V(NODE3_75_52),V(NODE3_75_53),V(NODE3_75_54),V(NODE3_75_55),V(NODE3_75_56),V(NODE3_75_57),V(NODE3_75_58),V(NODE3_75_59),V(NODE3_75_60),V(NODE3_75_61),V(NODE3_75_62),V(NODE3_75_63),V(NODE3_75_64),V(NODE3_75_65),V(NODE3_75_66),V(NODE3_75_67),V(NODE3_75_68),V(NODE3_75_69),V(NODE3_75_70),V(NODE3_75_71),V(NODE3_75_72),V(NODE3_75_73),V(NODE3_75_74),V(NODE3_75_75),V(NODE3_75_76),V(NODE3_75_77),V(NODE3_75_78),V(NODE3_75_79),V(NODE3_75_80),V(NODE3_75_81),V(NODE3_75_82),V(NODE3_75_83),V(NODE3_75_84),V(NODE3_75_85),V(NODE3_75_86),V(NODE3_75_87),V(NODE3_75_88),V(NODE3_75_89),V(NODE3_75_90),V(NODE3_75_91),V(NODE3_75_92),V(NODE3_75_93),V(NODE3_75_94),V(NODE3_75_95),V(NODE3_75_96),V(NODE3_75_97),V(NODE3_75_98),V(NODE3_75_99),V(NODE3_76_0),V(NODE3_76_1),V(NODE3_76_2),V(NODE3_76_3),V(NODE3_76_4),V(NODE3_76_5),V(NODE3_76_6),V(NODE3_76_7),V(NODE3_76_8),V(NODE3_76_9),V(NODE3_76_10),V(NODE3_76_11),V(NODE3_76_12),V(NODE3_76_13),V(NODE3_76_14),V(NODE3_76_15),V(NODE3_76_16),V(NODE3_76_17),V(NODE3_76_18),V(NODE3_76_19),V(NODE3_76_20),V(NODE3_76_21),V(NODE3_76_22),V(NODE3_76_23),V(NODE3_76_24),V(NODE3_76_25),V(NODE3_76_26),V(NODE3_76_27),V(NODE3_76_28),V(NODE3_76_29),V(NODE3_76_30),V(NODE3_76_31),V(NODE3_76_32),V(NODE3_76_33),V(NODE3_76_34),V(NODE3_76_35),V(NODE3_76_36),V(NODE3_76_37),V(NODE3_76_38),V(NODE3_76_39),V(NODE3_76_40),V(NODE3_76_41),V(NODE3_76_42),V(NODE3_76_43),V(NODE3_76_44),V(NODE3_76_45),V(NODE3_76_46),V(NODE3_76_47),V(NODE3_76_48),V(NODE3_76_49),V(NODE3_76_50),V(NODE3_76_51),V(NODE3_76_52),V(NODE3_76_53),V(NODE3_76_54),V(NODE3_76_55),V(NODE3_76_56),V(NODE3_76_57),V(NODE3_76_58),V(NODE3_76_59),V(NODE3_76_60),V(NODE3_76_61),V(NODE3_76_62),V(NODE3_76_63),V(NODE3_76_64),V(NODE3_76_65),V(NODE3_76_66),V(NODE3_76_67),V(NODE3_76_68),V(NODE3_76_69),V(NODE3_76_70),V(NODE3_76_71),V(NODE3_76_72),V(NODE3_76_73),V(NODE3_76_74),V(NODE3_76_75),V(NODE3_76_76),V(NODE3_76_77),V(NODE3_76_78),V(NODE3_76_79),V(NODE3_76_80),V(NODE3_76_81),V(NODE3_76_82),V(NODE3_76_83),V(NODE3_76_84),V(NODE3_76_85),V(NODE3_76_86),V(NODE3_76_87),V(NODE3_76_88),V(NODE3_76_89),V(NODE3_76_90),V(NODE3_76_91),V(NODE3_76_92),V(NODE3_76_93),V(NODE3_76_94),V(NODE3_76_95),V(NODE3_76_96),V(NODE3_76_97),V(NODE3_76_98),V(NODE3_76_99),V(NODE3_77_0),V(NODE3_77_1),V(NODE3_77_2),V(NODE3_77_3),V(NODE3_77_4),V(NODE3_77_5),V(NODE3_77_6),V(NODE3_77_7),V(NODE3_77_8),V(NODE3_77_9),V(NODE3_77_10),V(NODE3_77_11),V(NODE3_77_12),V(NODE3_77_13),V(NODE3_77_14),V(NODE3_77_15),V(NODE3_77_16),V(NODE3_77_17),V(NODE3_77_18),V(NODE3_77_19),V(NODE3_77_20),V(NODE3_77_21),V(NODE3_77_22),V(NODE3_77_23),V(NODE3_77_24),V(NODE3_77_25),V(NODE3_77_26),V(NODE3_77_27),V(NODE3_77_28),V(NODE3_77_29),V(NODE3_77_30),V(NODE3_77_31),V(NODE3_77_32),V(NODE3_77_33),V(NODE3_77_34),V(NODE3_77_35),V(NODE3_77_36),V(NODE3_77_37),V(NODE3_77_38),V(NODE3_77_39),V(NODE3_77_40),V(NODE3_77_41),V(NODE3_77_42),V(NODE3_77_43),V(NODE3_77_44),V(NODE3_77_45),V(NODE3_77_46),V(NODE3_77_47),V(NODE3_77_48),V(NODE3_77_49),V(NODE3_77_50),V(NODE3_77_51),V(NODE3_77_52),V(NODE3_77_53),V(NODE3_77_54),V(NODE3_77_55),V(NODE3_77_56),V(NODE3_77_57),V(NODE3_77_58),V(NODE3_77_59),V(NODE3_77_60),V(NODE3_77_61),V(NODE3_77_62),V(NODE3_77_63),V(NODE3_77_64),V(NODE3_77_65),V(NODE3_77_66),V(NODE3_77_67),V(NODE3_77_68),V(NODE3_77_69),V(NODE3_77_70),V(NODE3_77_71),V(NODE3_77_72),V(NODE3_77_73),V(NODE3_77_74),V(NODE3_77_75),V(NODE3_77_76),V(NODE3_77_77),V(NODE3_77_78),V(NODE3_77_79),V(NODE3_77_80),V(NODE3_77_81),V(NODE3_77_82),V(NODE3_77_83),V(NODE3_77_84),V(NODE3_77_85),V(NODE3_77_86),V(NODE3_77_87),V(NODE3_77_88),V(NODE3_77_89),V(NODE3_77_90),V(NODE3_77_91),V(NODE3_77_92),V(NODE3_77_93),V(NODE3_77_94),V(NODE3_77_95),V(NODE3_77_96),V(NODE3_77_97),V(NODE3_77_98),V(NODE3_77_99),V(NODE3_78_0),V(NODE3_78_1),V(NODE3_78_2),V(NODE3_78_3),V(NODE3_78_4),V(NODE3_78_5),V(NODE3_78_6),V(NODE3_78_7),V(NODE3_78_8),V(NODE3_78_9),V(NODE3_78_10),V(NODE3_78_11),V(NODE3_78_12),V(NODE3_78_13),V(NODE3_78_14),V(NODE3_78_15),V(NODE3_78_16),V(NODE3_78_17),V(NODE3_78_18),V(NODE3_78_19),V(NODE3_78_20),V(NODE3_78_21),V(NODE3_78_22),V(NODE3_78_23),V(NODE3_78_24),V(NODE3_78_25),V(NODE3_78_26),V(NODE3_78_27),V(NODE3_78_28),V(NODE3_78_29),V(NODE3_78_30),V(NODE3_78_31),V(NODE3_78_32),V(NODE3_78_33),V(NODE3_78_34),V(NODE3_78_35),V(NODE3_78_36),V(NODE3_78_37),V(NODE3_78_38),V(NODE3_78_39),V(NODE3_78_40),V(NODE3_78_41),V(NODE3_78_42),V(NODE3_78_43),V(NODE3_78_44),V(NODE3_78_45),V(NODE3_78_46),V(NODE3_78_47),V(NODE3_78_48),V(NODE3_78_49),V(NODE3_78_50),V(NODE3_78_51),V(NODE3_78_52),V(NODE3_78_53),V(NODE3_78_54),V(NODE3_78_55),V(NODE3_78_56),V(NODE3_78_57),V(NODE3_78_58),V(NODE3_78_59),V(NODE3_78_60),V(NODE3_78_61),V(NODE3_78_62),V(NODE3_78_63),V(NODE3_78_64),V(NODE3_78_65),V(NODE3_78_66),V(NODE3_78_67),V(NODE3_78_68),V(NODE3_78_69),V(NODE3_78_70),V(NODE3_78_71),V(NODE3_78_72),V(NODE3_78_73),V(NODE3_78_74),V(NODE3_78_75),V(NODE3_78_76),V(NODE3_78_77),V(NODE3_78_78),V(NODE3_78_79),V(NODE3_78_80),V(NODE3_78_81),V(NODE3_78_82),V(NODE3_78_83),V(NODE3_78_84),V(NODE3_78_85),V(NODE3_78_86),V(NODE3_78_87),V(NODE3_78_88),V(NODE3_78_89),V(NODE3_78_90),V(NODE3_78_91),V(NODE3_78_92),V(NODE3_78_93),V(NODE3_78_94),V(NODE3_78_95),V(NODE3_78_96),V(NODE3_78_97),V(NODE3_78_98),V(NODE3_78_99),V(NODE3_79_0),V(NODE3_79_1),V(NODE3_79_2),V(NODE3_79_3),V(NODE3_79_4),V(NODE3_79_5),V(NODE3_79_6),V(NODE3_79_7),V(NODE3_79_8),V(NODE3_79_9),V(NODE3_79_10),V(NODE3_79_11),V(NODE3_79_12),V(NODE3_79_13),V(NODE3_79_14),V(NODE3_79_15),V(NODE3_79_16),V(NODE3_79_17),V(NODE3_79_18),V(NODE3_79_19),V(NODE3_79_20),V(NODE3_79_21),V(NODE3_79_22),V(NODE3_79_23),V(NODE3_79_24),V(NODE3_79_25),V(NODE3_79_26),V(NODE3_79_27),V(NODE3_79_28),V(NODE3_79_29),V(NODE3_79_30),V(NODE3_79_31),V(NODE3_79_32),V(NODE3_79_33),V(NODE3_79_34),V(NODE3_79_35),V(NODE3_79_36),V(NODE3_79_37),V(NODE3_79_38),V(NODE3_79_39),V(NODE3_79_40),V(NODE3_79_41),V(NODE3_79_42),V(NODE3_79_43),V(NODE3_79_44),V(NODE3_79_45),V(NODE3_79_46),V(NODE3_79_47),V(NODE3_79_48),V(NODE3_79_49),V(NODE3_79_50),V(NODE3_79_51),V(NODE3_79_52),V(NODE3_79_53),V(NODE3_79_54),V(NODE3_79_55),V(NODE3_79_56),V(NODE3_79_57),V(NODE3_79_58),V(NODE3_79_59),V(NODE3_79_60),V(NODE3_79_61),V(NODE3_79_62),V(NODE3_79_63),V(NODE3_79_64),V(NODE3_79_65),V(NODE3_79_66),V(NODE3_79_67),V(NODE3_79_68),V(NODE3_79_69),V(NODE3_79_70),V(NODE3_79_71),V(NODE3_79_72),V(NODE3_79_73),V(NODE3_79_74),V(NODE3_79_75),V(NODE3_79_76),V(NODE3_79_77),V(NODE3_79_78),V(NODE3_79_79),V(NODE3_79_80),V(NODE3_79_81),V(NODE3_79_82),V(NODE3_79_83),V(NODE3_79_84),V(NODE3_79_85),V(NODE3_79_86),V(NODE3_79_87),V(NODE3_79_88),V(NODE3_79_89),V(NODE3_79_90),V(NODE3_79_91),V(NODE3_79_92),V(NODE3_79_93),V(NODE3_79_94),V(NODE3_79_95),V(NODE3_79_96),V(NODE3_79_97),V(NODE3_79_98),V(NODE3_79_99),V(NODE3_80_0),V(NODE3_80_1),V(NODE3_80_2),V(NODE3_80_3),V(NODE3_80_4),V(NODE3_80_5),V(NODE3_80_6),V(NODE3_80_7),V(NODE3_80_8),V(NODE3_80_9),V(NODE3_80_10),V(NODE3_80_11),V(NODE3_80_12),V(NODE3_80_13),V(NODE3_80_14),V(NODE3_80_15),V(NODE3_80_16),V(NODE3_80_17),V(NODE3_80_18),V(NODE3_80_19),V(NODE3_80_20),V(NODE3_80_21),V(NODE3_80_22),V(NODE3_80_23),V(NODE3_80_24),V(NODE3_80_25),V(NODE3_80_26),V(NODE3_80_27),V(NODE3_80_28),V(NODE3_80_29),V(NODE3_80_30),V(NODE3_80_31),V(NODE3_80_32),V(NODE3_80_33),V(NODE3_80_34),V(NODE3_80_35),V(NODE3_80_36),V(NODE3_80_37),V(NODE3_80_38),V(NODE3_80_39),V(NODE3_80_40),V(NODE3_80_41),V(NODE3_80_42),V(NODE3_80_43),V(NODE3_80_44),V(NODE3_80_45),V(NODE3_80_46),V(NODE3_80_47),V(NODE3_80_48),V(NODE3_80_49),V(NODE3_80_50),V(NODE3_80_51),V(NODE3_80_52),V(NODE3_80_53),V(NODE3_80_54),V(NODE3_80_55),V(NODE3_80_56),V(NODE3_80_57),V(NODE3_80_58),V(NODE3_80_59),V(NODE3_80_60),V(NODE3_80_61),V(NODE3_80_62),V(NODE3_80_63),V(NODE3_80_64),V(NODE3_80_65),V(NODE3_80_66),V(NODE3_80_67),V(NODE3_80_68),V(NODE3_80_69),V(NODE3_80_70),V(NODE3_80_71),V(NODE3_80_72),V(NODE3_80_73),V(NODE3_80_74),V(NODE3_80_75),V(NODE3_80_76),V(NODE3_80_77),V(NODE3_80_78),V(NODE3_80_79),V(NODE3_80_80),V(NODE3_80_81),V(NODE3_80_82),V(NODE3_80_83),V(NODE3_80_84),V(NODE3_80_85),V(NODE3_80_86),V(NODE3_80_87),V(NODE3_80_88),V(NODE3_80_89),V(NODE3_80_90),V(NODE3_80_91),V(NODE3_80_92),V(NODE3_80_93),V(NODE3_80_94),V(NODE3_80_95),V(NODE3_80_96),V(NODE3_80_97),V(NODE3_80_98),V(NODE3_80_99),V(NODE3_81_0),V(NODE3_81_1),V(NODE3_81_2),V(NODE3_81_3),V(NODE3_81_4),V(NODE3_81_5),V(NODE3_81_6),V(NODE3_81_7),V(NODE3_81_8),V(NODE3_81_9),V(NODE3_81_10),V(NODE3_81_11),V(NODE3_81_12),V(NODE3_81_13),V(NODE3_81_14),V(NODE3_81_15),V(NODE3_81_16),V(NODE3_81_17),V(NODE3_81_18),V(NODE3_81_19),V(NODE3_81_20),V(NODE3_81_21),V(NODE3_81_22),V(NODE3_81_23),V(NODE3_81_24),V(NODE3_81_25),V(NODE3_81_26),V(NODE3_81_27),V(NODE3_81_28),V(NODE3_81_29),V(NODE3_81_30),V(NODE3_81_31),V(NODE3_81_32),V(NODE3_81_33),V(NODE3_81_34),V(NODE3_81_35),V(NODE3_81_36),V(NODE3_81_37),V(NODE3_81_38),V(NODE3_81_39),V(NODE3_81_40),V(NODE3_81_41),V(NODE3_81_42),V(NODE3_81_43),V(NODE3_81_44),V(NODE3_81_45),V(NODE3_81_46),V(NODE3_81_47),V(NODE3_81_48),V(NODE3_81_49),V(NODE3_81_50),V(NODE3_81_51),V(NODE3_81_52),V(NODE3_81_53),V(NODE3_81_54),V(NODE3_81_55),V(NODE3_81_56),V(NODE3_81_57),V(NODE3_81_58),V(NODE3_81_59),V(NODE3_81_60),V(NODE3_81_61),V(NODE3_81_62),V(NODE3_81_63),V(NODE3_81_64),V(NODE3_81_65),V(NODE3_81_66),V(NODE3_81_67),V(NODE3_81_68),V(NODE3_81_69),V(NODE3_81_70),V(NODE3_81_71),V(NODE3_81_72),V(NODE3_81_73),V(NODE3_81_74),V(NODE3_81_75),V(NODE3_81_76),V(NODE3_81_77),V(NODE3_81_78),V(NODE3_81_79),V(NODE3_81_80),V(NODE3_81_81),V(NODE3_81_82),V(NODE3_81_83),V(NODE3_81_84),V(NODE3_81_85),V(NODE3_81_86),V(NODE3_81_87),V(NODE3_81_88),V(NODE3_81_89),V(NODE3_81_90),V(NODE3_81_91),V(NODE3_81_92),V(NODE3_81_93),V(NODE3_81_94),V(NODE3_81_95),V(NODE3_81_96),V(NODE3_81_97),V(NODE3_81_98),V(NODE3_81_99),V(NODE3_82_0),V(NODE3_82_1),V(NODE3_82_2),V(NODE3_82_3),V(NODE3_82_4),V(NODE3_82_5),V(NODE3_82_6),V(NODE3_82_7),V(NODE3_82_8),V(NODE3_82_9),V(NODE3_82_10),V(NODE3_82_11),V(NODE3_82_12),V(NODE3_82_13),V(NODE3_82_14),V(NODE3_82_15),V(NODE3_82_16),V(NODE3_82_17),V(NODE3_82_18),V(NODE3_82_19),V(NODE3_82_20),V(NODE3_82_21),V(NODE3_82_22),V(NODE3_82_23),V(NODE3_82_24),V(NODE3_82_25),V(NODE3_82_26),V(NODE3_82_27),V(NODE3_82_28),V(NODE3_82_29),V(NODE3_82_30),V(NODE3_82_31),V(NODE3_82_32),V(NODE3_82_33),V(NODE3_82_34),V(NODE3_82_35),V(NODE3_82_36),V(NODE3_82_37),V(NODE3_82_38),V(NODE3_82_39),V(NODE3_82_40),V(NODE3_82_41),V(NODE3_82_42),V(NODE3_82_43),V(NODE3_82_44),V(NODE3_82_45),V(NODE3_82_46),V(NODE3_82_47),V(NODE3_82_48),V(NODE3_82_49),V(NODE3_82_50),V(NODE3_82_51),V(NODE3_82_52),V(NODE3_82_53),V(NODE3_82_54),V(NODE3_82_55),V(NODE3_82_56),V(NODE3_82_57),V(NODE3_82_58),V(NODE3_82_59),V(NODE3_82_60),V(NODE3_82_61),V(NODE3_82_62),V(NODE3_82_63),V(NODE3_82_64),V(NODE3_82_65),V(NODE3_82_66),V(NODE3_82_67),V(NODE3_82_68),V(NODE3_82_69),V(NODE3_82_70),V(NODE3_82_71),V(NODE3_82_72),V(NODE3_82_73),V(NODE3_82_74),V(NODE3_82_75),V(NODE3_82_76),V(NODE3_82_77),V(NODE3_82_78),V(NODE3_82_79),V(NODE3_82_80),V(NODE3_82_81),V(NODE3_82_82),V(NODE3_82_83),V(NODE3_82_84),V(NODE3_82_85),V(NODE3_82_86),V(NODE3_82_87),V(NODE3_82_88),V(NODE3_82_89),V(NODE3_82_90),V(NODE3_82_91),V(NODE3_82_92),V(NODE3_82_93),V(NODE3_82_94),V(NODE3_82_95),V(NODE3_82_96),V(NODE3_82_97),V(NODE3_82_98),V(NODE3_82_99),V(NODE3_83_0),V(NODE3_83_1),V(NODE3_83_2),V(NODE3_83_3),V(NODE3_83_4),V(NODE3_83_5),V(NODE3_83_6),V(NODE3_83_7),V(NODE3_83_8),V(NODE3_83_9),V(NODE3_83_10),V(NODE3_83_11),V(NODE3_83_12),V(NODE3_83_13),V(NODE3_83_14),V(NODE3_83_15),V(NODE3_83_16),V(NODE3_83_17),V(NODE3_83_18),V(NODE3_83_19),V(NODE3_83_20),V(NODE3_83_21),V(NODE3_83_22),V(NODE3_83_23),V(NODE3_83_24),V(NODE3_83_25),V(NODE3_83_26),V(NODE3_83_27),V(NODE3_83_28),V(NODE3_83_29),V(NODE3_83_30),V(NODE3_83_31),V(NODE3_83_32),V(NODE3_83_33),V(NODE3_83_34),V(NODE3_83_35),V(NODE3_83_36),V(NODE3_83_37),V(NODE3_83_38),V(NODE3_83_39),V(NODE3_83_40),V(NODE3_83_41),V(NODE3_83_42),V(NODE3_83_43),V(NODE3_83_44),V(NODE3_83_45),V(NODE3_83_46),V(NODE3_83_47),V(NODE3_83_48),V(NODE3_83_49),V(NODE3_83_50),V(NODE3_83_51),V(NODE3_83_52),V(NODE3_83_53),V(NODE3_83_54),V(NODE3_83_55),V(NODE3_83_56),V(NODE3_83_57),V(NODE3_83_58),V(NODE3_83_59),V(NODE3_83_60),V(NODE3_83_61),V(NODE3_83_62),V(NODE3_83_63),V(NODE3_83_64),V(NODE3_83_65),V(NODE3_83_66),V(NODE3_83_67),V(NODE3_83_68),V(NODE3_83_69),V(NODE3_83_70),V(NODE3_83_71),V(NODE3_83_72),V(NODE3_83_73),V(NODE3_83_74),V(NODE3_83_75),V(NODE3_83_76),V(NODE3_83_77),V(NODE3_83_78),V(NODE3_83_79),V(NODE3_83_80),V(NODE3_83_81),V(NODE3_83_82),V(NODE3_83_83),V(NODE3_83_84),V(NODE3_83_85),V(NODE3_83_86),V(NODE3_83_87),V(NODE3_83_88),V(NODE3_83_89),V(NODE3_83_90),V(NODE3_83_91),V(NODE3_83_92),V(NODE3_83_93),V(NODE3_83_94),V(NODE3_83_95),V(NODE3_83_96),V(NODE3_83_97),V(NODE3_83_98),V(NODE3_83_99),V(NODE3_84_0),V(NODE3_84_1),V(NODE3_84_2),V(NODE3_84_3),V(NODE3_84_4),V(NODE3_84_5),V(NODE3_84_6),V(NODE3_84_7),V(NODE3_84_8),V(NODE3_84_9),V(NODE3_84_10),V(NODE3_84_11),V(NODE3_84_12),V(NODE3_84_13),V(NODE3_84_14),V(NODE3_84_15),V(NODE3_84_16),V(NODE3_84_17),V(NODE3_84_18),V(NODE3_84_19),V(NODE3_84_20),V(NODE3_84_21),V(NODE3_84_22),V(NODE3_84_23),V(NODE3_84_24),V(NODE3_84_25),V(NODE3_84_26),V(NODE3_84_27),V(NODE3_84_28),V(NODE3_84_29),V(NODE3_84_30),V(NODE3_84_31),V(NODE3_84_32),V(NODE3_84_33),V(NODE3_84_34),V(NODE3_84_35),V(NODE3_84_36),V(NODE3_84_37),V(NODE3_84_38),V(NODE3_84_39),V(NODE3_84_40),V(NODE3_84_41),V(NODE3_84_42),V(NODE3_84_43),V(NODE3_84_44),V(NODE3_84_45),V(NODE3_84_46),V(NODE3_84_47),V(NODE3_84_48),V(NODE3_84_49),V(NODE3_84_50),V(NODE3_84_51),V(NODE3_84_52),V(NODE3_84_53),V(NODE3_84_54),V(NODE3_84_55),V(NODE3_84_56),V(NODE3_84_57),V(NODE3_84_58),V(NODE3_84_59),V(NODE3_84_60),V(NODE3_84_61),V(NODE3_84_62),V(NODE3_84_63),V(NODE3_84_64),V(NODE3_84_65),V(NODE3_84_66),V(NODE3_84_67),V(NODE3_84_68),V(NODE3_84_69),V(NODE3_84_70),V(NODE3_84_71),V(NODE3_84_72),V(NODE3_84_73),V(NODE3_84_74),V(NODE3_84_75),V(NODE3_84_76),V(NODE3_84_77),V(NODE3_84_78),V(NODE3_84_79),V(NODE3_84_80),V(NODE3_84_81),V(NODE3_84_82),V(NODE3_84_83),V(NODE3_84_84),V(NODE3_84_85),V(NODE3_84_86),V(NODE3_84_87),V(NODE3_84_88),V(NODE3_84_89),V(NODE3_84_90),V(NODE3_84_91),V(NODE3_84_92),V(NODE3_84_93),V(NODE3_84_94),V(NODE3_84_95),V(NODE3_84_96),V(NODE3_84_97),V(NODE3_84_98),V(NODE3_84_99),V(NODE3_85_0),V(NODE3_85_1),V(NODE3_85_2),V(NODE3_85_3),V(NODE3_85_4),V(NODE3_85_5),V(NODE3_85_6),V(NODE3_85_7),V(NODE3_85_8),V(NODE3_85_9),V(NODE3_85_10),V(NODE3_85_11),V(NODE3_85_12),V(NODE3_85_13),V(NODE3_85_14),V(NODE3_85_15),V(NODE3_85_16),V(NODE3_85_17),V(NODE3_85_18),V(NODE3_85_19),V(NODE3_85_20),V(NODE3_85_21),V(NODE3_85_22),V(NODE3_85_23),V(NODE3_85_24),V(NODE3_85_25),V(NODE3_85_26),V(NODE3_85_27),V(NODE3_85_28),V(NODE3_85_29),V(NODE3_85_30),V(NODE3_85_31),V(NODE3_85_32),V(NODE3_85_33),V(NODE3_85_34),V(NODE3_85_35),V(NODE3_85_36),V(NODE3_85_37),V(NODE3_85_38),V(NODE3_85_39),V(NODE3_85_40),V(NODE3_85_41),V(NODE3_85_42),V(NODE3_85_43),V(NODE3_85_44),V(NODE3_85_45),V(NODE3_85_46),V(NODE3_85_47),V(NODE3_85_48),V(NODE3_85_49),V(NODE3_85_50),V(NODE3_85_51),V(NODE3_85_52),V(NODE3_85_53),V(NODE3_85_54),V(NODE3_85_55),V(NODE3_85_56),V(NODE3_85_57),V(NODE3_85_58),V(NODE3_85_59),V(NODE3_85_60),V(NODE3_85_61),V(NODE3_85_62),V(NODE3_85_63),V(NODE3_85_64),V(NODE3_85_65),V(NODE3_85_66),V(NODE3_85_67),V(NODE3_85_68),V(NODE3_85_69),V(NODE3_85_70),V(NODE3_85_71),V(NODE3_85_72),V(NODE3_85_73),V(NODE3_85_74),V(NODE3_85_75),V(NODE3_85_76),V(NODE3_85_77),V(NODE3_85_78),V(NODE3_85_79),V(NODE3_85_80),V(NODE3_85_81),V(NODE3_85_82),V(NODE3_85_83),V(NODE3_85_84),V(NODE3_85_85),V(NODE3_85_86),V(NODE3_85_87),V(NODE3_85_88),V(NODE3_85_89),V(NODE3_85_90),V(NODE3_85_91),V(NODE3_85_92),V(NODE3_85_93),V(NODE3_85_94),V(NODE3_85_95),V(NODE3_85_96),V(NODE3_85_97),V(NODE3_85_98),V(NODE3_85_99),V(NODE3_86_0),V(NODE3_86_1),V(NODE3_86_2),V(NODE3_86_3),V(NODE3_86_4),V(NODE3_86_5),V(NODE3_86_6),V(NODE3_86_7),V(NODE3_86_8),V(NODE3_86_9),V(NODE3_86_10),V(NODE3_86_11),V(NODE3_86_12),V(NODE3_86_13),V(NODE3_86_14),V(NODE3_86_15),V(NODE3_86_16),V(NODE3_86_17),V(NODE3_86_18),V(NODE3_86_19),V(NODE3_86_20),V(NODE3_86_21),V(NODE3_86_22),V(NODE3_86_23),V(NODE3_86_24),V(NODE3_86_25),V(NODE3_86_26),V(NODE3_86_27),V(NODE3_86_28),V(NODE3_86_29),V(NODE3_86_30),V(NODE3_86_31),V(NODE3_86_32),V(NODE3_86_33),V(NODE3_86_34),V(NODE3_86_35),V(NODE3_86_36),V(NODE3_86_37),V(NODE3_86_38),V(NODE3_86_39),V(NODE3_86_40),V(NODE3_86_41),V(NODE3_86_42),V(NODE3_86_43),V(NODE3_86_44),V(NODE3_86_45),V(NODE3_86_46),V(NODE3_86_47),V(NODE3_86_48),V(NODE3_86_49),V(NODE3_86_50),V(NODE3_86_51),V(NODE3_86_52),V(NODE3_86_53),V(NODE3_86_54),V(NODE3_86_55),V(NODE3_86_56),V(NODE3_86_57),V(NODE3_86_58),V(NODE3_86_59),V(NODE3_86_60),V(NODE3_86_61),V(NODE3_86_62),V(NODE3_86_63),V(NODE3_86_64),V(NODE3_86_65),V(NODE3_86_66),V(NODE3_86_67),V(NODE3_86_68),V(NODE3_86_69),V(NODE3_86_70),V(NODE3_86_71),V(NODE3_86_72),V(NODE3_86_73),V(NODE3_86_74),V(NODE3_86_75),V(NODE3_86_76),V(NODE3_86_77),V(NODE3_86_78),V(NODE3_86_79),V(NODE3_86_80),V(NODE3_86_81),V(NODE3_86_82),V(NODE3_86_83),V(NODE3_86_84),V(NODE3_86_85),V(NODE3_86_86),V(NODE3_86_87),V(NODE3_86_88),V(NODE3_86_89),V(NODE3_86_90),V(NODE3_86_91),V(NODE3_86_92),V(NODE3_86_93),V(NODE3_86_94),V(NODE3_86_95),V(NODE3_86_96),V(NODE3_86_97),V(NODE3_86_98),V(NODE3_86_99),V(NODE3_87_0),V(NODE3_87_1),V(NODE3_87_2),V(NODE3_87_3),V(NODE3_87_4),V(NODE3_87_5),V(NODE3_87_6),V(NODE3_87_7),V(NODE3_87_8),V(NODE3_87_9),V(NODE3_87_10),V(NODE3_87_11),V(NODE3_87_12),V(NODE3_87_13),V(NODE3_87_14),V(NODE3_87_15),V(NODE3_87_16),V(NODE3_87_17),V(NODE3_87_18),V(NODE3_87_19),V(NODE3_87_20),V(NODE3_87_21),V(NODE3_87_22),V(NODE3_87_23),V(NODE3_87_24),V(NODE3_87_25),V(NODE3_87_26),V(NODE3_87_27),V(NODE3_87_28),V(NODE3_87_29),V(NODE3_87_30),V(NODE3_87_31),V(NODE3_87_32),V(NODE3_87_33),V(NODE3_87_34),V(NODE3_87_35),V(NODE3_87_36),V(NODE3_87_37),V(NODE3_87_38),V(NODE3_87_39),V(NODE3_87_40),V(NODE3_87_41),V(NODE3_87_42),V(NODE3_87_43),V(NODE3_87_44),V(NODE3_87_45),V(NODE3_87_46),V(NODE3_87_47),V(NODE3_87_48),V(NODE3_87_49),V(NODE3_87_50),V(NODE3_87_51),V(NODE3_87_52),V(NODE3_87_53),V(NODE3_87_54),V(NODE3_87_55),V(NODE3_87_56),V(NODE3_87_57),V(NODE3_87_58),V(NODE3_87_59),V(NODE3_87_60),V(NODE3_87_61),V(NODE3_87_62),V(NODE3_87_63),V(NODE3_87_64),V(NODE3_87_65),V(NODE3_87_66),V(NODE3_87_67),V(NODE3_87_68),V(NODE3_87_69),V(NODE3_87_70),V(NODE3_87_71),V(NODE3_87_72),V(NODE3_87_73),V(NODE3_87_74),V(NODE3_87_75),V(NODE3_87_76),V(NODE3_87_77),V(NODE3_87_78),V(NODE3_87_79),V(NODE3_87_80),V(NODE3_87_81),V(NODE3_87_82),V(NODE3_87_83),V(NODE3_87_84),V(NODE3_87_85),V(NODE3_87_86),V(NODE3_87_87),V(NODE3_87_88),V(NODE3_87_89),V(NODE3_87_90),V(NODE3_87_91),V(NODE3_87_92),V(NODE3_87_93),V(NODE3_87_94),V(NODE3_87_95),V(NODE3_87_96),V(NODE3_87_97),V(NODE3_87_98),V(NODE3_87_99),V(NODE3_88_0),V(NODE3_88_1),V(NODE3_88_2),V(NODE3_88_3),V(NODE3_88_4),V(NODE3_88_5),V(NODE3_88_6),V(NODE3_88_7),V(NODE3_88_8),V(NODE3_88_9),V(NODE3_88_10),V(NODE3_88_11),V(NODE3_88_12),V(NODE3_88_13),V(NODE3_88_14),V(NODE3_88_15),V(NODE3_88_16),V(NODE3_88_17),V(NODE3_88_18),V(NODE3_88_19),V(NODE3_88_20),V(NODE3_88_21),V(NODE3_88_22),V(NODE3_88_23),V(NODE3_88_24),V(NODE3_88_25),V(NODE3_88_26),V(NODE3_88_27),V(NODE3_88_28),V(NODE3_88_29),V(NODE3_88_30),V(NODE3_88_31),V(NODE3_88_32),V(NODE3_88_33),V(NODE3_88_34),V(NODE3_88_35),V(NODE3_88_36),V(NODE3_88_37),V(NODE3_88_38),V(NODE3_88_39),V(NODE3_88_40),V(NODE3_88_41),V(NODE3_88_42),V(NODE3_88_43),V(NODE3_88_44),V(NODE3_88_45),V(NODE3_88_46),V(NODE3_88_47),V(NODE3_88_48),V(NODE3_88_49),V(NODE3_88_50),V(NODE3_88_51),V(NODE3_88_52),V(NODE3_88_53),V(NODE3_88_54),V(NODE3_88_55),V(NODE3_88_56),V(NODE3_88_57),V(NODE3_88_58),V(NODE3_88_59),V(NODE3_88_60),V(NODE3_88_61),V(NODE3_88_62),V(NODE3_88_63),V(NODE3_88_64),V(NODE3_88_65),V(NODE3_88_66),V(NODE3_88_67),V(NODE3_88_68),V(NODE3_88_69),V(NODE3_88_70),V(NODE3_88_71),V(NODE3_88_72),V(NODE3_88_73),V(NODE3_88_74),V(NODE3_88_75),V(NODE3_88_76),V(NODE3_88_77),V(NODE3_88_78),V(NODE3_88_79),V(NODE3_88_80),V(NODE3_88_81),V(NODE3_88_82),V(NODE3_88_83),V(NODE3_88_84),V(NODE3_88_85),V(NODE3_88_86),V(NODE3_88_87),V(NODE3_88_88),V(NODE3_88_89),V(NODE3_88_90),V(NODE3_88_91),V(NODE3_88_92),V(NODE3_88_93),V(NODE3_88_94),V(NODE3_88_95),V(NODE3_88_96),V(NODE3_88_97),V(NODE3_88_98),V(NODE3_88_99),V(NODE3_89_0),V(NODE3_89_1),V(NODE3_89_2),V(NODE3_89_3),V(NODE3_89_4),V(NODE3_89_5),V(NODE3_89_6),V(NODE3_89_7),V(NODE3_89_8),V(NODE3_89_9),V(NODE3_89_10),V(NODE3_89_11),V(NODE3_89_12),V(NODE3_89_13),V(NODE3_89_14),V(NODE3_89_15),V(NODE3_89_16),V(NODE3_89_17),V(NODE3_89_18),V(NODE3_89_19),V(NODE3_89_20),V(NODE3_89_21),V(NODE3_89_22),V(NODE3_89_23),V(NODE3_89_24),V(NODE3_89_25),V(NODE3_89_26),V(NODE3_89_27),V(NODE3_89_28),V(NODE3_89_29),V(NODE3_89_30),V(NODE3_89_31),V(NODE3_89_32),V(NODE3_89_33),V(NODE3_89_34),V(NODE3_89_35),V(NODE3_89_36),V(NODE3_89_37),V(NODE3_89_38),V(NODE3_89_39),V(NODE3_89_40),V(NODE3_89_41),V(NODE3_89_42),V(NODE3_89_43),V(NODE3_89_44),V(NODE3_89_45),V(NODE3_89_46),V(NODE3_89_47),V(NODE3_89_48),V(NODE3_89_49),V(NODE3_89_50),V(NODE3_89_51),V(NODE3_89_52),V(NODE3_89_53),V(NODE3_89_54),V(NODE3_89_55),V(NODE3_89_56),V(NODE3_89_57),V(NODE3_89_58),V(NODE3_89_59),V(NODE3_89_60),V(NODE3_89_61),V(NODE3_89_62),V(NODE3_89_63),V(NODE3_89_64),V(NODE3_89_65),V(NODE3_89_66),V(NODE3_89_67),V(NODE3_89_68),V(NODE3_89_69),V(NODE3_89_70),V(NODE3_89_71),V(NODE3_89_72),V(NODE3_89_73),V(NODE3_89_74),V(NODE3_89_75),V(NODE3_89_76),V(NODE3_89_77),V(NODE3_89_78),V(NODE3_89_79),V(NODE3_89_80),V(NODE3_89_81),V(NODE3_89_82),V(NODE3_89_83),V(NODE3_89_84),V(NODE3_89_85),V(NODE3_89_86),V(NODE3_89_87),V(NODE3_89_88),V(NODE3_89_89),V(NODE3_89_90),V(NODE3_89_91),V(NODE3_89_92),V(NODE3_89_93),V(NODE3_89_94),V(NODE3_89_95),V(NODE3_89_96),V(NODE3_89_97),V(NODE3_89_98),V(NODE3_89_99),V(NODE3_90_0),V(NODE3_90_1),V(NODE3_90_2),V(NODE3_90_3),V(NODE3_90_4),V(NODE3_90_5),V(NODE3_90_6),V(NODE3_90_7),V(NODE3_90_8),V(NODE3_90_9),V(NODE3_90_10),V(NODE3_90_11),V(NODE3_90_12),V(NODE3_90_13),V(NODE3_90_14),V(NODE3_90_15),V(NODE3_90_16),V(NODE3_90_17),V(NODE3_90_18),V(NODE3_90_19),V(NODE3_90_20),V(NODE3_90_21),V(NODE3_90_22),V(NODE3_90_23),V(NODE3_90_24),V(NODE3_90_25),V(NODE3_90_26),V(NODE3_90_27),V(NODE3_90_28),V(NODE3_90_29),V(NODE3_90_30),V(NODE3_90_31),V(NODE3_90_32),V(NODE3_90_33),V(NODE3_90_34),V(NODE3_90_35),V(NODE3_90_36),V(NODE3_90_37),V(NODE3_90_38),V(NODE3_90_39),V(NODE3_90_40),V(NODE3_90_41),V(NODE3_90_42),V(NODE3_90_43),V(NODE3_90_44),V(NODE3_90_45),V(NODE3_90_46),V(NODE3_90_47),V(NODE3_90_48),V(NODE3_90_49),V(NODE3_90_50),V(NODE3_90_51),V(NODE3_90_52),V(NODE3_90_53),V(NODE3_90_54),V(NODE3_90_55),V(NODE3_90_56),V(NODE3_90_57),V(NODE3_90_58),V(NODE3_90_59),V(NODE3_90_60),V(NODE3_90_61),V(NODE3_90_62),V(NODE3_90_63),V(NODE3_90_64),V(NODE3_90_65),V(NODE3_90_66),V(NODE3_90_67),V(NODE3_90_68),V(NODE3_90_69),V(NODE3_90_70),V(NODE3_90_71),V(NODE3_90_72),V(NODE3_90_73),V(NODE3_90_74),V(NODE3_90_75),V(NODE3_90_76),V(NODE3_90_77),V(NODE3_90_78),V(NODE3_90_79),V(NODE3_90_80),V(NODE3_90_81),V(NODE3_90_82),V(NODE3_90_83),V(NODE3_90_84),V(NODE3_90_85),V(NODE3_90_86),V(NODE3_90_87),V(NODE3_90_88),V(NODE3_90_89),V(NODE3_90_90),V(NODE3_90_91),V(NODE3_90_92),V(NODE3_90_93),V(NODE3_90_94),V(NODE3_90_95),V(NODE3_90_96),V(NODE3_90_97),V(NODE3_90_98),V(NODE3_90_99),V(NODE3_91_0),V(NODE3_91_1),V(NODE3_91_2),V(NODE3_91_3),V(NODE3_91_4),V(NODE3_91_5),V(NODE3_91_6),V(NODE3_91_7),V(NODE3_91_8),V(NODE3_91_9),V(NODE3_91_10),V(NODE3_91_11),V(NODE3_91_12),V(NODE3_91_13),V(NODE3_91_14),V(NODE3_91_15),V(NODE3_91_16),V(NODE3_91_17),V(NODE3_91_18),V(NODE3_91_19),V(NODE3_91_20),V(NODE3_91_21),V(NODE3_91_22),V(NODE3_91_23),V(NODE3_91_24),V(NODE3_91_25),V(NODE3_91_26),V(NODE3_91_27),V(NODE3_91_28),V(NODE3_91_29),V(NODE3_91_30),V(NODE3_91_31),V(NODE3_91_32),V(NODE3_91_33),V(NODE3_91_34),V(NODE3_91_35),V(NODE3_91_36),V(NODE3_91_37),V(NODE3_91_38),V(NODE3_91_39),V(NODE3_91_40),V(NODE3_91_41),V(NODE3_91_42),V(NODE3_91_43),V(NODE3_91_44),V(NODE3_91_45),V(NODE3_91_46),V(NODE3_91_47),V(NODE3_91_48),V(NODE3_91_49),V(NODE3_91_50),V(NODE3_91_51),V(NODE3_91_52),V(NODE3_91_53),V(NODE3_91_54),V(NODE3_91_55),V(NODE3_91_56),V(NODE3_91_57),V(NODE3_91_58),V(NODE3_91_59),V(NODE3_91_60),V(NODE3_91_61),V(NODE3_91_62),V(NODE3_91_63),V(NODE3_91_64),V(NODE3_91_65),V(NODE3_91_66),V(NODE3_91_67),V(NODE3_91_68),V(NODE3_91_69),V(NODE3_91_70),V(NODE3_91_71),V(NODE3_91_72),V(NODE3_91_73),V(NODE3_91_74),V(NODE3_91_75),V(NODE3_91_76),V(NODE3_91_77),V(NODE3_91_78),V(NODE3_91_79),V(NODE3_91_80),V(NODE3_91_81),V(NODE3_91_82),V(NODE3_91_83),V(NODE3_91_84),V(NODE3_91_85),V(NODE3_91_86),V(NODE3_91_87),V(NODE3_91_88),V(NODE3_91_89),V(NODE3_91_90),V(NODE3_91_91),V(NODE3_91_92),V(NODE3_91_93),V(NODE3_91_94),V(NODE3_91_95),V(NODE3_91_96),V(NODE3_91_97),V(NODE3_91_98),V(NODE3_91_99),V(NODE3_92_0),V(NODE3_92_1),V(NODE3_92_2),V(NODE3_92_3),V(NODE3_92_4),V(NODE3_92_5),V(NODE3_92_6),V(NODE3_92_7),V(NODE3_92_8),V(NODE3_92_9),V(NODE3_92_10),V(NODE3_92_11),V(NODE3_92_12),V(NODE3_92_13),V(NODE3_92_14),V(NODE3_92_15),V(NODE3_92_16),V(NODE3_92_17),V(NODE3_92_18),V(NODE3_92_19),V(NODE3_92_20),V(NODE3_92_21),V(NODE3_92_22),V(NODE3_92_23),V(NODE3_92_24),V(NODE3_92_25),V(NODE3_92_26),V(NODE3_92_27),V(NODE3_92_28),V(NODE3_92_29),V(NODE3_92_30),V(NODE3_92_31),V(NODE3_92_32),V(NODE3_92_33),V(NODE3_92_34),V(NODE3_92_35),V(NODE3_92_36),V(NODE3_92_37),V(NODE3_92_38),V(NODE3_92_39),V(NODE3_92_40),V(NODE3_92_41),V(NODE3_92_42),V(NODE3_92_43),V(NODE3_92_44),V(NODE3_92_45),V(NODE3_92_46),V(NODE3_92_47),V(NODE3_92_48),V(NODE3_92_49),V(NODE3_92_50),V(NODE3_92_51),V(NODE3_92_52),V(NODE3_92_53),V(NODE3_92_54),V(NODE3_92_55),V(NODE3_92_56),V(NODE3_92_57),V(NODE3_92_58),V(NODE3_92_59),V(NODE3_92_60),V(NODE3_92_61),V(NODE3_92_62),V(NODE3_92_63),V(NODE3_92_64),V(NODE3_92_65),V(NODE3_92_66),V(NODE3_92_67),V(NODE3_92_68),V(NODE3_92_69),V(NODE3_92_70),V(NODE3_92_71),V(NODE3_92_72),V(NODE3_92_73),V(NODE3_92_74),V(NODE3_92_75),V(NODE3_92_76),V(NODE3_92_77),V(NODE3_92_78),V(NODE3_92_79),V(NODE3_92_80),V(NODE3_92_81),V(NODE3_92_82),V(NODE3_92_83),V(NODE3_92_84),V(NODE3_92_85),V(NODE3_92_86),V(NODE3_92_87),V(NODE3_92_88),V(NODE3_92_89),V(NODE3_92_90),V(NODE3_92_91),V(NODE3_92_92),V(NODE3_92_93),V(NODE3_92_94),V(NODE3_92_95),V(NODE3_92_96),V(NODE3_92_97),V(NODE3_92_98),V(NODE3_92_99),V(NODE3_93_0),V(NODE3_93_1),V(NODE3_93_2),V(NODE3_93_3),V(NODE3_93_4),V(NODE3_93_5),V(NODE3_93_6),V(NODE3_93_7),V(NODE3_93_8),V(NODE3_93_9),V(NODE3_93_10),V(NODE3_93_11),V(NODE3_93_12),V(NODE3_93_13),V(NODE3_93_14),V(NODE3_93_15),V(NODE3_93_16),V(NODE3_93_17),V(NODE3_93_18),V(NODE3_93_19),V(NODE3_93_20),V(NODE3_93_21),V(NODE3_93_22),V(NODE3_93_23),V(NODE3_93_24),V(NODE3_93_25),V(NODE3_93_26),V(NODE3_93_27),V(NODE3_93_28),V(NODE3_93_29),V(NODE3_93_30),V(NODE3_93_31),V(NODE3_93_32),V(NODE3_93_33),V(NODE3_93_34),V(NODE3_93_35),V(NODE3_93_36),V(NODE3_93_37),V(NODE3_93_38),V(NODE3_93_39),V(NODE3_93_40),V(NODE3_93_41),V(NODE3_93_42),V(NODE3_93_43),V(NODE3_93_44),V(NODE3_93_45),V(NODE3_93_46),V(NODE3_93_47),V(NODE3_93_48),V(NODE3_93_49),V(NODE3_93_50),V(NODE3_93_51),V(NODE3_93_52),V(NODE3_93_53),V(NODE3_93_54),V(NODE3_93_55),V(NODE3_93_56),V(NODE3_93_57),V(NODE3_93_58),V(NODE3_93_59),V(NODE3_93_60),V(NODE3_93_61),V(NODE3_93_62),V(NODE3_93_63),V(NODE3_93_64),V(NODE3_93_65),V(NODE3_93_66),V(NODE3_93_67),V(NODE3_93_68),V(NODE3_93_69),V(NODE3_93_70),V(NODE3_93_71),V(NODE3_93_72),V(NODE3_93_73),V(NODE3_93_74),V(NODE3_93_75),V(NODE3_93_76),V(NODE3_93_77),V(NODE3_93_78),V(NODE3_93_79),V(NODE3_93_80),V(NODE3_93_81),V(NODE3_93_82),V(NODE3_93_83),V(NODE3_93_84),V(NODE3_93_85),V(NODE3_93_86),V(NODE3_93_87),V(NODE3_93_88),V(NODE3_93_89),V(NODE3_93_90),V(NODE3_93_91),V(NODE3_93_92),V(NODE3_93_93),V(NODE3_93_94),V(NODE3_93_95),V(NODE3_93_96),V(NODE3_93_97),V(NODE3_93_98),V(NODE3_93_99),V(NODE3_94_0),V(NODE3_94_1),V(NODE3_94_2),V(NODE3_94_3),V(NODE3_94_4),V(NODE3_94_5),V(NODE3_94_6),V(NODE3_94_7),V(NODE3_94_8),V(NODE3_94_9),V(NODE3_94_10),V(NODE3_94_11),V(NODE3_94_12),V(NODE3_94_13),V(NODE3_94_14),V(NODE3_94_15),V(NODE3_94_16),V(NODE3_94_17),V(NODE3_94_18),V(NODE3_94_19),V(NODE3_94_20),V(NODE3_94_21),V(NODE3_94_22),V(NODE3_94_23),V(NODE3_94_24),V(NODE3_94_25),V(NODE3_94_26),V(NODE3_94_27),V(NODE3_94_28),V(NODE3_94_29),V(NODE3_94_30),V(NODE3_94_31),V(NODE3_94_32),V(NODE3_94_33),V(NODE3_94_34),V(NODE3_94_35),V(NODE3_94_36),V(NODE3_94_37),V(NODE3_94_38),V(NODE3_94_39),V(NODE3_94_40),V(NODE3_94_41),V(NODE3_94_42),V(NODE3_94_43),V(NODE3_94_44),V(NODE3_94_45),V(NODE3_94_46),V(NODE3_94_47),V(NODE3_94_48),V(NODE3_94_49),V(NODE3_94_50),V(NODE3_94_51),V(NODE3_94_52),V(NODE3_94_53),V(NODE3_94_54),V(NODE3_94_55),V(NODE3_94_56),V(NODE3_94_57),V(NODE3_94_58),V(NODE3_94_59),V(NODE3_94_60),V(NODE3_94_61),V(NODE3_94_62),V(NODE3_94_63),V(NODE3_94_64),V(NODE3_94_65),V(NODE3_94_66),V(NODE3_94_67),V(NODE3_94_68),V(NODE3_94_69),V(NODE3_94_70),V(NODE3_94_71),V(NODE3_94_72),V(NODE3_94_73),V(NODE3_94_74),V(NODE3_94_75),V(NODE3_94_76),V(NODE3_94_77),V(NODE3_94_78),V(NODE3_94_79),V(NODE3_94_80),V(NODE3_94_81),V(NODE3_94_82),V(NODE3_94_83),V(NODE3_94_84),V(NODE3_94_85),V(NODE3_94_86),V(NODE3_94_87),V(NODE3_94_88),V(NODE3_94_89),V(NODE3_94_90),V(NODE3_94_91),V(NODE3_94_92),V(NODE3_94_93),V(NODE3_94_94),V(NODE3_94_95),V(NODE3_94_96),V(NODE3_94_97),V(NODE3_94_98),V(NODE3_94_99),V(NODE3_95_0),V(NODE3_95_1),V(NODE3_95_2),V(NODE3_95_3),V(NODE3_95_4),V(NODE3_95_5),V(NODE3_95_6),V(NODE3_95_7),V(NODE3_95_8),V(NODE3_95_9),V(NODE3_95_10),V(NODE3_95_11),V(NODE3_95_12),V(NODE3_95_13),V(NODE3_95_14),V(NODE3_95_15),V(NODE3_95_16),V(NODE3_95_17),V(NODE3_95_18),V(NODE3_95_19),V(NODE3_95_20),V(NODE3_95_21),V(NODE3_95_22),V(NODE3_95_23),V(NODE3_95_24),V(NODE3_95_25),V(NODE3_95_26),V(NODE3_95_27),V(NODE3_95_28),V(NODE3_95_29),V(NODE3_95_30),V(NODE3_95_31),V(NODE3_95_32),V(NODE3_95_33),V(NODE3_95_34),V(NODE3_95_35),V(NODE3_95_36),V(NODE3_95_37),V(NODE3_95_38),V(NODE3_95_39),V(NODE3_95_40),V(NODE3_95_41),V(NODE3_95_42),V(NODE3_95_43),V(NODE3_95_44),V(NODE3_95_45),V(NODE3_95_46),V(NODE3_95_47),V(NODE3_95_48),V(NODE3_95_49),V(NODE3_95_50),V(NODE3_95_51),V(NODE3_95_52),V(NODE3_95_53),V(NODE3_95_54),V(NODE3_95_55),V(NODE3_95_56),V(NODE3_95_57),V(NODE3_95_58),V(NODE3_95_59),V(NODE3_95_60),V(NODE3_95_61),V(NODE3_95_62),V(NODE3_95_63),V(NODE3_95_64),V(NODE3_95_65),V(NODE3_95_66),V(NODE3_95_67),V(NODE3_95_68),V(NODE3_95_69),V(NODE3_95_70),V(NODE3_95_71),V(NODE3_95_72),V(NODE3_95_73),V(NODE3_95_74),V(NODE3_95_75),V(NODE3_95_76),V(NODE3_95_77),V(NODE3_95_78),V(NODE3_95_79),V(NODE3_95_80),V(NODE3_95_81),V(NODE3_95_82),V(NODE3_95_83),V(NODE3_95_84),V(NODE3_95_85),V(NODE3_95_86),V(NODE3_95_87),V(NODE3_95_88),V(NODE3_95_89),V(NODE3_95_90),V(NODE3_95_91),V(NODE3_95_92),V(NODE3_95_93),V(NODE3_95_94),V(NODE3_95_95),V(NODE3_95_96),V(NODE3_95_97),V(NODE3_95_98),V(NODE3_95_99),V(NODE3_96_0),V(NODE3_96_1),V(NODE3_96_2),V(NODE3_96_3),V(NODE3_96_4),V(NODE3_96_5),V(NODE3_96_6),V(NODE3_96_7),V(NODE3_96_8),V(NODE3_96_9),V(NODE3_96_10),V(NODE3_96_11),V(NODE3_96_12),V(NODE3_96_13),V(NODE3_96_14),V(NODE3_96_15),V(NODE3_96_16),V(NODE3_96_17),V(NODE3_96_18),V(NODE3_96_19),V(NODE3_96_20),V(NODE3_96_21),V(NODE3_96_22),V(NODE3_96_23),V(NODE3_96_24),V(NODE3_96_25),V(NODE3_96_26),V(NODE3_96_27),V(NODE3_96_28),V(NODE3_96_29),V(NODE3_96_30),V(NODE3_96_31),V(NODE3_96_32),V(NODE3_96_33),V(NODE3_96_34),V(NODE3_96_35),V(NODE3_96_36),V(NODE3_96_37),V(NODE3_96_38),V(NODE3_96_39),V(NODE3_96_40),V(NODE3_96_41),V(NODE3_96_42),V(NODE3_96_43),V(NODE3_96_44),V(NODE3_96_45),V(NODE3_96_46),V(NODE3_96_47),V(NODE3_96_48),V(NODE3_96_49),V(NODE3_96_50),V(NODE3_96_51),V(NODE3_96_52),V(NODE3_96_53),V(NODE3_96_54),V(NODE3_96_55),V(NODE3_96_56),V(NODE3_96_57),V(NODE3_96_58),V(NODE3_96_59),V(NODE3_96_60),V(NODE3_96_61),V(NODE3_96_62),V(NODE3_96_63),V(NODE3_96_64),V(NODE3_96_65),V(NODE3_96_66),V(NODE3_96_67),V(NODE3_96_68),V(NODE3_96_69),V(NODE3_96_70),V(NODE3_96_71),V(NODE3_96_72),V(NODE3_96_73),V(NODE3_96_74),V(NODE3_96_75),V(NODE3_96_76),V(NODE3_96_77),V(NODE3_96_78),V(NODE3_96_79),V(NODE3_96_80),V(NODE3_96_81),V(NODE3_96_82),V(NODE3_96_83),V(NODE3_96_84),V(NODE3_96_85),V(NODE3_96_86),V(NODE3_96_87),V(NODE3_96_88),V(NODE3_96_89),V(NODE3_96_90),V(NODE3_96_91),V(NODE3_96_92),V(NODE3_96_93),V(NODE3_96_94),V(NODE3_96_95),V(NODE3_96_96),V(NODE3_96_97),V(NODE3_96_98),V(NODE3_96_99),V(NODE3_97_0),V(NODE3_97_1),V(NODE3_97_2),V(NODE3_97_3),V(NODE3_97_4),V(NODE3_97_5),V(NODE3_97_6),V(NODE3_97_7),V(NODE3_97_8),V(NODE3_97_9),V(NODE3_97_10),V(NODE3_97_11),V(NODE3_97_12),V(NODE3_97_13),V(NODE3_97_14),V(NODE3_97_15),V(NODE3_97_16),V(NODE3_97_17),V(NODE3_97_18),V(NODE3_97_19),V(NODE3_97_20),V(NODE3_97_21),V(NODE3_97_22),V(NODE3_97_23),V(NODE3_97_24),V(NODE3_97_25),V(NODE3_97_26),V(NODE3_97_27),V(NODE3_97_28),V(NODE3_97_29),V(NODE3_97_30),V(NODE3_97_31),V(NODE3_97_32),V(NODE3_97_33),V(NODE3_97_34),V(NODE3_97_35),V(NODE3_97_36),V(NODE3_97_37),V(NODE3_97_38),V(NODE3_97_39),V(NODE3_97_40),V(NODE3_97_41),V(NODE3_97_42),V(NODE3_97_43),V(NODE3_97_44),V(NODE3_97_45),V(NODE3_97_46),V(NODE3_97_47),V(NODE3_97_48),V(NODE3_97_49),V(NODE3_97_50),V(NODE3_97_51),V(NODE3_97_52),V(NODE3_97_53),V(NODE3_97_54),V(NODE3_97_55),V(NODE3_97_56),V(NODE3_97_57),V(NODE3_97_58),V(NODE3_97_59),V(NODE3_97_60),V(NODE3_97_61),V(NODE3_97_62),V(NODE3_97_63),V(NODE3_97_64),V(NODE3_97_65),V(NODE3_97_66),V(NODE3_97_67),V(NODE3_97_68),V(NODE3_97_69),V(NODE3_97_70),V(NODE3_97_71),V(NODE3_97_72),V(NODE3_97_73),V(NODE3_97_74),V(NODE3_97_75),V(NODE3_97_76),V(NODE3_97_77),V(NODE3_97_78),V(NODE3_97_79),V(NODE3_97_80),V(NODE3_97_81),V(NODE3_97_82),V(NODE3_97_83),V(NODE3_97_84),V(NODE3_97_85),V(NODE3_97_86),V(NODE3_97_87),V(NODE3_97_88),V(NODE3_97_89),V(NODE3_97_90),V(NODE3_97_91),V(NODE3_97_92),V(NODE3_97_93),V(NODE3_97_94),V(NODE3_97_95),V(NODE3_97_96),V(NODE3_97_97),V(NODE3_97_98),V(NODE3_97_99),V(NODE3_98_0),V(NODE3_98_1),V(NODE3_98_2),V(NODE3_98_3),V(NODE3_98_4),V(NODE3_98_5),V(NODE3_98_6),V(NODE3_98_7),V(NODE3_98_8),V(NODE3_98_9),V(NODE3_98_10),V(NODE3_98_11),V(NODE3_98_12),V(NODE3_98_13),V(NODE3_98_14),V(NODE3_98_15),V(NODE3_98_16),V(NODE3_98_17),V(NODE3_98_18),V(NODE3_98_19),V(NODE3_98_20),V(NODE3_98_21),V(NODE3_98_22),V(NODE3_98_23),V(NODE3_98_24),V(NODE3_98_25),V(NODE3_98_26),V(NODE3_98_27),V(NODE3_98_28),V(NODE3_98_29),V(NODE3_98_30),V(NODE3_98_31),V(NODE3_98_32),V(NODE3_98_33),V(NODE3_98_34),V(NODE3_98_35),V(NODE3_98_36),V(NODE3_98_37),V(NODE3_98_38),V(NODE3_98_39),V(NODE3_98_40),V(NODE3_98_41),V(NODE3_98_42),V(NODE3_98_43),V(NODE3_98_44),V(NODE3_98_45),V(NODE3_98_46),V(NODE3_98_47),V(NODE3_98_48),V(NODE3_98_49),V(NODE3_98_50),V(NODE3_98_51),V(NODE3_98_52),V(NODE3_98_53),V(NODE3_98_54),V(NODE3_98_55),V(NODE3_98_56),V(NODE3_98_57),V(NODE3_98_58),V(NODE3_98_59),V(NODE3_98_60),V(NODE3_98_61),V(NODE3_98_62),V(NODE3_98_63),V(NODE3_98_64),V(NODE3_98_65),V(NODE3_98_66),V(NODE3_98_67),V(NODE3_98_68),V(NODE3_98_69),V(NODE3_98_70),V(NODE3_98_71),V(NODE3_98_72),V(NODE3_98_73),V(NODE3_98_74),V(NODE3_98_75),V(NODE3_98_76),V(NODE3_98_77),V(NODE3_98_78),V(NODE3_98_79),V(NODE3_98_80),V(NODE3_98_81),V(NODE3_98_82),V(NODE3_98_83),V(NODE3_98_84),V(NODE3_98_85),V(NODE3_98_86),V(NODE3_98_87),V(NODE3_98_88),V(NODE3_98_89),V(NODE3_98_90),V(NODE3_98_91),V(NODE3_98_92),V(NODE3_98_93),V(NODE3_98_94),V(NODE3_98_95),V(NODE3_98_96),V(NODE3_98_97),V(NODE3_98_98),V(NODE3_98_99),V(NODE3_99_0),V(NODE3_99_1),V(NODE3_99_2),V(NODE3_99_3),V(NODE3_99_4),V(NODE3_99_5),V(NODE3_99_6),V(NODE3_99_7),V(NODE3_99_8),V(NODE3_99_9),V(NODE3_99_10),V(NODE3_99_11),V(NODE3_99_12),V(NODE3_99_13),V(NODE3_99_14),V(NODE3_99_15),V(NODE3_99_16),V(NODE3_99_17),V(NODE3_99_18),V(NODE3_99_19),V(NODE3_99_20),V(NODE3_99_21),V(NODE3_99_22),V(NODE3_99_23),V(NODE3_99_24),V(NODE3_99_25),V(NODE3_99_26),V(NODE3_99_27),V(NODE3_99_28),V(NODE3_99_29),V(NODE3_99_30),V(NODE3_99_31),V(NODE3_99_32),V(NODE3_99_33),V(NODE3_99_34),V(NODE3_99_35),V(NODE3_99_36),V(NODE3_99_37),V(NODE3_99_38),V(NODE3_99_39),V(NODE3_99_40),V(NODE3_99_41),V(NODE3_99_42),V(NODE3_99_43),V(NODE3_99_44),V(NODE3_99_45),V(NODE3_99_46),V(NODE3_99_47),V(NODE3_99_48),V(NODE3_99_49),V(NODE3_99_50),V(NODE3_99_51),V(NODE3_99_52),V(NODE3_99_53),V(NODE3_99_54),V(NODE3_99_55),V(NODE3_99_56),V(NODE3_99_57),V(NODE3_99_58),V(NODE3_99_59),V(NODE3_99_60),V(NODE3_99_61),V(NODE3_99_62),V(NODE3_99_63),V(NODE3_99_64),V(NODE3_99_65),V(NODE3_99_66),V(NODE3_99_67),V(NODE3_99_68),V(NODE3_99_69),V(NODE3_99_70),V(NODE3_99_71),V(NODE3_99_72),V(NODE3_99_73),V(NODE3_99_74),V(NODE3_99_75),V(NODE3_99_76),V(NODE3_99_77),V(NODE3_99_78),V(NODE3_99_79),V(NODE3_99_80),V(NODE3_99_81),V(NODE3_99_82),V(NODE3_99_83),V(NODE3_99_84),V(NODE3_99_85),V(NODE3_99_86),V(NODE3_99_87),V(NODE3_99_88),V(NODE3_99_89),V(NODE3_99_90),V(NODE3_99_91),V(NODE3_99_92),V(NODE3_99_93),V(NODE3_99_94),V(NODE3_99_95),V(NODE3_99_96),V(NODE3_99_97),V(NODE3_99_98),V(NODE3_99_99),V(NODE4_0_0),V(NODE4_0_1),V(NODE4_0_2),V(NODE4_0_3),V(NODE4_0_4),V(NODE4_0_5),V(NODE4_0_6),V(NODE4_0_7),V(NODE4_0_8),V(NODE4_0_9),V(NODE4_0_10),V(NODE4_0_11),V(NODE4_0_12),V(NODE4_0_13),V(NODE4_0_14),V(NODE4_0_15),V(NODE4_0_16),V(NODE4_0_17),V(NODE4_0_18),V(NODE4_0_19),V(NODE4_0_20),V(NODE4_0_21),V(NODE4_0_22),V(NODE4_0_23),V(NODE4_0_24),V(NODE4_0_25),V(NODE4_0_26),V(NODE4_0_27),V(NODE4_0_28),V(NODE4_0_29),V(NODE4_0_30),V(NODE4_0_31),V(NODE4_0_32),V(NODE4_0_33),V(NODE4_0_34),V(NODE4_0_35),V(NODE4_0_36),V(NODE4_0_37),V(NODE4_0_38),V(NODE4_0_39),V(NODE4_0_40),V(NODE4_0_41),V(NODE4_0_42),V(NODE4_0_43),V(NODE4_0_44),V(NODE4_0_45),V(NODE4_0_46),V(NODE4_0_47),V(NODE4_0_48),V(NODE4_0_49),V(NODE4_0_50),V(NODE4_0_51),V(NODE4_0_52),V(NODE4_0_53),V(NODE4_0_54),V(NODE4_0_55),V(NODE4_0_56),V(NODE4_0_57),V(NODE4_0_58),V(NODE4_0_59),V(NODE4_0_60),V(NODE4_0_61),V(NODE4_0_62),V(NODE4_0_63),V(NODE4_0_64),V(NODE4_0_65),V(NODE4_0_66),V(NODE4_0_67),V(NODE4_0_68),V(NODE4_0_69),V(NODE4_0_70),V(NODE4_0_71),V(NODE4_0_72),V(NODE4_0_73),V(NODE4_0_74),V(NODE4_0_75),V(NODE4_0_76),V(NODE4_0_77),V(NODE4_0_78),V(NODE4_0_79),V(NODE4_0_80),V(NODE4_0_81),V(NODE4_0_82),V(NODE4_0_83),V(NODE4_0_84),V(NODE4_0_85),V(NODE4_0_86),V(NODE4_0_87),V(NODE4_0_88),V(NODE4_0_89),V(NODE4_0_90),V(NODE4_0_91),V(NODE4_0_92),V(NODE4_0_93),V(NODE4_0_94),V(NODE4_0_95),V(NODE4_0_96),V(NODE4_0_97),V(NODE4_0_98),V(NODE4_0_99),V(NODE4_1_0),V(NODE4_1_1),V(NODE4_1_2),V(NODE4_1_3),V(NODE4_1_4),V(NODE4_1_5),V(NODE4_1_6),V(NODE4_1_7),V(NODE4_1_8),V(NODE4_1_9),V(NODE4_1_10),V(NODE4_1_11),V(NODE4_1_12),V(NODE4_1_13),V(NODE4_1_14),V(NODE4_1_15),V(NODE4_1_16),V(NODE4_1_17),V(NODE4_1_18),V(NODE4_1_19),V(NODE4_1_20),V(NODE4_1_21),V(NODE4_1_22),V(NODE4_1_23),V(NODE4_1_24),V(NODE4_1_25),V(NODE4_1_26),V(NODE4_1_27),V(NODE4_1_28),V(NODE4_1_29),V(NODE4_1_30),V(NODE4_1_31),V(NODE4_1_32),V(NODE4_1_33),V(NODE4_1_34),V(NODE4_1_35),V(NODE4_1_36),V(NODE4_1_37),V(NODE4_1_38),V(NODE4_1_39),V(NODE4_1_40),V(NODE4_1_41),V(NODE4_1_42),V(NODE4_1_43),V(NODE4_1_44),V(NODE4_1_45),V(NODE4_1_46),V(NODE4_1_47),V(NODE4_1_48),V(NODE4_1_49),V(NODE4_1_50),V(NODE4_1_51),V(NODE4_1_52),V(NODE4_1_53),V(NODE4_1_54),V(NODE4_1_55),V(NODE4_1_56),V(NODE4_1_57),V(NODE4_1_58),V(NODE4_1_59),V(NODE4_1_60),V(NODE4_1_61),V(NODE4_1_62),V(NODE4_1_63),V(NODE4_1_64),V(NODE4_1_65),V(NODE4_1_66),V(NODE4_1_67),V(NODE4_1_68),V(NODE4_1_69),V(NODE4_1_70),V(NODE4_1_71),V(NODE4_1_72),V(NODE4_1_73),V(NODE4_1_74),V(NODE4_1_75),V(NODE4_1_76),V(NODE4_1_77),V(NODE4_1_78),V(NODE4_1_79),V(NODE4_1_80),V(NODE4_1_81),V(NODE4_1_82),V(NODE4_1_83),V(NODE4_1_84),V(NODE4_1_85),V(NODE4_1_86),V(NODE4_1_87),V(NODE4_1_88),V(NODE4_1_89),V(NODE4_1_90),V(NODE4_1_91),V(NODE4_1_92),V(NODE4_1_93),V(NODE4_1_94),V(NODE4_1_95),V(NODE4_1_96),V(NODE4_1_97),V(NODE4_1_98),V(NODE4_1_99),V(NODE4_2_0),V(NODE4_2_1),V(NODE4_2_2),V(NODE4_2_3),V(NODE4_2_4),V(NODE4_2_5),V(NODE4_2_6),V(NODE4_2_7),V(NODE4_2_8),V(NODE4_2_9),V(NODE4_2_10),V(NODE4_2_11),V(NODE4_2_12),V(NODE4_2_13),V(NODE4_2_14),V(NODE4_2_15),V(NODE4_2_16),V(NODE4_2_17),V(NODE4_2_18),V(NODE4_2_19),V(NODE4_2_20),V(NODE4_2_21),V(NODE4_2_22),V(NODE4_2_23),V(NODE4_2_24),V(NODE4_2_25),V(NODE4_2_26),V(NODE4_2_27),V(NODE4_2_28),V(NODE4_2_29),V(NODE4_2_30),V(NODE4_2_31),V(NODE4_2_32),V(NODE4_2_33),V(NODE4_2_34),V(NODE4_2_35),V(NODE4_2_36),V(NODE4_2_37),V(NODE4_2_38),V(NODE4_2_39),V(NODE4_2_40),V(NODE4_2_41),V(NODE4_2_42),V(NODE4_2_43),V(NODE4_2_44),V(NODE4_2_45),V(NODE4_2_46),V(NODE4_2_47),V(NODE4_2_48),V(NODE4_2_49),V(NODE4_2_50),V(NODE4_2_51),V(NODE4_2_52),V(NODE4_2_53),V(NODE4_2_54),V(NODE4_2_55),V(NODE4_2_56),V(NODE4_2_57),V(NODE4_2_58),V(NODE4_2_59),V(NODE4_2_60),V(NODE4_2_61),V(NODE4_2_62),V(NODE4_2_63),V(NODE4_2_64),V(NODE4_2_65),V(NODE4_2_66),V(NODE4_2_67),V(NODE4_2_68),V(NODE4_2_69),V(NODE4_2_70),V(NODE4_2_71),V(NODE4_2_72),V(NODE4_2_73),V(NODE4_2_74),V(NODE4_2_75),V(NODE4_2_76),V(NODE4_2_77),V(NODE4_2_78),V(NODE4_2_79),V(NODE4_2_80),V(NODE4_2_81),V(NODE4_2_82),V(NODE4_2_83),V(NODE4_2_84),V(NODE4_2_85),V(NODE4_2_86),V(NODE4_2_87),V(NODE4_2_88),V(NODE4_2_89),V(NODE4_2_90),V(NODE4_2_91),V(NODE4_2_92),V(NODE4_2_93),V(NODE4_2_94),V(NODE4_2_95),V(NODE4_2_96),V(NODE4_2_97),V(NODE4_2_98),V(NODE4_2_99),V(NODE4_3_0),V(NODE4_3_1),V(NODE4_3_2),V(NODE4_3_3),V(NODE4_3_4),V(NODE4_3_5),V(NODE4_3_6),V(NODE4_3_7),V(NODE4_3_8),V(NODE4_3_9),V(NODE4_3_10),V(NODE4_3_11),V(NODE4_3_12),V(NODE4_3_13),V(NODE4_3_14),V(NODE4_3_15),V(NODE4_3_16),V(NODE4_3_17),V(NODE4_3_18),V(NODE4_3_19),V(NODE4_3_20),V(NODE4_3_21),V(NODE4_3_22),V(NODE4_3_23),V(NODE4_3_24),V(NODE4_3_25),V(NODE4_3_26),V(NODE4_3_27),V(NODE4_3_28),V(NODE4_3_29),V(NODE4_3_30),V(NODE4_3_31),V(NODE4_3_32),V(NODE4_3_33),V(NODE4_3_34),V(NODE4_3_35),V(NODE4_3_36),V(NODE4_3_37),V(NODE4_3_38),V(NODE4_3_39),V(NODE4_3_40),V(NODE4_3_41),V(NODE4_3_42),V(NODE4_3_43),V(NODE4_3_44),V(NODE4_3_45),V(NODE4_3_46),V(NODE4_3_47),V(NODE4_3_48),V(NODE4_3_49),V(NODE4_3_50),V(NODE4_3_51),V(NODE4_3_52),V(NODE4_3_53),V(NODE4_3_54),V(NODE4_3_55),V(NODE4_3_56),V(NODE4_3_57),V(NODE4_3_58),V(NODE4_3_59),V(NODE4_3_60),V(NODE4_3_61),V(NODE4_3_62),V(NODE4_3_63),V(NODE4_3_64),V(NODE4_3_65),V(NODE4_3_66),V(NODE4_3_67),V(NODE4_3_68),V(NODE4_3_69),V(NODE4_3_70),V(NODE4_3_71),V(NODE4_3_72),V(NODE4_3_73),V(NODE4_3_74),V(NODE4_3_75),V(NODE4_3_76),V(NODE4_3_77),V(NODE4_3_78),V(NODE4_3_79),V(NODE4_3_80),V(NODE4_3_81),V(NODE4_3_82),V(NODE4_3_83),V(NODE4_3_84),V(NODE4_3_85),V(NODE4_3_86),V(NODE4_3_87),V(NODE4_3_88),V(NODE4_3_89),V(NODE4_3_90),V(NODE4_3_91),V(NODE4_3_92),V(NODE4_3_93),V(NODE4_3_94),V(NODE4_3_95),V(NODE4_3_96),V(NODE4_3_97),V(NODE4_3_98),V(NODE4_3_99),V(NODE4_4_0),V(NODE4_4_1),V(NODE4_4_2),V(NODE4_4_3),V(NODE4_4_4),V(NODE4_4_5),V(NODE4_4_6),V(NODE4_4_7),V(NODE4_4_8),V(NODE4_4_9),V(NODE4_4_10),V(NODE4_4_11),V(NODE4_4_12),V(NODE4_4_13),V(NODE4_4_14),V(NODE4_4_15),V(NODE4_4_16),V(NODE4_4_17),V(NODE4_4_18),V(NODE4_4_19),V(NODE4_4_20),V(NODE4_4_21),V(NODE4_4_22),V(NODE4_4_23),V(NODE4_4_24),V(NODE4_4_25),V(NODE4_4_26),V(NODE4_4_27),V(NODE4_4_28),V(NODE4_4_29),V(NODE4_4_30),V(NODE4_4_31),V(NODE4_4_32),V(NODE4_4_33),V(NODE4_4_34),V(NODE4_4_35),V(NODE4_4_36),V(NODE4_4_37),V(NODE4_4_38),V(NODE4_4_39),V(NODE4_4_40),V(NODE4_4_41),V(NODE4_4_42),V(NODE4_4_43),V(NODE4_4_44),V(NODE4_4_45),V(NODE4_4_46),V(NODE4_4_47),V(NODE4_4_48),V(NODE4_4_49),V(NODE4_4_50),V(NODE4_4_51),V(NODE4_4_52),V(NODE4_4_53),V(NODE4_4_54),V(NODE4_4_55),V(NODE4_4_56),V(NODE4_4_57),V(NODE4_4_58),V(NODE4_4_59),V(NODE4_4_60),V(NODE4_4_61),V(NODE4_4_62),V(NODE4_4_63),V(NODE4_4_64),V(NODE4_4_65),V(NODE4_4_66),V(NODE4_4_67),V(NODE4_4_68),V(NODE4_4_69),V(NODE4_4_70),V(NODE4_4_71),V(NODE4_4_72),V(NODE4_4_73),V(NODE4_4_74),V(NODE4_4_75),V(NODE4_4_76),V(NODE4_4_77),V(NODE4_4_78),V(NODE4_4_79),V(NODE4_4_80),V(NODE4_4_81),V(NODE4_4_82),V(NODE4_4_83),V(NODE4_4_84),V(NODE4_4_85),V(NODE4_4_86),V(NODE4_4_87),V(NODE4_4_88),V(NODE4_4_89),V(NODE4_4_90),V(NODE4_4_91),V(NODE4_4_92),V(NODE4_4_93),V(NODE4_4_94),V(NODE4_4_95),V(NODE4_4_96),V(NODE4_4_97),V(NODE4_4_98),V(NODE4_4_99),V(NODE4_5_0),V(NODE4_5_1),V(NODE4_5_2),V(NODE4_5_3),V(NODE4_5_4),V(NODE4_5_5),V(NODE4_5_6),V(NODE4_5_7),V(NODE4_5_8),V(NODE4_5_9),V(NODE4_5_10),V(NODE4_5_11),V(NODE4_5_12),V(NODE4_5_13),V(NODE4_5_14),V(NODE4_5_15),V(NODE4_5_16),V(NODE4_5_17),V(NODE4_5_18),V(NODE4_5_19),V(NODE4_5_20),V(NODE4_5_21),V(NODE4_5_22),V(NODE4_5_23),V(NODE4_5_24),V(NODE4_5_25),V(NODE4_5_26),V(NODE4_5_27),V(NODE4_5_28),V(NODE4_5_29),V(NODE4_5_30),V(NODE4_5_31),V(NODE4_5_32),V(NODE4_5_33),V(NODE4_5_34),V(NODE4_5_35),V(NODE4_5_36),V(NODE4_5_37),V(NODE4_5_38),V(NODE4_5_39),V(NODE4_5_40),V(NODE4_5_41),V(NODE4_5_42),V(NODE4_5_43),V(NODE4_5_44),V(NODE4_5_45),V(NODE4_5_46),V(NODE4_5_47),V(NODE4_5_48),V(NODE4_5_49),V(NODE4_5_50),V(NODE4_5_51),V(NODE4_5_52),V(NODE4_5_53),V(NODE4_5_54),V(NODE4_5_55),V(NODE4_5_56),V(NODE4_5_57),V(NODE4_5_58),V(NODE4_5_59),V(NODE4_5_60),V(NODE4_5_61),V(NODE4_5_62),V(NODE4_5_63),V(NODE4_5_64),V(NODE4_5_65),V(NODE4_5_66),V(NODE4_5_67),V(NODE4_5_68),V(NODE4_5_69),V(NODE4_5_70),V(NODE4_5_71),V(NODE4_5_72),V(NODE4_5_73),V(NODE4_5_74),V(NODE4_5_75),V(NODE4_5_76),V(NODE4_5_77),V(NODE4_5_78),V(NODE4_5_79),V(NODE4_5_80),V(NODE4_5_81),V(NODE4_5_82),V(NODE4_5_83),V(NODE4_5_84),V(NODE4_5_85),V(NODE4_5_86),V(NODE4_5_87),V(NODE4_5_88),V(NODE4_5_89),V(NODE4_5_90),V(NODE4_5_91),V(NODE4_5_92),V(NODE4_5_93),V(NODE4_5_94),V(NODE4_5_95),V(NODE4_5_96),V(NODE4_5_97),V(NODE4_5_98),V(NODE4_5_99),V(NODE4_6_0),V(NODE4_6_1),V(NODE4_6_2),V(NODE4_6_3),V(NODE4_6_4),V(NODE4_6_5),V(NODE4_6_6),V(NODE4_6_7),V(NODE4_6_8),V(NODE4_6_9),V(NODE4_6_10),V(NODE4_6_11),V(NODE4_6_12),V(NODE4_6_13),V(NODE4_6_14),V(NODE4_6_15),V(NODE4_6_16),V(NODE4_6_17),V(NODE4_6_18),V(NODE4_6_19),V(NODE4_6_20),V(NODE4_6_21),V(NODE4_6_22),V(NODE4_6_23),V(NODE4_6_24),V(NODE4_6_25),V(NODE4_6_26),V(NODE4_6_27),V(NODE4_6_28),V(NODE4_6_29),V(NODE4_6_30),V(NODE4_6_31),V(NODE4_6_32),V(NODE4_6_33),V(NODE4_6_34),V(NODE4_6_35),V(NODE4_6_36),V(NODE4_6_37),V(NODE4_6_38),V(NODE4_6_39),V(NODE4_6_40),V(NODE4_6_41),V(NODE4_6_42),V(NODE4_6_43),V(NODE4_6_44),V(NODE4_6_45),V(NODE4_6_46),V(NODE4_6_47),V(NODE4_6_48),V(NODE4_6_49),V(NODE4_6_50),V(NODE4_6_51),V(NODE4_6_52),V(NODE4_6_53),V(NODE4_6_54),V(NODE4_6_55),V(NODE4_6_56),V(NODE4_6_57),V(NODE4_6_58),V(NODE4_6_59),V(NODE4_6_60),V(NODE4_6_61),V(NODE4_6_62),V(NODE4_6_63),V(NODE4_6_64),V(NODE4_6_65),V(NODE4_6_66),V(NODE4_6_67),V(NODE4_6_68),V(NODE4_6_69),V(NODE4_6_70),V(NODE4_6_71),V(NODE4_6_72),V(NODE4_6_73),V(NODE4_6_74),V(NODE4_6_75),V(NODE4_6_76),V(NODE4_6_77),V(NODE4_6_78),V(NODE4_6_79),V(NODE4_6_80),V(NODE4_6_81),V(NODE4_6_82),V(NODE4_6_83),V(NODE4_6_84),V(NODE4_6_85),V(NODE4_6_86),V(NODE4_6_87),V(NODE4_6_88),V(NODE4_6_89),V(NODE4_6_90),V(NODE4_6_91),V(NODE4_6_92),V(NODE4_6_93),V(NODE4_6_94),V(NODE4_6_95),V(NODE4_6_96),V(NODE4_6_97),V(NODE4_6_98),V(NODE4_6_99),V(NODE4_7_0),V(NODE4_7_1),V(NODE4_7_2),V(NODE4_7_3),V(NODE4_7_4),V(NODE4_7_5),V(NODE4_7_6),V(NODE4_7_7),V(NODE4_7_8),V(NODE4_7_9),V(NODE4_7_10),V(NODE4_7_11),V(NODE4_7_12),V(NODE4_7_13),V(NODE4_7_14),V(NODE4_7_15),V(NODE4_7_16),V(NODE4_7_17),V(NODE4_7_18),V(NODE4_7_19),V(NODE4_7_20),V(NODE4_7_21),V(NODE4_7_22),V(NODE4_7_23),V(NODE4_7_24),V(NODE4_7_25),V(NODE4_7_26),V(NODE4_7_27),V(NODE4_7_28),V(NODE4_7_29),V(NODE4_7_30),V(NODE4_7_31),V(NODE4_7_32),V(NODE4_7_33),V(NODE4_7_34),V(NODE4_7_35),V(NODE4_7_36),V(NODE4_7_37),V(NODE4_7_38),V(NODE4_7_39),V(NODE4_7_40),V(NODE4_7_41),V(NODE4_7_42),V(NODE4_7_43),V(NODE4_7_44),V(NODE4_7_45),V(NODE4_7_46),V(NODE4_7_47),V(NODE4_7_48),V(NODE4_7_49),V(NODE4_7_50),V(NODE4_7_51),V(NODE4_7_52),V(NODE4_7_53),V(NODE4_7_54),V(NODE4_7_55),V(NODE4_7_56),V(NODE4_7_57),V(NODE4_7_58),V(NODE4_7_59),V(NODE4_7_60),V(NODE4_7_61),V(NODE4_7_62),V(NODE4_7_63),V(NODE4_7_64),V(NODE4_7_65),V(NODE4_7_66),V(NODE4_7_67),V(NODE4_7_68),V(NODE4_7_69),V(NODE4_7_70),V(NODE4_7_71),V(NODE4_7_72),V(NODE4_7_73),V(NODE4_7_74),V(NODE4_7_75),V(NODE4_7_76),V(NODE4_7_77),V(NODE4_7_78),V(NODE4_7_79),V(NODE4_7_80),V(NODE4_7_81),V(NODE4_7_82),V(NODE4_7_83),V(NODE4_7_84),V(NODE4_7_85),V(NODE4_7_86),V(NODE4_7_87),V(NODE4_7_88),V(NODE4_7_89),V(NODE4_7_90),V(NODE4_7_91),V(NODE4_7_92),V(NODE4_7_93),V(NODE4_7_94),V(NODE4_7_95),V(NODE4_7_96),V(NODE4_7_97),V(NODE4_7_98),V(NODE4_7_99),V(NODE4_8_0),V(NODE4_8_1),V(NODE4_8_2),V(NODE4_8_3),V(NODE4_8_4),V(NODE4_8_5),V(NODE4_8_6),V(NODE4_8_7),V(NODE4_8_8),V(NODE4_8_9),V(NODE4_8_10),V(NODE4_8_11),V(NODE4_8_12),V(NODE4_8_13),V(NODE4_8_14),V(NODE4_8_15),V(NODE4_8_16),V(NODE4_8_17),V(NODE4_8_18),V(NODE4_8_19),V(NODE4_8_20),V(NODE4_8_21),V(NODE4_8_22),V(NODE4_8_23),V(NODE4_8_24),V(NODE4_8_25),V(NODE4_8_26),V(NODE4_8_27),V(NODE4_8_28),V(NODE4_8_29),V(NODE4_8_30),V(NODE4_8_31),V(NODE4_8_32),V(NODE4_8_33),V(NODE4_8_34),V(NODE4_8_35),V(NODE4_8_36),V(NODE4_8_37),V(NODE4_8_38),V(NODE4_8_39),V(NODE4_8_40),V(NODE4_8_41),V(NODE4_8_42),V(NODE4_8_43),V(NODE4_8_44),V(NODE4_8_45),V(NODE4_8_46),V(NODE4_8_47),V(NODE4_8_48),V(NODE4_8_49),V(NODE4_8_50),V(NODE4_8_51),V(NODE4_8_52),V(NODE4_8_53),V(NODE4_8_54),V(NODE4_8_55),V(NODE4_8_56),V(NODE4_8_57),V(NODE4_8_58),V(NODE4_8_59),V(NODE4_8_60),V(NODE4_8_61),V(NODE4_8_62),V(NODE4_8_63),V(NODE4_8_64),V(NODE4_8_65),V(NODE4_8_66),V(NODE4_8_67),V(NODE4_8_68),V(NODE4_8_69),V(NODE4_8_70),V(NODE4_8_71),V(NODE4_8_72),V(NODE4_8_73),V(NODE4_8_74),V(NODE4_8_75),V(NODE4_8_76),V(NODE4_8_77),V(NODE4_8_78),V(NODE4_8_79),V(NODE4_8_80),V(NODE4_8_81),V(NODE4_8_82),V(NODE4_8_83),V(NODE4_8_84),V(NODE4_8_85),V(NODE4_8_86),V(NODE4_8_87),V(NODE4_8_88),V(NODE4_8_89),V(NODE4_8_90),V(NODE4_8_91),V(NODE4_8_92),V(NODE4_8_93),V(NODE4_8_94),V(NODE4_8_95),V(NODE4_8_96),V(NODE4_8_97),V(NODE4_8_98),V(NODE4_8_99),V(NODE4_9_0),V(NODE4_9_1),V(NODE4_9_2),V(NODE4_9_3),V(NODE4_9_4),V(NODE4_9_5),V(NODE4_9_6),V(NODE4_9_7),V(NODE4_9_8),V(NODE4_9_9),V(NODE4_9_10),V(NODE4_9_11),V(NODE4_9_12),V(NODE4_9_13),V(NODE4_9_14),V(NODE4_9_15),V(NODE4_9_16),V(NODE4_9_17),V(NODE4_9_18),V(NODE4_9_19),V(NODE4_9_20),V(NODE4_9_21),V(NODE4_9_22),V(NODE4_9_23),V(NODE4_9_24),V(NODE4_9_25),V(NODE4_9_26),V(NODE4_9_27),V(NODE4_9_28),V(NODE4_9_29),V(NODE4_9_30),V(NODE4_9_31),V(NODE4_9_32),V(NODE4_9_33),V(NODE4_9_34),V(NODE4_9_35),V(NODE4_9_36),V(NODE4_9_37),V(NODE4_9_38),V(NODE4_9_39),V(NODE4_9_40),V(NODE4_9_41),V(NODE4_9_42),V(NODE4_9_43),V(NODE4_9_44),V(NODE4_9_45),V(NODE4_9_46),V(NODE4_9_47),V(NODE4_9_48),V(NODE4_9_49),V(NODE4_9_50),V(NODE4_9_51),V(NODE4_9_52),V(NODE4_9_53),V(NODE4_9_54),V(NODE4_9_55),V(NODE4_9_56),V(NODE4_9_57),V(NODE4_9_58),V(NODE4_9_59),V(NODE4_9_60),V(NODE4_9_61),V(NODE4_9_62),V(NODE4_9_63),V(NODE4_9_64),V(NODE4_9_65),V(NODE4_9_66),V(NODE4_9_67),V(NODE4_9_68),V(NODE4_9_69),V(NODE4_9_70),V(NODE4_9_71),V(NODE4_9_72),V(NODE4_9_73),V(NODE4_9_74),V(NODE4_9_75),V(NODE4_9_76),V(NODE4_9_77),V(NODE4_9_78),V(NODE4_9_79),V(NODE4_9_80),V(NODE4_9_81),V(NODE4_9_82),V(NODE4_9_83),V(NODE4_9_84),V(NODE4_9_85),V(NODE4_9_86),V(NODE4_9_87),V(NODE4_9_88),V(NODE4_9_89),V(NODE4_9_90),V(NODE4_9_91),V(NODE4_9_92),V(NODE4_9_93),V(NODE4_9_94),V(NODE4_9_95),V(NODE4_9_96),V(NODE4_9_97),V(NODE4_9_98),V(NODE4_9_99),V(NODE4_10_0),V(NODE4_10_1),V(NODE4_10_2),V(NODE4_10_3),V(NODE4_10_4),V(NODE4_10_5),V(NODE4_10_6),V(NODE4_10_7),V(NODE4_10_8),V(NODE4_10_9),V(NODE4_10_10),V(NODE4_10_11),V(NODE4_10_12),V(NODE4_10_13),V(NODE4_10_14),V(NODE4_10_15),V(NODE4_10_16),V(NODE4_10_17),V(NODE4_10_18),V(NODE4_10_19),V(NODE4_10_20),V(NODE4_10_21),V(NODE4_10_22),V(NODE4_10_23),V(NODE4_10_24),V(NODE4_10_25),V(NODE4_10_26),V(NODE4_10_27),V(NODE4_10_28),V(NODE4_10_29),V(NODE4_10_30),V(NODE4_10_31),V(NODE4_10_32),V(NODE4_10_33),V(NODE4_10_34),V(NODE4_10_35),V(NODE4_10_36),V(NODE4_10_37),V(NODE4_10_38),V(NODE4_10_39),V(NODE4_10_40),V(NODE4_10_41),V(NODE4_10_42),V(NODE4_10_43),V(NODE4_10_44),V(NODE4_10_45),V(NODE4_10_46),V(NODE4_10_47),V(NODE4_10_48),V(NODE4_10_49),V(NODE4_10_50),V(NODE4_10_51),V(NODE4_10_52),V(NODE4_10_53),V(NODE4_10_54),V(NODE4_10_55),V(NODE4_10_56),V(NODE4_10_57),V(NODE4_10_58),V(NODE4_10_59),V(NODE4_10_60),V(NODE4_10_61),V(NODE4_10_62),V(NODE4_10_63),V(NODE4_10_64),V(NODE4_10_65),V(NODE4_10_66),V(NODE4_10_67),V(NODE4_10_68),V(NODE4_10_69),V(NODE4_10_70),V(NODE4_10_71),V(NODE4_10_72),V(NODE4_10_73),V(NODE4_10_74),V(NODE4_10_75),V(NODE4_10_76),V(NODE4_10_77),V(NODE4_10_78),V(NODE4_10_79),V(NODE4_10_80),V(NODE4_10_81),V(NODE4_10_82),V(NODE4_10_83),V(NODE4_10_84),V(NODE4_10_85),V(NODE4_10_86),V(NODE4_10_87),V(NODE4_10_88),V(NODE4_10_89),V(NODE4_10_90),V(NODE4_10_91),V(NODE4_10_92),V(NODE4_10_93),V(NODE4_10_94),V(NODE4_10_95),V(NODE4_10_96),V(NODE4_10_97),V(NODE4_10_98),V(NODE4_10_99),V(NODE4_11_0),V(NODE4_11_1),V(NODE4_11_2),V(NODE4_11_3),V(NODE4_11_4),V(NODE4_11_5),V(NODE4_11_6),V(NODE4_11_7),V(NODE4_11_8),V(NODE4_11_9),V(NODE4_11_10),V(NODE4_11_11),V(NODE4_11_12),V(NODE4_11_13),V(NODE4_11_14),V(NODE4_11_15),V(NODE4_11_16),V(NODE4_11_17),V(NODE4_11_18),V(NODE4_11_19),V(NODE4_11_20),V(NODE4_11_21),V(NODE4_11_22),V(NODE4_11_23),V(NODE4_11_24),V(NODE4_11_25),V(NODE4_11_26),V(NODE4_11_27),V(NODE4_11_28),V(NODE4_11_29),V(NODE4_11_30),V(NODE4_11_31),V(NODE4_11_32),V(NODE4_11_33),V(NODE4_11_34),V(NODE4_11_35),V(NODE4_11_36),V(NODE4_11_37),V(NODE4_11_38),V(NODE4_11_39),V(NODE4_11_40),V(NODE4_11_41),V(NODE4_11_42),V(NODE4_11_43),V(NODE4_11_44),V(NODE4_11_45),V(NODE4_11_46),V(NODE4_11_47),V(NODE4_11_48),V(NODE4_11_49),V(NODE4_11_50),V(NODE4_11_51),V(NODE4_11_52),V(NODE4_11_53),V(NODE4_11_54),V(NODE4_11_55),V(NODE4_11_56),V(NODE4_11_57),V(NODE4_11_58),V(NODE4_11_59),V(NODE4_11_60),V(NODE4_11_61),V(NODE4_11_62),V(NODE4_11_63),V(NODE4_11_64),V(NODE4_11_65),V(NODE4_11_66),V(NODE4_11_67),V(NODE4_11_68),V(NODE4_11_69),V(NODE4_11_70),V(NODE4_11_71),V(NODE4_11_72),V(NODE4_11_73),V(NODE4_11_74),V(NODE4_11_75),V(NODE4_11_76),V(NODE4_11_77),V(NODE4_11_78),V(NODE4_11_79),V(NODE4_11_80),V(NODE4_11_81),V(NODE4_11_82),V(NODE4_11_83),V(NODE4_11_84),V(NODE4_11_85),V(NODE4_11_86),V(NODE4_11_87),V(NODE4_11_88),V(NODE4_11_89),V(NODE4_11_90),V(NODE4_11_91),V(NODE4_11_92),V(NODE4_11_93),V(NODE4_11_94),V(NODE4_11_95),V(NODE4_11_96),V(NODE4_11_97),V(NODE4_11_98),V(NODE4_11_99),V(NODE4_12_0),V(NODE4_12_1),V(NODE4_12_2),V(NODE4_12_3),V(NODE4_12_4),V(NODE4_12_5),V(NODE4_12_6),V(NODE4_12_7),V(NODE4_12_8),V(NODE4_12_9),V(NODE4_12_10),V(NODE4_12_11),V(NODE4_12_12),V(NODE4_12_13),V(NODE4_12_14),V(NODE4_12_15),V(NODE4_12_16),V(NODE4_12_17),V(NODE4_12_18),V(NODE4_12_19),V(NODE4_12_20),V(NODE4_12_21),V(NODE4_12_22),V(NODE4_12_23),V(NODE4_12_24),V(NODE4_12_25),V(NODE4_12_26),V(NODE4_12_27),V(NODE4_12_28),V(NODE4_12_29),V(NODE4_12_30),V(NODE4_12_31),V(NODE4_12_32),V(NODE4_12_33),V(NODE4_12_34),V(NODE4_12_35),V(NODE4_12_36),V(NODE4_12_37),V(NODE4_12_38),V(NODE4_12_39),V(NODE4_12_40),V(NODE4_12_41),V(NODE4_12_42),V(NODE4_12_43),V(NODE4_12_44),V(NODE4_12_45),V(NODE4_12_46),V(NODE4_12_47),V(NODE4_12_48),V(NODE4_12_49),V(NODE4_12_50),V(NODE4_12_51),V(NODE4_12_52),V(NODE4_12_53),V(NODE4_12_54),V(NODE4_12_55),V(NODE4_12_56),V(NODE4_12_57),V(NODE4_12_58),V(NODE4_12_59),V(NODE4_12_60),V(NODE4_12_61),V(NODE4_12_62),V(NODE4_12_63),V(NODE4_12_64),V(NODE4_12_65),V(NODE4_12_66),V(NODE4_12_67),V(NODE4_12_68),V(NODE4_12_69),V(NODE4_12_70),V(NODE4_12_71),V(NODE4_12_72),V(NODE4_12_73),V(NODE4_12_74),V(NODE4_12_75),V(NODE4_12_76),V(NODE4_12_77),V(NODE4_12_78),V(NODE4_12_79),V(NODE4_12_80),V(NODE4_12_81),V(NODE4_12_82),V(NODE4_12_83),V(NODE4_12_84),V(NODE4_12_85),V(NODE4_12_86),V(NODE4_12_87),V(NODE4_12_88),V(NODE4_12_89),V(NODE4_12_90),V(NODE4_12_91),V(NODE4_12_92),V(NODE4_12_93),V(NODE4_12_94),V(NODE4_12_95),V(NODE4_12_96),V(NODE4_12_97),V(NODE4_12_98),V(NODE4_12_99),V(NODE4_13_0),V(NODE4_13_1),V(NODE4_13_2),V(NODE4_13_3),V(NODE4_13_4),V(NODE4_13_5),V(NODE4_13_6),V(NODE4_13_7),V(NODE4_13_8),V(NODE4_13_9),V(NODE4_13_10),V(NODE4_13_11),V(NODE4_13_12),V(NODE4_13_13),V(NODE4_13_14),V(NODE4_13_15),V(NODE4_13_16),V(NODE4_13_17),V(NODE4_13_18),V(NODE4_13_19),V(NODE4_13_20),V(NODE4_13_21),V(NODE4_13_22),V(NODE4_13_23),V(NODE4_13_24),V(NODE4_13_25),V(NODE4_13_26),V(NODE4_13_27),V(NODE4_13_28),V(NODE4_13_29),V(NODE4_13_30),V(NODE4_13_31),V(NODE4_13_32),V(NODE4_13_33),V(NODE4_13_34),V(NODE4_13_35),V(NODE4_13_36),V(NODE4_13_37),V(NODE4_13_38),V(NODE4_13_39),V(NODE4_13_40),V(NODE4_13_41),V(NODE4_13_42),V(NODE4_13_43),V(NODE4_13_44),V(NODE4_13_45),V(NODE4_13_46),V(NODE4_13_47),V(NODE4_13_48),V(NODE4_13_49),V(NODE4_13_50),V(NODE4_13_51),V(NODE4_13_52),V(NODE4_13_53),V(NODE4_13_54),V(NODE4_13_55),V(NODE4_13_56),V(NODE4_13_57),V(NODE4_13_58),V(NODE4_13_59),V(NODE4_13_60),V(NODE4_13_61),V(NODE4_13_62),V(NODE4_13_63),V(NODE4_13_64),V(NODE4_13_65),V(NODE4_13_66),V(NODE4_13_67),V(NODE4_13_68),V(NODE4_13_69),V(NODE4_13_70),V(NODE4_13_71),V(NODE4_13_72),V(NODE4_13_73),V(NODE4_13_74),V(NODE4_13_75),V(NODE4_13_76),V(NODE4_13_77),V(NODE4_13_78),V(NODE4_13_79),V(NODE4_13_80),V(NODE4_13_81),V(NODE4_13_82),V(NODE4_13_83),V(NODE4_13_84),V(NODE4_13_85),V(NODE4_13_86),V(NODE4_13_87),V(NODE4_13_88),V(NODE4_13_89),V(NODE4_13_90),V(NODE4_13_91),V(NODE4_13_92),V(NODE4_13_93),V(NODE4_13_94),V(NODE4_13_95),V(NODE4_13_96),V(NODE4_13_97),V(NODE4_13_98),V(NODE4_13_99),V(NODE4_14_0),V(NODE4_14_1),V(NODE4_14_2),V(NODE4_14_3),V(NODE4_14_4),V(NODE4_14_5),V(NODE4_14_6),V(NODE4_14_7),V(NODE4_14_8),V(NODE4_14_9),V(NODE4_14_10),V(NODE4_14_11),V(NODE4_14_12),V(NODE4_14_13),V(NODE4_14_14),V(NODE4_14_15),V(NODE4_14_16),V(NODE4_14_17),V(NODE4_14_18),V(NODE4_14_19),V(NODE4_14_20),V(NODE4_14_21),V(NODE4_14_22),V(NODE4_14_23),V(NODE4_14_24),V(NODE4_14_25),V(NODE4_14_26),V(NODE4_14_27),V(NODE4_14_28),V(NODE4_14_29),V(NODE4_14_30),V(NODE4_14_31),V(NODE4_14_32),V(NODE4_14_33),V(NODE4_14_34),V(NODE4_14_35),V(NODE4_14_36),V(NODE4_14_37),V(NODE4_14_38),V(NODE4_14_39),V(NODE4_14_40),V(NODE4_14_41),V(NODE4_14_42),V(NODE4_14_43),V(NODE4_14_44),V(NODE4_14_45),V(NODE4_14_46),V(NODE4_14_47),V(NODE4_14_48),V(NODE4_14_49),V(NODE4_14_50),V(NODE4_14_51),V(NODE4_14_52),V(NODE4_14_53),V(NODE4_14_54),V(NODE4_14_55),V(NODE4_14_56),V(NODE4_14_57),V(NODE4_14_58),V(NODE4_14_59),V(NODE4_14_60),V(NODE4_14_61),V(NODE4_14_62),V(NODE4_14_63),V(NODE4_14_64),V(NODE4_14_65),V(NODE4_14_66),V(NODE4_14_67),V(NODE4_14_68),V(NODE4_14_69),V(NODE4_14_70),V(NODE4_14_71),V(NODE4_14_72),V(NODE4_14_73),V(NODE4_14_74),V(NODE4_14_75),V(NODE4_14_76),V(NODE4_14_77),V(NODE4_14_78),V(NODE4_14_79),V(NODE4_14_80),V(NODE4_14_81),V(NODE4_14_82),V(NODE4_14_83),V(NODE4_14_84),V(NODE4_14_85),V(NODE4_14_86),V(NODE4_14_87),V(NODE4_14_88),V(NODE4_14_89),V(NODE4_14_90),V(NODE4_14_91),V(NODE4_14_92),V(NODE4_14_93),V(NODE4_14_94),V(NODE4_14_95),V(NODE4_14_96),V(NODE4_14_97),V(NODE4_14_98),V(NODE4_14_99),V(NODE4_15_0),V(NODE4_15_1),V(NODE4_15_2),V(NODE4_15_3),V(NODE4_15_4),V(NODE4_15_5),V(NODE4_15_6),V(NODE4_15_7),V(NODE4_15_8),V(NODE4_15_9),V(NODE4_15_10),V(NODE4_15_11),V(NODE4_15_12),V(NODE4_15_13),V(NODE4_15_14),V(NODE4_15_15),V(NODE4_15_16),V(NODE4_15_17),V(NODE4_15_18),V(NODE4_15_19),V(NODE4_15_20),V(NODE4_15_21),V(NODE4_15_22),V(NODE4_15_23),V(NODE4_15_24),V(NODE4_15_25),V(NODE4_15_26),V(NODE4_15_27),V(NODE4_15_28),V(NODE4_15_29),V(NODE4_15_30),V(NODE4_15_31),V(NODE4_15_32),V(NODE4_15_33),V(NODE4_15_34),V(NODE4_15_35),V(NODE4_15_36),V(NODE4_15_37),V(NODE4_15_38),V(NODE4_15_39),V(NODE4_15_40),V(NODE4_15_41),V(NODE4_15_42),V(NODE4_15_43),V(NODE4_15_44),V(NODE4_15_45),V(NODE4_15_46),V(NODE4_15_47),V(NODE4_15_48),V(NODE4_15_49),V(NODE4_15_50),V(NODE4_15_51),V(NODE4_15_52),V(NODE4_15_53),V(NODE4_15_54),V(NODE4_15_55),V(NODE4_15_56),V(NODE4_15_57),V(NODE4_15_58),V(NODE4_15_59),V(NODE4_15_60),V(NODE4_15_61),V(NODE4_15_62),V(NODE4_15_63),V(NODE4_15_64),V(NODE4_15_65),V(NODE4_15_66),V(NODE4_15_67),V(NODE4_15_68),V(NODE4_15_69),V(NODE4_15_70),V(NODE4_15_71),V(NODE4_15_72),V(NODE4_15_73),V(NODE4_15_74),V(NODE4_15_75),V(NODE4_15_76),V(NODE4_15_77),V(NODE4_15_78),V(NODE4_15_79),V(NODE4_15_80),V(NODE4_15_81),V(NODE4_15_82),V(NODE4_15_83),V(NODE4_15_84),V(NODE4_15_85),V(NODE4_15_86),V(NODE4_15_87),V(NODE4_15_88),V(NODE4_15_89),V(NODE4_15_90),V(NODE4_15_91),V(NODE4_15_92),V(NODE4_15_93),V(NODE4_15_94),V(NODE4_15_95),V(NODE4_15_96),V(NODE4_15_97),V(NODE4_15_98),V(NODE4_15_99),V(NODE4_16_0),V(NODE4_16_1),V(NODE4_16_2),V(NODE4_16_3),V(NODE4_16_4),V(NODE4_16_5),V(NODE4_16_6),V(NODE4_16_7),V(NODE4_16_8),V(NODE4_16_9),V(NODE4_16_10),V(NODE4_16_11),V(NODE4_16_12),V(NODE4_16_13),V(NODE4_16_14),V(NODE4_16_15),V(NODE4_16_16),V(NODE4_16_17),V(NODE4_16_18),V(NODE4_16_19),V(NODE4_16_20),V(NODE4_16_21),V(NODE4_16_22),V(NODE4_16_23),V(NODE4_16_24),V(NODE4_16_25),V(NODE4_16_26),V(NODE4_16_27),V(NODE4_16_28),V(NODE4_16_29),V(NODE4_16_30),V(NODE4_16_31),V(NODE4_16_32),V(NODE4_16_33),V(NODE4_16_34),V(NODE4_16_35),V(NODE4_16_36),V(NODE4_16_37),V(NODE4_16_38),V(NODE4_16_39),V(NODE4_16_40),V(NODE4_16_41),V(NODE4_16_42),V(NODE4_16_43),V(NODE4_16_44),V(NODE4_16_45),V(NODE4_16_46),V(NODE4_16_47),V(NODE4_16_48),V(NODE4_16_49),V(NODE4_16_50),V(NODE4_16_51),V(NODE4_16_52),V(NODE4_16_53),V(NODE4_16_54),V(NODE4_16_55),V(NODE4_16_56),V(NODE4_16_57),V(NODE4_16_58),V(NODE4_16_59),V(NODE4_16_60),V(NODE4_16_61),V(NODE4_16_62),V(NODE4_16_63),V(NODE4_16_64),V(NODE4_16_65),V(NODE4_16_66),V(NODE4_16_67),V(NODE4_16_68),V(NODE4_16_69),V(NODE4_16_70),V(NODE4_16_71),V(NODE4_16_72),V(NODE4_16_73),V(NODE4_16_74),V(NODE4_16_75),V(NODE4_16_76),V(NODE4_16_77),V(NODE4_16_78),V(NODE4_16_79),V(NODE4_16_80),V(NODE4_16_81),V(NODE4_16_82),V(NODE4_16_83),V(NODE4_16_84),V(NODE4_16_85),V(NODE4_16_86),V(NODE4_16_87),V(NODE4_16_88),V(NODE4_16_89),V(NODE4_16_90),V(NODE4_16_91),V(NODE4_16_92),V(NODE4_16_93),V(NODE4_16_94),V(NODE4_16_95),V(NODE4_16_96),V(NODE4_16_97),V(NODE4_16_98),V(NODE4_16_99),V(NODE4_17_0),V(NODE4_17_1),V(NODE4_17_2),V(NODE4_17_3),V(NODE4_17_4),V(NODE4_17_5),V(NODE4_17_6),V(NODE4_17_7),V(NODE4_17_8),V(NODE4_17_9),V(NODE4_17_10),V(NODE4_17_11),V(NODE4_17_12),V(NODE4_17_13),V(NODE4_17_14),V(NODE4_17_15),V(NODE4_17_16),V(NODE4_17_17),V(NODE4_17_18),V(NODE4_17_19),V(NODE4_17_20),V(NODE4_17_21),V(NODE4_17_22),V(NODE4_17_23),V(NODE4_17_24),V(NODE4_17_25),V(NODE4_17_26),V(NODE4_17_27),V(NODE4_17_28),V(NODE4_17_29),V(NODE4_17_30),V(NODE4_17_31),V(NODE4_17_32),V(NODE4_17_33),V(NODE4_17_34),V(NODE4_17_35),V(NODE4_17_36),V(NODE4_17_37),V(NODE4_17_38),V(NODE4_17_39),V(NODE4_17_40),V(NODE4_17_41),V(NODE4_17_42),V(NODE4_17_43),V(NODE4_17_44),V(NODE4_17_45),V(NODE4_17_46),V(NODE4_17_47),V(NODE4_17_48),V(NODE4_17_49),V(NODE4_17_50),V(NODE4_17_51),V(NODE4_17_52),V(NODE4_17_53),V(NODE4_17_54),V(NODE4_17_55),V(NODE4_17_56),V(NODE4_17_57),V(NODE4_17_58),V(NODE4_17_59),V(NODE4_17_60),V(NODE4_17_61),V(NODE4_17_62),V(NODE4_17_63),V(NODE4_17_64),V(NODE4_17_65),V(NODE4_17_66),V(NODE4_17_67),V(NODE4_17_68),V(NODE4_17_69),V(NODE4_17_70),V(NODE4_17_71),V(NODE4_17_72),V(NODE4_17_73),V(NODE4_17_74),V(NODE4_17_75),V(NODE4_17_76),V(NODE4_17_77),V(NODE4_17_78),V(NODE4_17_79),V(NODE4_17_80),V(NODE4_17_81),V(NODE4_17_82),V(NODE4_17_83),V(NODE4_17_84),V(NODE4_17_85),V(NODE4_17_86),V(NODE4_17_87),V(NODE4_17_88),V(NODE4_17_89),V(NODE4_17_90),V(NODE4_17_91),V(NODE4_17_92),V(NODE4_17_93),V(NODE4_17_94),V(NODE4_17_95),V(NODE4_17_96),V(NODE4_17_97),V(NODE4_17_98),V(NODE4_17_99),V(NODE4_18_0),V(NODE4_18_1),V(NODE4_18_2),V(NODE4_18_3),V(NODE4_18_4),V(NODE4_18_5),V(NODE4_18_6),V(NODE4_18_7),V(NODE4_18_8),V(NODE4_18_9),V(NODE4_18_10),V(NODE4_18_11),V(NODE4_18_12),V(NODE4_18_13),V(NODE4_18_14),V(NODE4_18_15),V(NODE4_18_16),V(NODE4_18_17),V(NODE4_18_18),V(NODE4_18_19),V(NODE4_18_20),V(NODE4_18_21),V(NODE4_18_22),V(NODE4_18_23),V(NODE4_18_24),V(NODE4_18_25),V(NODE4_18_26),V(NODE4_18_27),V(NODE4_18_28),V(NODE4_18_29),V(NODE4_18_30),V(NODE4_18_31),V(NODE4_18_32),V(NODE4_18_33),V(NODE4_18_34),V(NODE4_18_35),V(NODE4_18_36),V(NODE4_18_37),V(NODE4_18_38),V(NODE4_18_39),V(NODE4_18_40),V(NODE4_18_41),V(NODE4_18_42),V(NODE4_18_43),V(NODE4_18_44),V(NODE4_18_45),V(NODE4_18_46),V(NODE4_18_47),V(NODE4_18_48),V(NODE4_18_49),V(NODE4_18_50),V(NODE4_18_51),V(NODE4_18_52),V(NODE4_18_53),V(NODE4_18_54),V(NODE4_18_55),V(NODE4_18_56),V(NODE4_18_57),V(NODE4_18_58),V(NODE4_18_59),V(NODE4_18_60),V(NODE4_18_61),V(NODE4_18_62),V(NODE4_18_63),V(NODE4_18_64),V(NODE4_18_65),V(NODE4_18_66),V(NODE4_18_67),V(NODE4_18_68),V(NODE4_18_69),V(NODE4_18_70),V(NODE4_18_71),V(NODE4_18_72),V(NODE4_18_73),V(NODE4_18_74),V(NODE4_18_75),V(NODE4_18_76),V(NODE4_18_77),V(NODE4_18_78),V(NODE4_18_79),V(NODE4_18_80),V(NODE4_18_81),V(NODE4_18_82),V(NODE4_18_83),V(NODE4_18_84),V(NODE4_18_85),V(NODE4_18_86),V(NODE4_18_87),V(NODE4_18_88),V(NODE4_18_89),V(NODE4_18_90),V(NODE4_18_91),V(NODE4_18_92),V(NODE4_18_93),V(NODE4_18_94),V(NODE4_18_95),V(NODE4_18_96),V(NODE4_18_97),V(NODE4_18_98),V(NODE4_18_99),V(NODE4_19_0),V(NODE4_19_1),V(NODE4_19_2),V(NODE4_19_3),V(NODE4_19_4),V(NODE4_19_5),V(NODE4_19_6),V(NODE4_19_7),V(NODE4_19_8),V(NODE4_19_9),V(NODE4_19_10),V(NODE4_19_11),V(NODE4_19_12),V(NODE4_19_13),V(NODE4_19_14),V(NODE4_19_15),V(NODE4_19_16),V(NODE4_19_17),V(NODE4_19_18),V(NODE4_19_19),V(NODE4_19_20),V(NODE4_19_21),V(NODE4_19_22),V(NODE4_19_23),V(NODE4_19_24),V(NODE4_19_25),V(NODE4_19_26),V(NODE4_19_27),V(NODE4_19_28),V(NODE4_19_29),V(NODE4_19_30),V(NODE4_19_31),V(NODE4_19_32),V(NODE4_19_33),V(NODE4_19_34),V(NODE4_19_35),V(NODE4_19_36),V(NODE4_19_37),V(NODE4_19_38),V(NODE4_19_39),V(NODE4_19_40),V(NODE4_19_41),V(NODE4_19_42),V(NODE4_19_43),V(NODE4_19_44),V(NODE4_19_45),V(NODE4_19_46),V(NODE4_19_47),V(NODE4_19_48),V(NODE4_19_49),V(NODE4_19_50),V(NODE4_19_51),V(NODE4_19_52),V(NODE4_19_53),V(NODE4_19_54),V(NODE4_19_55),V(NODE4_19_56),V(NODE4_19_57),V(NODE4_19_58),V(NODE4_19_59),V(NODE4_19_60),V(NODE4_19_61),V(NODE4_19_62),V(NODE4_19_63),V(NODE4_19_64),V(NODE4_19_65),V(NODE4_19_66),V(NODE4_19_67),V(NODE4_19_68),V(NODE4_19_69),V(NODE4_19_70),V(NODE4_19_71),V(NODE4_19_72),V(NODE4_19_73),V(NODE4_19_74),V(NODE4_19_75),V(NODE4_19_76),V(NODE4_19_77),V(NODE4_19_78),V(NODE4_19_79),V(NODE4_19_80),V(NODE4_19_81),V(NODE4_19_82),V(NODE4_19_83),V(NODE4_19_84),V(NODE4_19_85),V(NODE4_19_86),V(NODE4_19_87),V(NODE4_19_88),V(NODE4_19_89),V(NODE4_19_90),V(NODE4_19_91),V(NODE4_19_92),V(NODE4_19_93),V(NODE4_19_94),V(NODE4_19_95),V(NODE4_19_96),V(NODE4_19_97),V(NODE4_19_98),V(NODE4_19_99),V(NODE4_20_0),V(NODE4_20_1),V(NODE4_20_2),V(NODE4_20_3),V(NODE4_20_4),V(NODE4_20_5),V(NODE4_20_6),V(NODE4_20_7),V(NODE4_20_8),V(NODE4_20_9),V(NODE4_20_10),V(NODE4_20_11),V(NODE4_20_12),V(NODE4_20_13),V(NODE4_20_14),V(NODE4_20_15),V(NODE4_20_16),V(NODE4_20_17),V(NODE4_20_18),V(NODE4_20_19),V(NODE4_20_20),V(NODE4_20_21),V(NODE4_20_22),V(NODE4_20_23),V(NODE4_20_24),V(NODE4_20_25),V(NODE4_20_26),V(NODE4_20_27),V(NODE4_20_28),V(NODE4_20_29),V(NODE4_20_30),V(NODE4_20_31),V(NODE4_20_32),V(NODE4_20_33),V(NODE4_20_34),V(NODE4_20_35),V(NODE4_20_36),V(NODE4_20_37),V(NODE4_20_38),V(NODE4_20_39),V(NODE4_20_40),V(NODE4_20_41),V(NODE4_20_42),V(NODE4_20_43),V(NODE4_20_44),V(NODE4_20_45),V(NODE4_20_46),V(NODE4_20_47),V(NODE4_20_48),V(NODE4_20_49),V(NODE4_20_50),V(NODE4_20_51),V(NODE4_20_52),V(NODE4_20_53),V(NODE4_20_54),V(NODE4_20_55),V(NODE4_20_56),V(NODE4_20_57),V(NODE4_20_58),V(NODE4_20_59),V(NODE4_20_60),V(NODE4_20_61),V(NODE4_20_62),V(NODE4_20_63),V(NODE4_20_64),V(NODE4_20_65),V(NODE4_20_66),V(NODE4_20_67),V(NODE4_20_68),V(NODE4_20_69),V(NODE4_20_70),V(NODE4_20_71),V(NODE4_20_72),V(NODE4_20_73),V(NODE4_20_74),V(NODE4_20_75),V(NODE4_20_76),V(NODE4_20_77),V(NODE4_20_78),V(NODE4_20_79),V(NODE4_20_80),V(NODE4_20_81),V(NODE4_20_82),V(NODE4_20_83),V(NODE4_20_84),V(NODE4_20_85),V(NODE4_20_86),V(NODE4_20_87),V(NODE4_20_88),V(NODE4_20_89),V(NODE4_20_90),V(NODE4_20_91),V(NODE4_20_92),V(NODE4_20_93),V(NODE4_20_94),V(NODE4_20_95),V(NODE4_20_96),V(NODE4_20_97),V(NODE4_20_98),V(NODE4_20_99),V(NODE4_21_0),V(NODE4_21_1),V(NODE4_21_2),V(NODE4_21_3),V(NODE4_21_4),V(NODE4_21_5),V(NODE4_21_6),V(NODE4_21_7),V(NODE4_21_8),V(NODE4_21_9),V(NODE4_21_10),V(NODE4_21_11),V(NODE4_21_12),V(NODE4_21_13),V(NODE4_21_14),V(NODE4_21_15),V(NODE4_21_16),V(NODE4_21_17),V(NODE4_21_18),V(NODE4_21_19),V(NODE4_21_20),V(NODE4_21_21),V(NODE4_21_22),V(NODE4_21_23),V(NODE4_21_24),V(NODE4_21_25),V(NODE4_21_26),V(NODE4_21_27),V(NODE4_21_28),V(NODE4_21_29),V(NODE4_21_30),V(NODE4_21_31),V(NODE4_21_32),V(NODE4_21_33),V(NODE4_21_34),V(NODE4_21_35),V(NODE4_21_36),V(NODE4_21_37),V(NODE4_21_38),V(NODE4_21_39),V(NODE4_21_40),V(NODE4_21_41),V(NODE4_21_42),V(NODE4_21_43),V(NODE4_21_44),V(NODE4_21_45),V(NODE4_21_46),V(NODE4_21_47),V(NODE4_21_48),V(NODE4_21_49),V(NODE4_21_50),V(NODE4_21_51),V(NODE4_21_52),V(NODE4_21_53),V(NODE4_21_54),V(NODE4_21_55),V(NODE4_21_56),V(NODE4_21_57),V(NODE4_21_58),V(NODE4_21_59),V(NODE4_21_60),V(NODE4_21_61),V(NODE4_21_62),V(NODE4_21_63),V(NODE4_21_64),V(NODE4_21_65),V(NODE4_21_66),V(NODE4_21_67),V(NODE4_21_68),V(NODE4_21_69),V(NODE4_21_70),V(NODE4_21_71),V(NODE4_21_72),V(NODE4_21_73),V(NODE4_21_74),V(NODE4_21_75),V(NODE4_21_76),V(NODE4_21_77),V(NODE4_21_78),V(NODE4_21_79),V(NODE4_21_80),V(NODE4_21_81),V(NODE4_21_82),V(NODE4_21_83),V(NODE4_21_84),V(NODE4_21_85),V(NODE4_21_86),V(NODE4_21_87),V(NODE4_21_88),V(NODE4_21_89),V(NODE4_21_90),V(NODE4_21_91),V(NODE4_21_92),V(NODE4_21_93),V(NODE4_21_94),V(NODE4_21_95),V(NODE4_21_96),V(NODE4_21_97),V(NODE4_21_98),V(NODE4_21_99),V(NODE4_22_0),V(NODE4_22_1),V(NODE4_22_2),V(NODE4_22_3),V(NODE4_22_4),V(NODE4_22_5),V(NODE4_22_6),V(NODE4_22_7),V(NODE4_22_8),V(NODE4_22_9),V(NODE4_22_10),V(NODE4_22_11),V(NODE4_22_12),V(NODE4_22_13),V(NODE4_22_14),V(NODE4_22_15),V(NODE4_22_16),V(NODE4_22_17),V(NODE4_22_18),V(NODE4_22_19),V(NODE4_22_20),V(NODE4_22_21),V(NODE4_22_22),V(NODE4_22_23),V(NODE4_22_24),V(NODE4_22_25),V(NODE4_22_26),V(NODE4_22_27),V(NODE4_22_28),V(NODE4_22_29),V(NODE4_22_30),V(NODE4_22_31),V(NODE4_22_32),V(NODE4_22_33),V(NODE4_22_34),V(NODE4_22_35),V(NODE4_22_36),V(NODE4_22_37),V(NODE4_22_38),V(NODE4_22_39),V(NODE4_22_40),V(NODE4_22_41),V(NODE4_22_42),V(NODE4_22_43),V(NODE4_22_44),V(NODE4_22_45),V(NODE4_22_46),V(NODE4_22_47),V(NODE4_22_48),V(NODE4_22_49),V(NODE4_22_50),V(NODE4_22_51),V(NODE4_22_52),V(NODE4_22_53),V(NODE4_22_54),V(NODE4_22_55),V(NODE4_22_56),V(NODE4_22_57),V(NODE4_22_58),V(NODE4_22_59),V(NODE4_22_60),V(NODE4_22_61),V(NODE4_22_62),V(NODE4_22_63),V(NODE4_22_64),V(NODE4_22_65),V(NODE4_22_66),V(NODE4_22_67),V(NODE4_22_68),V(NODE4_22_69),V(NODE4_22_70),V(NODE4_22_71),V(NODE4_22_72),V(NODE4_22_73),V(NODE4_22_74),V(NODE4_22_75),V(NODE4_22_76),V(NODE4_22_77),V(NODE4_22_78),V(NODE4_22_79),V(NODE4_22_80),V(NODE4_22_81),V(NODE4_22_82),V(NODE4_22_83),V(NODE4_22_84),V(NODE4_22_85),V(NODE4_22_86),V(NODE4_22_87),V(NODE4_22_88),V(NODE4_22_89),V(NODE4_22_90),V(NODE4_22_91),V(NODE4_22_92),V(NODE4_22_93),V(NODE4_22_94),V(NODE4_22_95),V(NODE4_22_96),V(NODE4_22_97),V(NODE4_22_98),V(NODE4_22_99),V(NODE4_23_0),V(NODE4_23_1),V(NODE4_23_2),V(NODE4_23_3),V(NODE4_23_4),V(NODE4_23_5),V(NODE4_23_6),V(NODE4_23_7),V(NODE4_23_8),V(NODE4_23_9),V(NODE4_23_10),V(NODE4_23_11),V(NODE4_23_12),V(NODE4_23_13),V(NODE4_23_14),V(NODE4_23_15),V(NODE4_23_16),V(NODE4_23_17),V(NODE4_23_18),V(NODE4_23_19),V(NODE4_23_20),V(NODE4_23_21),V(NODE4_23_22),V(NODE4_23_23),V(NODE4_23_24),V(NODE4_23_25),V(NODE4_23_26),V(NODE4_23_27),V(NODE4_23_28),V(NODE4_23_29),V(NODE4_23_30),V(NODE4_23_31),V(NODE4_23_32),V(NODE4_23_33),V(NODE4_23_34),V(NODE4_23_35),V(NODE4_23_36),V(NODE4_23_37),V(NODE4_23_38),V(NODE4_23_39),V(NODE4_23_40),V(NODE4_23_41),V(NODE4_23_42),V(NODE4_23_43),V(NODE4_23_44),V(NODE4_23_45),V(NODE4_23_46),V(NODE4_23_47),V(NODE4_23_48),V(NODE4_23_49),V(NODE4_23_50),V(NODE4_23_51),V(NODE4_23_52),V(NODE4_23_53),V(NODE4_23_54),V(NODE4_23_55),V(NODE4_23_56),V(NODE4_23_57),V(NODE4_23_58),V(NODE4_23_59),V(NODE4_23_60),V(NODE4_23_61),V(NODE4_23_62),V(NODE4_23_63),V(NODE4_23_64),V(NODE4_23_65),V(NODE4_23_66),V(NODE4_23_67),V(NODE4_23_68),V(NODE4_23_69),V(NODE4_23_70),V(NODE4_23_71),V(NODE4_23_72),V(NODE4_23_73),V(NODE4_23_74),V(NODE4_23_75),V(NODE4_23_76),V(NODE4_23_77),V(NODE4_23_78),V(NODE4_23_79),V(NODE4_23_80),V(NODE4_23_81),V(NODE4_23_82),V(NODE4_23_83),V(NODE4_23_84),V(NODE4_23_85),V(NODE4_23_86),V(NODE4_23_87),V(NODE4_23_88),V(NODE4_23_89),V(NODE4_23_90),V(NODE4_23_91),V(NODE4_23_92),V(NODE4_23_93),V(NODE4_23_94),V(NODE4_23_95),V(NODE4_23_96),V(NODE4_23_97),V(NODE4_23_98),V(NODE4_23_99),V(NODE4_24_0),V(NODE4_24_1),V(NODE4_24_2),V(NODE4_24_3),V(NODE4_24_4),V(NODE4_24_5),V(NODE4_24_6),V(NODE4_24_7),V(NODE4_24_8),V(NODE4_24_9),V(NODE4_24_10),V(NODE4_24_11),V(NODE4_24_12),V(NODE4_24_13),V(NODE4_24_14),V(NODE4_24_15),V(NODE4_24_16),V(NODE4_24_17),V(NODE4_24_18),V(NODE4_24_19),V(NODE4_24_20),V(NODE4_24_21),V(NODE4_24_22),V(NODE4_24_23),V(NODE4_24_24),V(NODE4_24_25),V(NODE4_24_26),V(NODE4_24_27),V(NODE4_24_28),V(NODE4_24_29),V(NODE4_24_30),V(NODE4_24_31),V(NODE4_24_32),V(NODE4_24_33),V(NODE4_24_34),V(NODE4_24_35),V(NODE4_24_36),V(NODE4_24_37),V(NODE4_24_38),V(NODE4_24_39),V(NODE4_24_40),V(NODE4_24_41),V(NODE4_24_42),V(NODE4_24_43),V(NODE4_24_44),V(NODE4_24_45),V(NODE4_24_46),V(NODE4_24_47),V(NODE4_24_48),V(NODE4_24_49),V(NODE4_24_50),V(NODE4_24_51),V(NODE4_24_52),V(NODE4_24_53),V(NODE4_24_54),V(NODE4_24_55),V(NODE4_24_56),V(NODE4_24_57),V(NODE4_24_58),V(NODE4_24_59),V(NODE4_24_60),V(NODE4_24_61),V(NODE4_24_62),V(NODE4_24_63),V(NODE4_24_64),V(NODE4_24_65),V(NODE4_24_66),V(NODE4_24_67),V(NODE4_24_68),V(NODE4_24_69),V(NODE4_24_70),V(NODE4_24_71),V(NODE4_24_72),V(NODE4_24_73),V(NODE4_24_74),V(NODE4_24_75),V(NODE4_24_76),V(NODE4_24_77),V(NODE4_24_78),V(NODE4_24_79),V(NODE4_24_80),V(NODE4_24_81),V(NODE4_24_82),V(NODE4_24_83),V(NODE4_24_84),V(NODE4_24_85),V(NODE4_24_86),V(NODE4_24_87),V(NODE4_24_88),V(NODE4_24_89),V(NODE4_24_90),V(NODE4_24_91),V(NODE4_24_92),V(NODE4_24_93),V(NODE4_24_94),V(NODE4_24_95),V(NODE4_24_96),V(NODE4_24_97),V(NODE4_24_98),V(NODE4_24_99),V(NODE4_25_0),V(NODE4_25_1),V(NODE4_25_2),V(NODE4_25_3),V(NODE4_25_4),V(NODE4_25_5),V(NODE4_25_6),V(NODE4_25_7),V(NODE4_25_8),V(NODE4_25_9),V(NODE4_25_10),V(NODE4_25_11),V(NODE4_25_12),V(NODE4_25_13),V(NODE4_25_14),V(NODE4_25_15),V(NODE4_25_16),V(NODE4_25_17),V(NODE4_25_18),V(NODE4_25_19),V(NODE4_25_20),V(NODE4_25_21),V(NODE4_25_22),V(NODE4_25_23),V(NODE4_25_24),V(NODE4_25_25),V(NODE4_25_26),V(NODE4_25_27),V(NODE4_25_28),V(NODE4_25_29),V(NODE4_25_30),V(NODE4_25_31),V(NODE4_25_32),V(NODE4_25_33),V(NODE4_25_34),V(NODE4_25_35),V(NODE4_25_36),V(NODE4_25_37),V(NODE4_25_38),V(NODE4_25_39),V(NODE4_25_40),V(NODE4_25_41),V(NODE4_25_42),V(NODE4_25_43),V(NODE4_25_44),V(NODE4_25_45),V(NODE4_25_46),V(NODE4_25_47),V(NODE4_25_48),V(NODE4_25_49),V(NODE4_25_50),V(NODE4_25_51),V(NODE4_25_52),V(NODE4_25_53),V(NODE4_25_54),V(NODE4_25_55),V(NODE4_25_56),V(NODE4_25_57),V(NODE4_25_58),V(NODE4_25_59),V(NODE4_25_60),V(NODE4_25_61),V(NODE4_25_62),V(NODE4_25_63),V(NODE4_25_64),V(NODE4_25_65),V(NODE4_25_66),V(NODE4_25_67),V(NODE4_25_68),V(NODE4_25_69),V(NODE4_25_70),V(NODE4_25_71),V(NODE4_25_72),V(NODE4_25_73),V(NODE4_25_74),V(NODE4_25_75),V(NODE4_25_76),V(NODE4_25_77),V(NODE4_25_78),V(NODE4_25_79),V(NODE4_25_80),V(NODE4_25_81),V(NODE4_25_82),V(NODE4_25_83),V(NODE4_25_84),V(NODE4_25_85),V(NODE4_25_86),V(NODE4_25_87),V(NODE4_25_88),V(NODE4_25_89),V(NODE4_25_90),V(NODE4_25_91),V(NODE4_25_92),V(NODE4_25_93),V(NODE4_25_94),V(NODE4_25_95),V(NODE4_25_96),V(NODE4_25_97),V(NODE4_25_98),V(NODE4_25_99),V(NODE4_26_0),V(NODE4_26_1),V(NODE4_26_2),V(NODE4_26_3),V(NODE4_26_4),V(NODE4_26_5),V(NODE4_26_6),V(NODE4_26_7),V(NODE4_26_8),V(NODE4_26_9),V(NODE4_26_10),V(NODE4_26_11),V(NODE4_26_12),V(NODE4_26_13),V(NODE4_26_14),V(NODE4_26_15),V(NODE4_26_16),V(NODE4_26_17),V(NODE4_26_18),V(NODE4_26_19),V(NODE4_26_20),V(NODE4_26_21),V(NODE4_26_22),V(NODE4_26_23),V(NODE4_26_24),V(NODE4_26_25),V(NODE4_26_26),V(NODE4_26_27),V(NODE4_26_28),V(NODE4_26_29),V(NODE4_26_30),V(NODE4_26_31),V(NODE4_26_32),V(NODE4_26_33),V(NODE4_26_34),V(NODE4_26_35),V(NODE4_26_36),V(NODE4_26_37),V(NODE4_26_38),V(NODE4_26_39),V(NODE4_26_40),V(NODE4_26_41),V(NODE4_26_42),V(NODE4_26_43),V(NODE4_26_44),V(NODE4_26_45),V(NODE4_26_46),V(NODE4_26_47),V(NODE4_26_48),V(NODE4_26_49),V(NODE4_26_50),V(NODE4_26_51),V(NODE4_26_52),V(NODE4_26_53),V(NODE4_26_54),V(NODE4_26_55),V(NODE4_26_56),V(NODE4_26_57),V(NODE4_26_58),V(NODE4_26_59),V(NODE4_26_60),V(NODE4_26_61),V(NODE4_26_62),V(NODE4_26_63),V(NODE4_26_64),V(NODE4_26_65),V(NODE4_26_66),V(NODE4_26_67),V(NODE4_26_68),V(NODE4_26_69),V(NODE4_26_70),V(NODE4_26_71),V(NODE4_26_72),V(NODE4_26_73),V(NODE4_26_74),V(NODE4_26_75),V(NODE4_26_76),V(NODE4_26_77),V(NODE4_26_78),V(NODE4_26_79),V(NODE4_26_80),V(NODE4_26_81),V(NODE4_26_82),V(NODE4_26_83),V(NODE4_26_84),V(NODE4_26_85),V(NODE4_26_86),V(NODE4_26_87),V(NODE4_26_88),V(NODE4_26_89),V(NODE4_26_90),V(NODE4_26_91),V(NODE4_26_92),V(NODE4_26_93),V(NODE4_26_94),V(NODE4_26_95),V(NODE4_26_96),V(NODE4_26_97),V(NODE4_26_98),V(NODE4_26_99),V(NODE4_27_0),V(NODE4_27_1),V(NODE4_27_2),V(NODE4_27_3),V(NODE4_27_4),V(NODE4_27_5),V(NODE4_27_6),V(NODE4_27_7),V(NODE4_27_8),V(NODE4_27_9),V(NODE4_27_10),V(NODE4_27_11),V(NODE4_27_12),V(NODE4_27_13),V(NODE4_27_14),V(NODE4_27_15),V(NODE4_27_16),V(NODE4_27_17),V(NODE4_27_18),V(NODE4_27_19),V(NODE4_27_20),V(NODE4_27_21),V(NODE4_27_22),V(NODE4_27_23),V(NODE4_27_24),V(NODE4_27_25),V(NODE4_27_26),V(NODE4_27_27),V(NODE4_27_28),V(NODE4_27_29),V(NODE4_27_30),V(NODE4_27_31),V(NODE4_27_32),V(NODE4_27_33),V(NODE4_27_34),V(NODE4_27_35),V(NODE4_27_36),V(NODE4_27_37),V(NODE4_27_38),V(NODE4_27_39),V(NODE4_27_40),V(NODE4_27_41),V(NODE4_27_42),V(NODE4_27_43),V(NODE4_27_44),V(NODE4_27_45),V(NODE4_27_46),V(NODE4_27_47),V(NODE4_27_48),V(NODE4_27_49),V(NODE4_27_50),V(NODE4_27_51),V(NODE4_27_52),V(NODE4_27_53),V(NODE4_27_54),V(NODE4_27_55),V(NODE4_27_56),V(NODE4_27_57),V(NODE4_27_58),V(NODE4_27_59),V(NODE4_27_60),V(NODE4_27_61),V(NODE4_27_62),V(NODE4_27_63),V(NODE4_27_64),V(NODE4_27_65),V(NODE4_27_66),V(NODE4_27_67),V(NODE4_27_68),V(NODE4_27_69),V(NODE4_27_70),V(NODE4_27_71),V(NODE4_27_72),V(NODE4_27_73),V(NODE4_27_74),V(NODE4_27_75),V(NODE4_27_76),V(NODE4_27_77),V(NODE4_27_78),V(NODE4_27_79),V(NODE4_27_80),V(NODE4_27_81),V(NODE4_27_82),V(NODE4_27_83),V(NODE4_27_84),V(NODE4_27_85),V(NODE4_27_86),V(NODE4_27_87),V(NODE4_27_88),V(NODE4_27_89),V(NODE4_27_90),V(NODE4_27_91),V(NODE4_27_92),V(NODE4_27_93),V(NODE4_27_94),V(NODE4_27_95),V(NODE4_27_96),V(NODE4_27_97),V(NODE4_27_98),V(NODE4_27_99),V(NODE4_28_0),V(NODE4_28_1),V(NODE4_28_2),V(NODE4_28_3),V(NODE4_28_4),V(NODE4_28_5),V(NODE4_28_6),V(NODE4_28_7),V(NODE4_28_8),V(NODE4_28_9),V(NODE4_28_10),V(NODE4_28_11),V(NODE4_28_12),V(NODE4_28_13),V(NODE4_28_14),V(NODE4_28_15),V(NODE4_28_16),V(NODE4_28_17),V(NODE4_28_18),V(NODE4_28_19),V(NODE4_28_20),V(NODE4_28_21),V(NODE4_28_22),V(NODE4_28_23),V(NODE4_28_24),V(NODE4_28_25),V(NODE4_28_26),V(NODE4_28_27),V(NODE4_28_28),V(NODE4_28_29),V(NODE4_28_30),V(NODE4_28_31),V(NODE4_28_32),V(NODE4_28_33),V(NODE4_28_34),V(NODE4_28_35),V(NODE4_28_36),V(NODE4_28_37),V(NODE4_28_38),V(NODE4_28_39),V(NODE4_28_40),V(NODE4_28_41),V(NODE4_28_42),V(NODE4_28_43),V(NODE4_28_44),V(NODE4_28_45),V(NODE4_28_46),V(NODE4_28_47),V(NODE4_28_48),V(NODE4_28_49),V(NODE4_28_50),V(NODE4_28_51),V(NODE4_28_52),V(NODE4_28_53),V(NODE4_28_54),V(NODE4_28_55),V(NODE4_28_56),V(NODE4_28_57),V(NODE4_28_58),V(NODE4_28_59),V(NODE4_28_60),V(NODE4_28_61),V(NODE4_28_62),V(NODE4_28_63),V(NODE4_28_64),V(NODE4_28_65),V(NODE4_28_66),V(NODE4_28_67),V(NODE4_28_68),V(NODE4_28_69),V(NODE4_28_70),V(NODE4_28_71),V(NODE4_28_72),V(NODE4_28_73),V(NODE4_28_74),V(NODE4_28_75),V(NODE4_28_76),V(NODE4_28_77),V(NODE4_28_78),V(NODE4_28_79),V(NODE4_28_80),V(NODE4_28_81),V(NODE4_28_82),V(NODE4_28_83),V(NODE4_28_84),V(NODE4_28_85),V(NODE4_28_86),V(NODE4_28_87),V(NODE4_28_88),V(NODE4_28_89),V(NODE4_28_90),V(NODE4_28_91),V(NODE4_28_92),V(NODE4_28_93),V(NODE4_28_94),V(NODE4_28_95),V(NODE4_28_96),V(NODE4_28_97),V(NODE4_28_98),V(NODE4_28_99),V(NODE4_29_0),V(NODE4_29_1),V(NODE4_29_2),V(NODE4_29_3),V(NODE4_29_4),V(NODE4_29_5),V(NODE4_29_6),V(NODE4_29_7),V(NODE4_29_8),V(NODE4_29_9),V(NODE4_29_10),V(NODE4_29_11),V(NODE4_29_12),V(NODE4_29_13),V(NODE4_29_14),V(NODE4_29_15),V(NODE4_29_16),V(NODE4_29_17),V(NODE4_29_18),V(NODE4_29_19),V(NODE4_29_20),V(NODE4_29_21),V(NODE4_29_22),V(NODE4_29_23),V(NODE4_29_24),V(NODE4_29_25),V(NODE4_29_26),V(NODE4_29_27),V(NODE4_29_28),V(NODE4_29_29),V(NODE4_29_30),V(NODE4_29_31),V(NODE4_29_32),V(NODE4_29_33),V(NODE4_29_34),V(NODE4_29_35),V(NODE4_29_36),V(NODE4_29_37),V(NODE4_29_38),V(NODE4_29_39),V(NODE4_29_40),V(NODE4_29_41),V(NODE4_29_42),V(NODE4_29_43),V(NODE4_29_44),V(NODE4_29_45),V(NODE4_29_46),V(NODE4_29_47),V(NODE4_29_48),V(NODE4_29_49),V(NODE4_29_50),V(NODE4_29_51),V(NODE4_29_52),V(NODE4_29_53),V(NODE4_29_54),V(NODE4_29_55),V(NODE4_29_56),V(NODE4_29_57),V(NODE4_29_58),V(NODE4_29_59),V(NODE4_29_60),V(NODE4_29_61),V(NODE4_29_62),V(NODE4_29_63),V(NODE4_29_64),V(NODE4_29_65),V(NODE4_29_66),V(NODE4_29_67),V(NODE4_29_68),V(NODE4_29_69),V(NODE4_29_70),V(NODE4_29_71),V(NODE4_29_72),V(NODE4_29_73),V(NODE4_29_74),V(NODE4_29_75),V(NODE4_29_76),V(NODE4_29_77),V(NODE4_29_78),V(NODE4_29_79),V(NODE4_29_80),V(NODE4_29_81),V(NODE4_29_82),V(NODE4_29_83),V(NODE4_29_84),V(NODE4_29_85),V(NODE4_29_86),V(NODE4_29_87),V(NODE4_29_88),V(NODE4_29_89),V(NODE4_29_90),V(NODE4_29_91),V(NODE4_29_92),V(NODE4_29_93),V(NODE4_29_94),V(NODE4_29_95),V(NODE4_29_96),V(NODE4_29_97),V(NODE4_29_98),V(NODE4_29_99),V(NODE4_30_0),V(NODE4_30_1),V(NODE4_30_2),V(NODE4_30_3),V(NODE4_30_4),V(NODE4_30_5),V(NODE4_30_6),V(NODE4_30_7),V(NODE4_30_8),V(NODE4_30_9),V(NODE4_30_10),V(NODE4_30_11),V(NODE4_30_12),V(NODE4_30_13),V(NODE4_30_14),V(NODE4_30_15),V(NODE4_30_16),V(NODE4_30_17),V(NODE4_30_18),V(NODE4_30_19),V(NODE4_30_20),V(NODE4_30_21),V(NODE4_30_22),V(NODE4_30_23),V(NODE4_30_24),V(NODE4_30_25),V(NODE4_30_26),V(NODE4_30_27),V(NODE4_30_28),V(NODE4_30_29),V(NODE4_30_30),V(NODE4_30_31),V(NODE4_30_32),V(NODE4_30_33),V(NODE4_30_34),V(NODE4_30_35),V(NODE4_30_36),V(NODE4_30_37),V(NODE4_30_38),V(NODE4_30_39),V(NODE4_30_40),V(NODE4_30_41),V(NODE4_30_42),V(NODE4_30_43),V(NODE4_30_44),V(NODE4_30_45),V(NODE4_30_46),V(NODE4_30_47),V(NODE4_30_48),V(NODE4_30_49),V(NODE4_30_50),V(NODE4_30_51),V(NODE4_30_52),V(NODE4_30_53),V(NODE4_30_54),V(NODE4_30_55),V(NODE4_30_56),V(NODE4_30_57),V(NODE4_30_58),V(NODE4_30_59),V(NODE4_30_60),V(NODE4_30_61),V(NODE4_30_62),V(NODE4_30_63),V(NODE4_30_64),V(NODE4_30_65),V(NODE4_30_66),V(NODE4_30_67),V(NODE4_30_68),V(NODE4_30_69),V(NODE4_30_70),V(NODE4_30_71),V(NODE4_30_72),V(NODE4_30_73),V(NODE4_30_74),V(NODE4_30_75),V(NODE4_30_76),V(NODE4_30_77),V(NODE4_30_78),V(NODE4_30_79),V(NODE4_30_80),V(NODE4_30_81),V(NODE4_30_82),V(NODE4_30_83),V(NODE4_30_84),V(NODE4_30_85),V(NODE4_30_86),V(NODE4_30_87),V(NODE4_30_88),V(NODE4_30_89),V(NODE4_30_90),V(NODE4_30_91),V(NODE4_30_92),V(NODE4_30_93),V(NODE4_30_94),V(NODE4_30_95),V(NODE4_30_96),V(NODE4_30_97),V(NODE4_30_98),V(NODE4_30_99),V(NODE4_31_0),V(NODE4_31_1),V(NODE4_31_2),V(NODE4_31_3),V(NODE4_31_4),V(NODE4_31_5),V(NODE4_31_6),V(NODE4_31_7),V(NODE4_31_8),V(NODE4_31_9),V(NODE4_31_10),V(NODE4_31_11),V(NODE4_31_12),V(NODE4_31_13),V(NODE4_31_14),V(NODE4_31_15),V(NODE4_31_16),V(NODE4_31_17),V(NODE4_31_18),V(NODE4_31_19),V(NODE4_31_20),V(NODE4_31_21),V(NODE4_31_22),V(NODE4_31_23),V(NODE4_31_24),V(NODE4_31_25),V(NODE4_31_26),V(NODE4_31_27),V(NODE4_31_28),V(NODE4_31_29),V(NODE4_31_30),V(NODE4_31_31),V(NODE4_31_32),V(NODE4_31_33),V(NODE4_31_34),V(NODE4_31_35),V(NODE4_31_36),V(NODE4_31_37),V(NODE4_31_38),V(NODE4_31_39),V(NODE4_31_40),V(NODE4_31_41),V(NODE4_31_42),V(NODE4_31_43),V(NODE4_31_44),V(NODE4_31_45),V(NODE4_31_46),V(NODE4_31_47),V(NODE4_31_48),V(NODE4_31_49),V(NODE4_31_50),V(NODE4_31_51),V(NODE4_31_52),V(NODE4_31_53),V(NODE4_31_54),V(NODE4_31_55),V(NODE4_31_56),V(NODE4_31_57),V(NODE4_31_58),V(NODE4_31_59),V(NODE4_31_60),V(NODE4_31_61),V(NODE4_31_62),V(NODE4_31_63),V(NODE4_31_64),V(NODE4_31_65),V(NODE4_31_66),V(NODE4_31_67),V(NODE4_31_68),V(NODE4_31_69),V(NODE4_31_70),V(NODE4_31_71),V(NODE4_31_72),V(NODE4_31_73),V(NODE4_31_74),V(NODE4_31_75),V(NODE4_31_76),V(NODE4_31_77),V(NODE4_31_78),V(NODE4_31_79),V(NODE4_31_80),V(NODE4_31_81),V(NODE4_31_82),V(NODE4_31_83),V(NODE4_31_84),V(NODE4_31_85),V(NODE4_31_86),V(NODE4_31_87),V(NODE4_31_88),V(NODE4_31_89),V(NODE4_31_90),V(NODE4_31_91),V(NODE4_31_92),V(NODE4_31_93),V(NODE4_31_94),V(NODE4_31_95),V(NODE4_31_96),V(NODE4_31_97),V(NODE4_31_98),V(NODE4_31_99),V(NODE4_32_0),V(NODE4_32_1),V(NODE4_32_2),V(NODE4_32_3),V(NODE4_32_4),V(NODE4_32_5),V(NODE4_32_6),V(NODE4_32_7),V(NODE4_32_8),V(NODE4_32_9),V(NODE4_32_10),V(NODE4_32_11),V(NODE4_32_12),V(NODE4_32_13),V(NODE4_32_14),V(NODE4_32_15),V(NODE4_32_16),V(NODE4_32_17),V(NODE4_32_18),V(NODE4_32_19),V(NODE4_32_20),V(NODE4_32_21),V(NODE4_32_22),V(NODE4_32_23),V(NODE4_32_24),V(NODE4_32_25),V(NODE4_32_26),V(NODE4_32_27),V(NODE4_32_28),V(NODE4_32_29),V(NODE4_32_30),V(NODE4_32_31),V(NODE4_32_32),V(NODE4_32_33),V(NODE4_32_34),V(NODE4_32_35),V(NODE4_32_36),V(NODE4_32_37),V(NODE4_32_38),V(NODE4_32_39),V(NODE4_32_40),V(NODE4_32_41),V(NODE4_32_42),V(NODE4_32_43),V(NODE4_32_44),V(NODE4_32_45),V(NODE4_32_46),V(NODE4_32_47),V(NODE4_32_48),V(NODE4_32_49),V(NODE4_32_50),V(NODE4_32_51),V(NODE4_32_52),V(NODE4_32_53),V(NODE4_32_54),V(NODE4_32_55),V(NODE4_32_56),V(NODE4_32_57),V(NODE4_32_58),V(NODE4_32_59),V(NODE4_32_60),V(NODE4_32_61),V(NODE4_32_62),V(NODE4_32_63),V(NODE4_32_64),V(NODE4_32_65),V(NODE4_32_66),V(NODE4_32_67),V(NODE4_32_68),V(NODE4_32_69),V(NODE4_32_70),V(NODE4_32_71),V(NODE4_32_72),V(NODE4_32_73),V(NODE4_32_74),V(NODE4_32_75),V(NODE4_32_76),V(NODE4_32_77),V(NODE4_32_78),V(NODE4_32_79),V(NODE4_32_80),V(NODE4_32_81),V(NODE4_32_82),V(NODE4_32_83),V(NODE4_32_84),V(NODE4_32_85),V(NODE4_32_86),V(NODE4_32_87),V(NODE4_32_88),V(NODE4_32_89),V(NODE4_32_90),V(NODE4_32_91),V(NODE4_32_92),V(NODE4_32_93),V(NODE4_32_94),V(NODE4_32_95),V(NODE4_32_96),V(NODE4_32_97),V(NODE4_32_98),V(NODE4_32_99),V(NODE4_33_0),V(NODE4_33_1),V(NODE4_33_2),V(NODE4_33_3),V(NODE4_33_4),V(NODE4_33_5),V(NODE4_33_6),V(NODE4_33_7),V(NODE4_33_8),V(NODE4_33_9),V(NODE4_33_10),V(NODE4_33_11),V(NODE4_33_12),V(NODE4_33_13),V(NODE4_33_14),V(NODE4_33_15),V(NODE4_33_16),V(NODE4_33_17),V(NODE4_33_18),V(NODE4_33_19),V(NODE4_33_20),V(NODE4_33_21),V(NODE4_33_22),V(NODE4_33_23),V(NODE4_33_24),V(NODE4_33_25),V(NODE4_33_26),V(NODE4_33_27),V(NODE4_33_28),V(NODE4_33_29),V(NODE4_33_30),V(NODE4_33_31),V(NODE4_33_32),V(NODE4_33_33),V(NODE4_33_34),V(NODE4_33_35),V(NODE4_33_36),V(NODE4_33_37),V(NODE4_33_38),V(NODE4_33_39),V(NODE4_33_40),V(NODE4_33_41),V(NODE4_33_42),V(NODE4_33_43),V(NODE4_33_44),V(NODE4_33_45),V(NODE4_33_46),V(NODE4_33_47),V(NODE4_33_48),V(NODE4_33_49),V(NODE4_33_50),V(NODE4_33_51),V(NODE4_33_52),V(NODE4_33_53),V(NODE4_33_54),V(NODE4_33_55),V(NODE4_33_56),V(NODE4_33_57),V(NODE4_33_58),V(NODE4_33_59),V(NODE4_33_60),V(NODE4_33_61),V(NODE4_33_62),V(NODE4_33_63),V(NODE4_33_64),V(NODE4_33_65),V(NODE4_33_66),V(NODE4_33_67),V(NODE4_33_68),V(NODE4_33_69),V(NODE4_33_70),V(NODE4_33_71),V(NODE4_33_72),V(NODE4_33_73),V(NODE4_33_74),V(NODE4_33_75),V(NODE4_33_76),V(NODE4_33_77),V(NODE4_33_78),V(NODE4_33_79),V(NODE4_33_80),V(NODE4_33_81),V(NODE4_33_82),V(NODE4_33_83),V(NODE4_33_84),V(NODE4_33_85),V(NODE4_33_86),V(NODE4_33_87),V(NODE4_33_88),V(NODE4_33_89),V(NODE4_33_90),V(NODE4_33_91),V(NODE4_33_92),V(NODE4_33_93),V(NODE4_33_94),V(NODE4_33_95),V(NODE4_33_96),V(NODE4_33_97),V(NODE4_33_98),V(NODE4_33_99),V(NODE4_34_0),V(NODE4_34_1),V(NODE4_34_2),V(NODE4_34_3),V(NODE4_34_4),V(NODE4_34_5),V(NODE4_34_6),V(NODE4_34_7),V(NODE4_34_8),V(NODE4_34_9),V(NODE4_34_10),V(NODE4_34_11),V(NODE4_34_12),V(NODE4_34_13),V(NODE4_34_14),V(NODE4_34_15),V(NODE4_34_16),V(NODE4_34_17),V(NODE4_34_18),V(NODE4_34_19),V(NODE4_34_20),V(NODE4_34_21),V(NODE4_34_22),V(NODE4_34_23),V(NODE4_34_24),V(NODE4_34_25),V(NODE4_34_26),V(NODE4_34_27),V(NODE4_34_28),V(NODE4_34_29),V(NODE4_34_30),V(NODE4_34_31),V(NODE4_34_32),V(NODE4_34_33),V(NODE4_34_34),V(NODE4_34_35),V(NODE4_34_36),V(NODE4_34_37),V(NODE4_34_38),V(NODE4_34_39),V(NODE4_34_40),V(NODE4_34_41),V(NODE4_34_42),V(NODE4_34_43),V(NODE4_34_44),V(NODE4_34_45),V(NODE4_34_46),V(NODE4_34_47),V(NODE4_34_48),V(NODE4_34_49),V(NODE4_34_50),V(NODE4_34_51),V(NODE4_34_52),V(NODE4_34_53),V(NODE4_34_54),V(NODE4_34_55),V(NODE4_34_56),V(NODE4_34_57),V(NODE4_34_58),V(NODE4_34_59),V(NODE4_34_60),V(NODE4_34_61),V(NODE4_34_62),V(NODE4_34_63),V(NODE4_34_64),V(NODE4_34_65),V(NODE4_34_66),V(NODE4_34_67),V(NODE4_34_68),V(NODE4_34_69),V(NODE4_34_70),V(NODE4_34_71),V(NODE4_34_72),V(NODE4_34_73),V(NODE4_34_74),V(NODE4_34_75),V(NODE4_34_76),V(NODE4_34_77),V(NODE4_34_78),V(NODE4_34_79),V(NODE4_34_80),V(NODE4_34_81),V(NODE4_34_82),V(NODE4_34_83),V(NODE4_34_84),V(NODE4_34_85),V(NODE4_34_86),V(NODE4_34_87),V(NODE4_34_88),V(NODE4_34_89),V(NODE4_34_90),V(NODE4_34_91),V(NODE4_34_92),V(NODE4_34_93),V(NODE4_34_94),V(NODE4_34_95),V(NODE4_34_96),V(NODE4_34_97),V(NODE4_34_98),V(NODE4_34_99),V(NODE4_35_0),V(NODE4_35_1),V(NODE4_35_2),V(NODE4_35_3),V(NODE4_35_4),V(NODE4_35_5),V(NODE4_35_6),V(NODE4_35_7),V(NODE4_35_8),V(NODE4_35_9),V(NODE4_35_10),V(NODE4_35_11),V(NODE4_35_12),V(NODE4_35_13),V(NODE4_35_14),V(NODE4_35_15),V(NODE4_35_16),V(NODE4_35_17),V(NODE4_35_18),V(NODE4_35_19),V(NODE4_35_20),V(NODE4_35_21),V(NODE4_35_22),V(NODE4_35_23),V(NODE4_35_24),V(NODE4_35_25),V(NODE4_35_26),V(NODE4_35_27),V(NODE4_35_28),V(NODE4_35_29),V(NODE4_35_30),V(NODE4_35_31),V(NODE4_35_32),V(NODE4_35_33),V(NODE4_35_34),V(NODE4_35_35),V(NODE4_35_36),V(NODE4_35_37),V(NODE4_35_38),V(NODE4_35_39),V(NODE4_35_40),V(NODE4_35_41),V(NODE4_35_42),V(NODE4_35_43),V(NODE4_35_44),V(NODE4_35_45),V(NODE4_35_46),V(NODE4_35_47),V(NODE4_35_48),V(NODE4_35_49),V(NODE4_35_50),V(NODE4_35_51),V(NODE4_35_52),V(NODE4_35_53),V(NODE4_35_54),V(NODE4_35_55),V(NODE4_35_56),V(NODE4_35_57),V(NODE4_35_58),V(NODE4_35_59),V(NODE4_35_60),V(NODE4_35_61),V(NODE4_35_62),V(NODE4_35_63),V(NODE4_35_64),V(NODE4_35_65),V(NODE4_35_66),V(NODE4_35_67),V(NODE4_35_68),V(NODE4_35_69),V(NODE4_35_70),V(NODE4_35_71),V(NODE4_35_72),V(NODE4_35_73),V(NODE4_35_74),V(NODE4_35_75),V(NODE4_35_76),V(NODE4_35_77),V(NODE4_35_78),V(NODE4_35_79),V(NODE4_35_80),V(NODE4_35_81),V(NODE4_35_82),V(NODE4_35_83),V(NODE4_35_84),V(NODE4_35_85),V(NODE4_35_86),V(NODE4_35_87),V(NODE4_35_88),V(NODE4_35_89),V(NODE4_35_90),V(NODE4_35_91),V(NODE4_35_92),V(NODE4_35_93),V(NODE4_35_94),V(NODE4_35_95),V(NODE4_35_96),V(NODE4_35_97),V(NODE4_35_98),V(NODE4_35_99),V(NODE4_36_0),V(NODE4_36_1),V(NODE4_36_2),V(NODE4_36_3),V(NODE4_36_4),V(NODE4_36_5),V(NODE4_36_6),V(NODE4_36_7),V(NODE4_36_8),V(NODE4_36_9),V(NODE4_36_10),V(NODE4_36_11),V(NODE4_36_12),V(NODE4_36_13),V(NODE4_36_14),V(NODE4_36_15),V(NODE4_36_16),V(NODE4_36_17),V(NODE4_36_18),V(NODE4_36_19),V(NODE4_36_20),V(NODE4_36_21),V(NODE4_36_22),V(NODE4_36_23),V(NODE4_36_24),V(NODE4_36_25),V(NODE4_36_26),V(NODE4_36_27),V(NODE4_36_28),V(NODE4_36_29),V(NODE4_36_30),V(NODE4_36_31),V(NODE4_36_32),V(NODE4_36_33),V(NODE4_36_34),V(NODE4_36_35),V(NODE4_36_36),V(NODE4_36_37),V(NODE4_36_38),V(NODE4_36_39),V(NODE4_36_40),V(NODE4_36_41),V(NODE4_36_42),V(NODE4_36_43),V(NODE4_36_44),V(NODE4_36_45),V(NODE4_36_46),V(NODE4_36_47),V(NODE4_36_48),V(NODE4_36_49),V(NODE4_36_50),V(NODE4_36_51),V(NODE4_36_52),V(NODE4_36_53),V(NODE4_36_54),V(NODE4_36_55),V(NODE4_36_56),V(NODE4_36_57),V(NODE4_36_58),V(NODE4_36_59),V(NODE4_36_60),V(NODE4_36_61),V(NODE4_36_62),V(NODE4_36_63),V(NODE4_36_64),V(NODE4_36_65),V(NODE4_36_66),V(NODE4_36_67),V(NODE4_36_68),V(NODE4_36_69),V(NODE4_36_70),V(NODE4_36_71),V(NODE4_36_72),V(NODE4_36_73),V(NODE4_36_74),V(NODE4_36_75),V(NODE4_36_76),V(NODE4_36_77),V(NODE4_36_78),V(NODE4_36_79),V(NODE4_36_80),V(NODE4_36_81),V(NODE4_36_82),V(NODE4_36_83),V(NODE4_36_84),V(NODE4_36_85),V(NODE4_36_86),V(NODE4_36_87),V(NODE4_36_88),V(NODE4_36_89),V(NODE4_36_90),V(NODE4_36_91),V(NODE4_36_92),V(NODE4_36_93),V(NODE4_36_94),V(NODE4_36_95),V(NODE4_36_96),V(NODE4_36_97),V(NODE4_36_98),V(NODE4_36_99),V(NODE4_37_0),V(NODE4_37_1),V(NODE4_37_2),V(NODE4_37_3),V(NODE4_37_4),V(NODE4_37_5),V(NODE4_37_6),V(NODE4_37_7),V(NODE4_37_8),V(NODE4_37_9),V(NODE4_37_10),V(NODE4_37_11),V(NODE4_37_12),V(NODE4_37_13),V(NODE4_37_14),V(NODE4_37_15),V(NODE4_37_16),V(NODE4_37_17),V(NODE4_37_18),V(NODE4_37_19),V(NODE4_37_20),V(NODE4_37_21),V(NODE4_37_22),V(NODE4_37_23),V(NODE4_37_24),V(NODE4_37_25),V(NODE4_37_26),V(NODE4_37_27),V(NODE4_37_28),V(NODE4_37_29),V(NODE4_37_30),V(NODE4_37_31),V(NODE4_37_32),V(NODE4_37_33),V(NODE4_37_34),V(NODE4_37_35),V(NODE4_37_36),V(NODE4_37_37),V(NODE4_37_38),V(NODE4_37_39),V(NODE4_37_40),V(NODE4_37_41),V(NODE4_37_42),V(NODE4_37_43),V(NODE4_37_44),V(NODE4_37_45),V(NODE4_37_46),V(NODE4_37_47),V(NODE4_37_48),V(NODE4_37_49),V(NODE4_37_50),V(NODE4_37_51),V(NODE4_37_52),V(NODE4_37_53),V(NODE4_37_54),V(NODE4_37_55),V(NODE4_37_56),V(NODE4_37_57),V(NODE4_37_58),V(NODE4_37_59),V(NODE4_37_60),V(NODE4_37_61),V(NODE4_37_62),V(NODE4_37_63),V(NODE4_37_64),V(NODE4_37_65),V(NODE4_37_66),V(NODE4_37_67),V(NODE4_37_68),V(NODE4_37_69),V(NODE4_37_70),V(NODE4_37_71),V(NODE4_37_72),V(NODE4_37_73),V(NODE4_37_74),V(NODE4_37_75),V(NODE4_37_76),V(NODE4_37_77),V(NODE4_37_78),V(NODE4_37_79),V(NODE4_37_80),V(NODE4_37_81),V(NODE4_37_82),V(NODE4_37_83),V(NODE4_37_84),V(NODE4_37_85),V(NODE4_37_86),V(NODE4_37_87),V(NODE4_37_88),V(NODE4_37_89),V(NODE4_37_90),V(NODE4_37_91),V(NODE4_37_92),V(NODE4_37_93),V(NODE4_37_94),V(NODE4_37_95),V(NODE4_37_96),V(NODE4_37_97),V(NODE4_37_98),V(NODE4_37_99),V(NODE4_38_0),V(NODE4_38_1),V(NODE4_38_2),V(NODE4_38_3),V(NODE4_38_4),V(NODE4_38_5),V(NODE4_38_6),V(NODE4_38_7),V(NODE4_38_8),V(NODE4_38_9),V(NODE4_38_10),V(NODE4_38_11),V(NODE4_38_12),V(NODE4_38_13),V(NODE4_38_14),V(NODE4_38_15),V(NODE4_38_16),V(NODE4_38_17),V(NODE4_38_18),V(NODE4_38_19),V(NODE4_38_20),V(NODE4_38_21),V(NODE4_38_22),V(NODE4_38_23),V(NODE4_38_24),V(NODE4_38_25),V(NODE4_38_26),V(NODE4_38_27),V(NODE4_38_28),V(NODE4_38_29),V(NODE4_38_30),V(NODE4_38_31),V(NODE4_38_32),V(NODE4_38_33),V(NODE4_38_34),V(NODE4_38_35),V(NODE4_38_36),V(NODE4_38_37),V(NODE4_38_38),V(NODE4_38_39),V(NODE4_38_40),V(NODE4_38_41),V(NODE4_38_42),V(NODE4_38_43),V(NODE4_38_44),V(NODE4_38_45),V(NODE4_38_46),V(NODE4_38_47),V(NODE4_38_48),V(NODE4_38_49),V(NODE4_38_50),V(NODE4_38_51),V(NODE4_38_52),V(NODE4_38_53),V(NODE4_38_54),V(NODE4_38_55),V(NODE4_38_56),V(NODE4_38_57),V(NODE4_38_58),V(NODE4_38_59),V(NODE4_38_60),V(NODE4_38_61),V(NODE4_38_62),V(NODE4_38_63),V(NODE4_38_64),V(NODE4_38_65),V(NODE4_38_66),V(NODE4_38_67),V(NODE4_38_68),V(NODE4_38_69),V(NODE4_38_70),V(NODE4_38_71),V(NODE4_38_72),V(NODE4_38_73),V(NODE4_38_74),V(NODE4_38_75),V(NODE4_38_76),V(NODE4_38_77),V(NODE4_38_78),V(NODE4_38_79),V(NODE4_38_80),V(NODE4_38_81),V(NODE4_38_82),V(NODE4_38_83),V(NODE4_38_84),V(NODE4_38_85),V(NODE4_38_86),V(NODE4_38_87),V(NODE4_38_88),V(NODE4_38_89),V(NODE4_38_90),V(NODE4_38_91),V(NODE4_38_92),V(NODE4_38_93),V(NODE4_38_94),V(NODE4_38_95),V(NODE4_38_96),V(NODE4_38_97),V(NODE4_38_98),V(NODE4_38_99),V(NODE4_39_0),V(NODE4_39_1),V(NODE4_39_2),V(NODE4_39_3),V(NODE4_39_4),V(NODE4_39_5),V(NODE4_39_6),V(NODE4_39_7),V(NODE4_39_8),V(NODE4_39_9),V(NODE4_39_10),V(NODE4_39_11),V(NODE4_39_12),V(NODE4_39_13),V(NODE4_39_14),V(NODE4_39_15),V(NODE4_39_16),V(NODE4_39_17),V(NODE4_39_18),V(NODE4_39_19),V(NODE4_39_20),V(NODE4_39_21),V(NODE4_39_22),V(NODE4_39_23),V(NODE4_39_24),V(NODE4_39_25),V(NODE4_39_26),V(NODE4_39_27),V(NODE4_39_28),V(NODE4_39_29),V(NODE4_39_30),V(NODE4_39_31),V(NODE4_39_32),V(NODE4_39_33),V(NODE4_39_34),V(NODE4_39_35),V(NODE4_39_36),V(NODE4_39_37),V(NODE4_39_38),V(NODE4_39_39),V(NODE4_39_40),V(NODE4_39_41),V(NODE4_39_42),V(NODE4_39_43),V(NODE4_39_44),V(NODE4_39_45),V(NODE4_39_46),V(NODE4_39_47),V(NODE4_39_48),V(NODE4_39_49),V(NODE4_39_50),V(NODE4_39_51),V(NODE4_39_52),V(NODE4_39_53),V(NODE4_39_54),V(NODE4_39_55),V(NODE4_39_56),V(NODE4_39_57),V(NODE4_39_58),V(NODE4_39_59),V(NODE4_39_60),V(NODE4_39_61),V(NODE4_39_62),V(NODE4_39_63),V(NODE4_39_64),V(NODE4_39_65),V(NODE4_39_66),V(NODE4_39_67),V(NODE4_39_68),V(NODE4_39_69),V(NODE4_39_70),V(NODE4_39_71),V(NODE4_39_72),V(NODE4_39_73),V(NODE4_39_74),V(NODE4_39_75),V(NODE4_39_76),V(NODE4_39_77),V(NODE4_39_78),V(NODE4_39_79),V(NODE4_39_80),V(NODE4_39_81),V(NODE4_39_82),V(NODE4_39_83),V(NODE4_39_84),V(NODE4_39_85),V(NODE4_39_86),V(NODE4_39_87),V(NODE4_39_88),V(NODE4_39_89),V(NODE4_39_90),V(NODE4_39_91),V(NODE4_39_92),V(NODE4_39_93),V(NODE4_39_94),V(NODE4_39_95),V(NODE4_39_96),V(NODE4_39_97),V(NODE4_39_98),V(NODE4_39_99),V(NODE4_40_0),V(NODE4_40_1),V(NODE4_40_2),V(NODE4_40_3),V(NODE4_40_4),V(NODE4_40_5),V(NODE4_40_6),V(NODE4_40_7),V(NODE4_40_8),V(NODE4_40_9),V(NODE4_40_10),V(NODE4_40_11),V(NODE4_40_12),V(NODE4_40_13),V(NODE4_40_14),V(NODE4_40_15),V(NODE4_40_16),V(NODE4_40_17),V(NODE4_40_18),V(NODE4_40_19),V(NODE4_40_20),V(NODE4_40_21),V(NODE4_40_22),V(NODE4_40_23),V(NODE4_40_24),V(NODE4_40_25),V(NODE4_40_26),V(NODE4_40_27),V(NODE4_40_28),V(NODE4_40_29),V(NODE4_40_30),V(NODE4_40_31),V(NODE4_40_32),V(NODE4_40_33),V(NODE4_40_34),V(NODE4_40_35),V(NODE4_40_36),V(NODE4_40_37),V(NODE4_40_38),V(NODE4_40_39),V(NODE4_40_40),V(NODE4_40_41),V(NODE4_40_42),V(NODE4_40_43),V(NODE4_40_44),V(NODE4_40_45),V(NODE4_40_46),V(NODE4_40_47),V(NODE4_40_48),V(NODE4_40_49),V(NODE4_40_50),V(NODE4_40_51),V(NODE4_40_52),V(NODE4_40_53),V(NODE4_40_54),V(NODE4_40_55),V(NODE4_40_56),V(NODE4_40_57),V(NODE4_40_58),V(NODE4_40_59),V(NODE4_40_60),V(NODE4_40_61),V(NODE4_40_62),V(NODE4_40_63),V(NODE4_40_64),V(NODE4_40_65),V(NODE4_40_66),V(NODE4_40_67),V(NODE4_40_68),V(NODE4_40_69),V(NODE4_40_70),V(NODE4_40_71),V(NODE4_40_72),V(NODE4_40_73),V(NODE4_40_74),V(NODE4_40_75),V(NODE4_40_76),V(NODE4_40_77),V(NODE4_40_78),V(NODE4_40_79),V(NODE4_40_80),V(NODE4_40_81),V(NODE4_40_82),V(NODE4_40_83),V(NODE4_40_84),V(NODE4_40_85),V(NODE4_40_86),V(NODE4_40_87),V(NODE4_40_88),V(NODE4_40_89),V(NODE4_40_90),V(NODE4_40_91),V(NODE4_40_92),V(NODE4_40_93),V(NODE4_40_94),V(NODE4_40_95),V(NODE4_40_96),V(NODE4_40_97),V(NODE4_40_98),V(NODE4_40_99),V(NODE4_41_0),V(NODE4_41_1),V(NODE4_41_2),V(NODE4_41_3),V(NODE4_41_4),V(NODE4_41_5),V(NODE4_41_6),V(NODE4_41_7),V(NODE4_41_8),V(NODE4_41_9),V(NODE4_41_10),V(NODE4_41_11),V(NODE4_41_12),V(NODE4_41_13),V(NODE4_41_14),V(NODE4_41_15),V(NODE4_41_16),V(NODE4_41_17),V(NODE4_41_18),V(NODE4_41_19),V(NODE4_41_20),V(NODE4_41_21),V(NODE4_41_22),V(NODE4_41_23),V(NODE4_41_24),V(NODE4_41_25),V(NODE4_41_26),V(NODE4_41_27),V(NODE4_41_28),V(NODE4_41_29),V(NODE4_41_30),V(NODE4_41_31),V(NODE4_41_32),V(NODE4_41_33),V(NODE4_41_34),V(NODE4_41_35),V(NODE4_41_36),V(NODE4_41_37),V(NODE4_41_38),V(NODE4_41_39),V(NODE4_41_40),V(NODE4_41_41),V(NODE4_41_42),V(NODE4_41_43),V(NODE4_41_44),V(NODE4_41_45),V(NODE4_41_46),V(NODE4_41_47),V(NODE4_41_48),V(NODE4_41_49),V(NODE4_41_50),V(NODE4_41_51),V(NODE4_41_52),V(NODE4_41_53),V(NODE4_41_54),V(NODE4_41_55),V(NODE4_41_56),V(NODE4_41_57),V(NODE4_41_58),V(NODE4_41_59),V(NODE4_41_60),V(NODE4_41_61),V(NODE4_41_62),V(NODE4_41_63),V(NODE4_41_64),V(NODE4_41_65),V(NODE4_41_66),V(NODE4_41_67),V(NODE4_41_68),V(NODE4_41_69),V(NODE4_41_70),V(NODE4_41_71),V(NODE4_41_72),V(NODE4_41_73),V(NODE4_41_74),V(NODE4_41_75),V(NODE4_41_76),V(NODE4_41_77),V(NODE4_41_78),V(NODE4_41_79),V(NODE4_41_80),V(NODE4_41_81),V(NODE4_41_82),V(NODE4_41_83),V(NODE4_41_84),V(NODE4_41_85),V(NODE4_41_86),V(NODE4_41_87),V(NODE4_41_88),V(NODE4_41_89),V(NODE4_41_90),V(NODE4_41_91),V(NODE4_41_92),V(NODE4_41_93),V(NODE4_41_94),V(NODE4_41_95),V(NODE4_41_96),V(NODE4_41_97),V(NODE4_41_98),V(NODE4_41_99),V(NODE4_42_0),V(NODE4_42_1),V(NODE4_42_2),V(NODE4_42_3),V(NODE4_42_4),V(NODE4_42_5),V(NODE4_42_6),V(NODE4_42_7),V(NODE4_42_8),V(NODE4_42_9),V(NODE4_42_10),V(NODE4_42_11),V(NODE4_42_12),V(NODE4_42_13),V(NODE4_42_14),V(NODE4_42_15),V(NODE4_42_16),V(NODE4_42_17),V(NODE4_42_18),V(NODE4_42_19),V(NODE4_42_20),V(NODE4_42_21),V(NODE4_42_22),V(NODE4_42_23),V(NODE4_42_24),V(NODE4_42_25),V(NODE4_42_26),V(NODE4_42_27),V(NODE4_42_28),V(NODE4_42_29),V(NODE4_42_30),V(NODE4_42_31),V(NODE4_42_32),V(NODE4_42_33),V(NODE4_42_34),V(NODE4_42_35),V(NODE4_42_36),V(NODE4_42_37),V(NODE4_42_38),V(NODE4_42_39),V(NODE4_42_40),V(NODE4_42_41),V(NODE4_42_42),V(NODE4_42_43),V(NODE4_42_44),V(NODE4_42_45),V(NODE4_42_46),V(NODE4_42_47),V(NODE4_42_48),V(NODE4_42_49),V(NODE4_42_50),V(NODE4_42_51),V(NODE4_42_52),V(NODE4_42_53),V(NODE4_42_54),V(NODE4_42_55),V(NODE4_42_56),V(NODE4_42_57),V(NODE4_42_58),V(NODE4_42_59),V(NODE4_42_60),V(NODE4_42_61),V(NODE4_42_62),V(NODE4_42_63),V(NODE4_42_64),V(NODE4_42_65),V(NODE4_42_66),V(NODE4_42_67),V(NODE4_42_68),V(NODE4_42_69),V(NODE4_42_70),V(NODE4_42_71),V(NODE4_42_72),V(NODE4_42_73),V(NODE4_42_74),V(NODE4_42_75),V(NODE4_42_76),V(NODE4_42_77),V(NODE4_42_78),V(NODE4_42_79),V(NODE4_42_80),V(NODE4_42_81),V(NODE4_42_82),V(NODE4_42_83),V(NODE4_42_84),V(NODE4_42_85),V(NODE4_42_86),V(NODE4_42_87),V(NODE4_42_88),V(NODE4_42_89),V(NODE4_42_90),V(NODE4_42_91),V(NODE4_42_92),V(NODE4_42_93),V(NODE4_42_94),V(NODE4_42_95),V(NODE4_42_96),V(NODE4_42_97),V(NODE4_42_98),V(NODE4_42_99),V(NODE4_43_0),V(NODE4_43_1),V(NODE4_43_2),V(NODE4_43_3),V(NODE4_43_4),V(NODE4_43_5),V(NODE4_43_6),V(NODE4_43_7),V(NODE4_43_8),V(NODE4_43_9),V(NODE4_43_10),V(NODE4_43_11),V(NODE4_43_12),V(NODE4_43_13),V(NODE4_43_14),V(NODE4_43_15),V(NODE4_43_16),V(NODE4_43_17),V(NODE4_43_18),V(NODE4_43_19),V(NODE4_43_20),V(NODE4_43_21),V(NODE4_43_22),V(NODE4_43_23),V(NODE4_43_24),V(NODE4_43_25),V(NODE4_43_26),V(NODE4_43_27),V(NODE4_43_28),V(NODE4_43_29),V(NODE4_43_30),V(NODE4_43_31),V(NODE4_43_32),V(NODE4_43_33),V(NODE4_43_34),V(NODE4_43_35),V(NODE4_43_36),V(NODE4_43_37),V(NODE4_43_38),V(NODE4_43_39),V(NODE4_43_40),V(NODE4_43_41),V(NODE4_43_42),V(NODE4_43_43),V(NODE4_43_44),V(NODE4_43_45),V(NODE4_43_46),V(NODE4_43_47),V(NODE4_43_48),V(NODE4_43_49),V(NODE4_43_50),V(NODE4_43_51),V(NODE4_43_52),V(NODE4_43_53),V(NODE4_43_54),V(NODE4_43_55),V(NODE4_43_56),V(NODE4_43_57),V(NODE4_43_58),V(NODE4_43_59),V(NODE4_43_60),V(NODE4_43_61),V(NODE4_43_62),V(NODE4_43_63),V(NODE4_43_64),V(NODE4_43_65),V(NODE4_43_66),V(NODE4_43_67),V(NODE4_43_68),V(NODE4_43_69),V(NODE4_43_70),V(NODE4_43_71),V(NODE4_43_72),V(NODE4_43_73),V(NODE4_43_74),V(NODE4_43_75),V(NODE4_43_76),V(NODE4_43_77),V(NODE4_43_78),V(NODE4_43_79),V(NODE4_43_80),V(NODE4_43_81),V(NODE4_43_82),V(NODE4_43_83),V(NODE4_43_84),V(NODE4_43_85),V(NODE4_43_86),V(NODE4_43_87),V(NODE4_43_88),V(NODE4_43_89),V(NODE4_43_90),V(NODE4_43_91),V(NODE4_43_92),V(NODE4_43_93),V(NODE4_43_94),V(NODE4_43_95),V(NODE4_43_96),V(NODE4_43_97),V(NODE4_43_98),V(NODE4_43_99),V(NODE4_44_0),V(NODE4_44_1),V(NODE4_44_2),V(NODE4_44_3),V(NODE4_44_4),V(NODE4_44_5),V(NODE4_44_6),V(NODE4_44_7),V(NODE4_44_8),V(NODE4_44_9),V(NODE4_44_10),V(NODE4_44_11),V(NODE4_44_12),V(NODE4_44_13),V(NODE4_44_14),V(NODE4_44_15),V(NODE4_44_16),V(NODE4_44_17),V(NODE4_44_18),V(NODE4_44_19),V(NODE4_44_20),V(NODE4_44_21),V(NODE4_44_22),V(NODE4_44_23),V(NODE4_44_24),V(NODE4_44_25),V(NODE4_44_26),V(NODE4_44_27),V(NODE4_44_28),V(NODE4_44_29),V(NODE4_44_30),V(NODE4_44_31),V(NODE4_44_32),V(NODE4_44_33),V(NODE4_44_34),V(NODE4_44_35),V(NODE4_44_36),V(NODE4_44_37),V(NODE4_44_38),V(NODE4_44_39),V(NODE4_44_40),V(NODE4_44_41),V(NODE4_44_42),V(NODE4_44_43),V(NODE4_44_44),V(NODE4_44_45),V(NODE4_44_46),V(NODE4_44_47),V(NODE4_44_48),V(NODE4_44_49),V(NODE4_44_50),V(NODE4_44_51),V(NODE4_44_52),V(NODE4_44_53),V(NODE4_44_54),V(NODE4_44_55),V(NODE4_44_56),V(NODE4_44_57),V(NODE4_44_58),V(NODE4_44_59),V(NODE4_44_60),V(NODE4_44_61),V(NODE4_44_62),V(NODE4_44_63),V(NODE4_44_64),V(NODE4_44_65),V(NODE4_44_66),V(NODE4_44_67),V(NODE4_44_68),V(NODE4_44_69),V(NODE4_44_70),V(NODE4_44_71),V(NODE4_44_72),V(NODE4_44_73),V(NODE4_44_74),V(NODE4_44_75),V(NODE4_44_76),V(NODE4_44_77),V(NODE4_44_78),V(NODE4_44_79),V(NODE4_44_80),V(NODE4_44_81),V(NODE4_44_82),V(NODE4_44_83),V(NODE4_44_84),V(NODE4_44_85),V(NODE4_44_86),V(NODE4_44_87),V(NODE4_44_88),V(NODE4_44_89),V(NODE4_44_90),V(NODE4_44_91),V(NODE4_44_92),V(NODE4_44_93),V(NODE4_44_94),V(NODE4_44_95),V(NODE4_44_96),V(NODE4_44_97),V(NODE4_44_98),V(NODE4_44_99),V(NODE4_45_0),V(NODE4_45_1),V(NODE4_45_2),V(NODE4_45_3),V(NODE4_45_4),V(NODE4_45_5),V(NODE4_45_6),V(NODE4_45_7),V(NODE4_45_8),V(NODE4_45_9),V(NODE4_45_10),V(NODE4_45_11),V(NODE4_45_12),V(NODE4_45_13),V(NODE4_45_14),V(NODE4_45_15),V(NODE4_45_16),V(NODE4_45_17),V(NODE4_45_18),V(NODE4_45_19),V(NODE4_45_20),V(NODE4_45_21),V(NODE4_45_22),V(NODE4_45_23),V(NODE4_45_24),V(NODE4_45_25),V(NODE4_45_26),V(NODE4_45_27),V(NODE4_45_28),V(NODE4_45_29),V(NODE4_45_30),V(NODE4_45_31),V(NODE4_45_32),V(NODE4_45_33),V(NODE4_45_34),V(NODE4_45_35),V(NODE4_45_36),V(NODE4_45_37),V(NODE4_45_38),V(NODE4_45_39),V(NODE4_45_40),V(NODE4_45_41),V(NODE4_45_42),V(NODE4_45_43),V(NODE4_45_44),V(NODE4_45_45),V(NODE4_45_46),V(NODE4_45_47),V(NODE4_45_48),V(NODE4_45_49),V(NODE4_45_50),V(NODE4_45_51),V(NODE4_45_52),V(NODE4_45_53),V(NODE4_45_54),V(NODE4_45_55),V(NODE4_45_56),V(NODE4_45_57),V(NODE4_45_58),V(NODE4_45_59),V(NODE4_45_60),V(NODE4_45_61),V(NODE4_45_62),V(NODE4_45_63),V(NODE4_45_64),V(NODE4_45_65),V(NODE4_45_66),V(NODE4_45_67),V(NODE4_45_68),V(NODE4_45_69),V(NODE4_45_70),V(NODE4_45_71),V(NODE4_45_72),V(NODE4_45_73),V(NODE4_45_74),V(NODE4_45_75),V(NODE4_45_76),V(NODE4_45_77),V(NODE4_45_78),V(NODE4_45_79),V(NODE4_45_80),V(NODE4_45_81),V(NODE4_45_82),V(NODE4_45_83),V(NODE4_45_84),V(NODE4_45_85),V(NODE4_45_86),V(NODE4_45_87),V(NODE4_45_88),V(NODE4_45_89),V(NODE4_45_90),V(NODE4_45_91),V(NODE4_45_92),V(NODE4_45_93),V(NODE4_45_94),V(NODE4_45_95),V(NODE4_45_96),V(NODE4_45_97),V(NODE4_45_98),V(NODE4_45_99),V(NODE4_46_0),V(NODE4_46_1),V(NODE4_46_2),V(NODE4_46_3),V(NODE4_46_4),V(NODE4_46_5),V(NODE4_46_6),V(NODE4_46_7),V(NODE4_46_8),V(NODE4_46_9),V(NODE4_46_10),V(NODE4_46_11),V(NODE4_46_12),V(NODE4_46_13),V(NODE4_46_14),V(NODE4_46_15),V(NODE4_46_16),V(NODE4_46_17),V(NODE4_46_18),V(NODE4_46_19),V(NODE4_46_20),V(NODE4_46_21),V(NODE4_46_22),V(NODE4_46_23),V(NODE4_46_24),V(NODE4_46_25),V(NODE4_46_26),V(NODE4_46_27),V(NODE4_46_28),V(NODE4_46_29),V(NODE4_46_30),V(NODE4_46_31),V(NODE4_46_32),V(NODE4_46_33),V(NODE4_46_34),V(NODE4_46_35),V(NODE4_46_36),V(NODE4_46_37),V(NODE4_46_38),V(NODE4_46_39),V(NODE4_46_40),V(NODE4_46_41),V(NODE4_46_42),V(NODE4_46_43),V(NODE4_46_44),V(NODE4_46_45),V(NODE4_46_46),V(NODE4_46_47),V(NODE4_46_48),V(NODE4_46_49),V(NODE4_46_50),V(NODE4_46_51),V(NODE4_46_52),V(NODE4_46_53),V(NODE4_46_54),V(NODE4_46_55),V(NODE4_46_56),V(NODE4_46_57),V(NODE4_46_58),V(NODE4_46_59),V(NODE4_46_60),V(NODE4_46_61),V(NODE4_46_62),V(NODE4_46_63),V(NODE4_46_64),V(NODE4_46_65),V(NODE4_46_66),V(NODE4_46_67),V(NODE4_46_68),V(NODE4_46_69),V(NODE4_46_70),V(NODE4_46_71),V(NODE4_46_72),V(NODE4_46_73),V(NODE4_46_74),V(NODE4_46_75),V(NODE4_46_76),V(NODE4_46_77),V(NODE4_46_78),V(NODE4_46_79),V(NODE4_46_80),V(NODE4_46_81),V(NODE4_46_82),V(NODE4_46_83),V(NODE4_46_84),V(NODE4_46_85),V(NODE4_46_86),V(NODE4_46_87),V(NODE4_46_88),V(NODE4_46_89),V(NODE4_46_90),V(NODE4_46_91),V(NODE4_46_92),V(NODE4_46_93),V(NODE4_46_94),V(NODE4_46_95),V(NODE4_46_96),V(NODE4_46_97),V(NODE4_46_98),V(NODE4_46_99),V(NODE4_47_0),V(NODE4_47_1),V(NODE4_47_2),V(NODE4_47_3),V(NODE4_47_4),V(NODE4_47_5),V(NODE4_47_6),V(NODE4_47_7),V(NODE4_47_8),V(NODE4_47_9),V(NODE4_47_10),V(NODE4_47_11),V(NODE4_47_12),V(NODE4_47_13),V(NODE4_47_14),V(NODE4_47_15),V(NODE4_47_16),V(NODE4_47_17),V(NODE4_47_18),V(NODE4_47_19),V(NODE4_47_20),V(NODE4_47_21),V(NODE4_47_22),V(NODE4_47_23),V(NODE4_47_24),V(NODE4_47_25),V(NODE4_47_26),V(NODE4_47_27),V(NODE4_47_28),V(NODE4_47_29),V(NODE4_47_30),V(NODE4_47_31),V(NODE4_47_32),V(NODE4_47_33),V(NODE4_47_34),V(NODE4_47_35),V(NODE4_47_36),V(NODE4_47_37),V(NODE4_47_38),V(NODE4_47_39),V(NODE4_47_40),V(NODE4_47_41),V(NODE4_47_42),V(NODE4_47_43),V(NODE4_47_44),V(NODE4_47_45),V(NODE4_47_46),V(NODE4_47_47),V(NODE4_47_48),V(NODE4_47_49),V(NODE4_47_50),V(NODE4_47_51),V(NODE4_47_52),V(NODE4_47_53),V(NODE4_47_54),V(NODE4_47_55),V(NODE4_47_56),V(NODE4_47_57),V(NODE4_47_58),V(NODE4_47_59),V(NODE4_47_60),V(NODE4_47_61),V(NODE4_47_62),V(NODE4_47_63),V(NODE4_47_64),V(NODE4_47_65),V(NODE4_47_66),V(NODE4_47_67),V(NODE4_47_68),V(NODE4_47_69),V(NODE4_47_70),V(NODE4_47_71),V(NODE4_47_72),V(NODE4_47_73),V(NODE4_47_74),V(NODE4_47_75),V(NODE4_47_76),V(NODE4_47_77),V(NODE4_47_78),V(NODE4_47_79),V(NODE4_47_80),V(NODE4_47_81),V(NODE4_47_82),V(NODE4_47_83),V(NODE4_47_84),V(NODE4_47_85),V(NODE4_47_86),V(NODE4_47_87),V(NODE4_47_88),V(NODE4_47_89),V(NODE4_47_90),V(NODE4_47_91),V(NODE4_47_92),V(NODE4_47_93),V(NODE4_47_94),V(NODE4_47_95),V(NODE4_47_96),V(NODE4_47_97),V(NODE4_47_98),V(NODE4_47_99),V(NODE4_48_0),V(NODE4_48_1),V(NODE4_48_2),V(NODE4_48_3),V(NODE4_48_4),V(NODE4_48_5),V(NODE4_48_6),V(NODE4_48_7),V(NODE4_48_8),V(NODE4_48_9),V(NODE4_48_10),V(NODE4_48_11),V(NODE4_48_12),V(NODE4_48_13),V(NODE4_48_14),V(NODE4_48_15),V(NODE4_48_16),V(NODE4_48_17),V(NODE4_48_18),V(NODE4_48_19),V(NODE4_48_20),V(NODE4_48_21),V(NODE4_48_22),V(NODE4_48_23),V(NODE4_48_24),V(NODE4_48_25),V(NODE4_48_26),V(NODE4_48_27),V(NODE4_48_28),V(NODE4_48_29),V(NODE4_48_30),V(NODE4_48_31),V(NODE4_48_32),V(NODE4_48_33),V(NODE4_48_34),V(NODE4_48_35),V(NODE4_48_36),V(NODE4_48_37),V(NODE4_48_38),V(NODE4_48_39),V(NODE4_48_40),V(NODE4_48_41),V(NODE4_48_42),V(NODE4_48_43),V(NODE4_48_44),V(NODE4_48_45),V(NODE4_48_46),V(NODE4_48_47),V(NODE4_48_48),V(NODE4_48_49),V(NODE4_48_50),V(NODE4_48_51),V(NODE4_48_52),V(NODE4_48_53),V(NODE4_48_54),V(NODE4_48_55),V(NODE4_48_56),V(NODE4_48_57),V(NODE4_48_58),V(NODE4_48_59),V(NODE4_48_60),V(NODE4_48_61),V(NODE4_48_62),V(NODE4_48_63),V(NODE4_48_64),V(NODE4_48_65),V(NODE4_48_66),V(NODE4_48_67),V(NODE4_48_68),V(NODE4_48_69),V(NODE4_48_70),V(NODE4_48_71),V(NODE4_48_72),V(NODE4_48_73),V(NODE4_48_74),V(NODE4_48_75),V(NODE4_48_76),V(NODE4_48_77),V(NODE4_48_78),V(NODE4_48_79),V(NODE4_48_80),V(NODE4_48_81),V(NODE4_48_82),V(NODE4_48_83),V(NODE4_48_84),V(NODE4_48_85),V(NODE4_48_86),V(NODE4_48_87),V(NODE4_48_88),V(NODE4_48_89),V(NODE4_48_90),V(NODE4_48_91),V(NODE4_48_92),V(NODE4_48_93),V(NODE4_48_94),V(NODE4_48_95),V(NODE4_48_96),V(NODE4_48_97),V(NODE4_48_98),V(NODE4_48_99),V(NODE4_49_0),V(NODE4_49_1),V(NODE4_49_2),V(NODE4_49_3),V(NODE4_49_4),V(NODE4_49_5),V(NODE4_49_6),V(NODE4_49_7),V(NODE4_49_8),V(NODE4_49_9),V(NODE4_49_10),V(NODE4_49_11),V(NODE4_49_12),V(NODE4_49_13),V(NODE4_49_14),V(NODE4_49_15),V(NODE4_49_16),V(NODE4_49_17),V(NODE4_49_18),V(NODE4_49_19),V(NODE4_49_20),V(NODE4_49_21),V(NODE4_49_22),V(NODE4_49_23),V(NODE4_49_24),V(NODE4_49_25),V(NODE4_49_26),V(NODE4_49_27),V(NODE4_49_28),V(NODE4_49_29),V(NODE4_49_30),V(NODE4_49_31),V(NODE4_49_32),V(NODE4_49_33),V(NODE4_49_34),V(NODE4_49_35),V(NODE4_49_36),V(NODE4_49_37),V(NODE4_49_38),V(NODE4_49_39),V(NODE4_49_40),V(NODE4_49_41),V(NODE4_49_42),V(NODE4_49_43),V(NODE4_49_44),V(NODE4_49_45),V(NODE4_49_46),V(NODE4_49_47),V(NODE4_49_48),V(NODE4_49_49),V(NODE4_49_50),V(NODE4_49_51),V(NODE4_49_52),V(NODE4_49_53),V(NODE4_49_54),V(NODE4_49_55),V(NODE4_49_56),V(NODE4_49_57),V(NODE4_49_58),V(NODE4_49_59),V(NODE4_49_60),V(NODE4_49_61),V(NODE4_49_62),V(NODE4_49_63),V(NODE4_49_64),V(NODE4_49_65),V(NODE4_49_66),V(NODE4_49_67),V(NODE4_49_68),V(NODE4_49_69),V(NODE4_49_70),V(NODE4_49_71),V(NODE4_49_72),V(NODE4_49_73),V(NODE4_49_74),V(NODE4_49_75),V(NODE4_49_76),V(NODE4_49_77),V(NODE4_49_78),V(NODE4_49_79),V(NODE4_49_80),V(NODE4_49_81),V(NODE4_49_82),V(NODE4_49_83),V(NODE4_49_84),V(NODE4_49_85),V(NODE4_49_86),V(NODE4_49_87),V(NODE4_49_88),V(NODE4_49_89),V(NODE4_49_90),V(NODE4_49_91),V(NODE4_49_92),V(NODE4_49_93),V(NODE4_49_94),V(NODE4_49_95),V(NODE4_49_96),V(NODE4_49_97),V(NODE4_49_98),V(NODE4_49_99),V(NODE4_50_0),V(NODE4_50_1),V(NODE4_50_2),V(NODE4_50_3),V(NODE4_50_4),V(NODE4_50_5),V(NODE4_50_6),V(NODE4_50_7),V(NODE4_50_8),V(NODE4_50_9),V(NODE4_50_10),V(NODE4_50_11),V(NODE4_50_12),V(NODE4_50_13),V(NODE4_50_14),V(NODE4_50_15),V(NODE4_50_16),V(NODE4_50_17),V(NODE4_50_18),V(NODE4_50_19),V(NODE4_50_20),V(NODE4_50_21),V(NODE4_50_22),V(NODE4_50_23),V(NODE4_50_24),V(NODE4_50_25),V(NODE4_50_26),V(NODE4_50_27),V(NODE4_50_28),V(NODE4_50_29),V(NODE4_50_30),V(NODE4_50_31),V(NODE4_50_32),V(NODE4_50_33),V(NODE4_50_34),V(NODE4_50_35),V(NODE4_50_36),V(NODE4_50_37),V(NODE4_50_38),V(NODE4_50_39),V(NODE4_50_40),V(NODE4_50_41),V(NODE4_50_42),V(NODE4_50_43),V(NODE4_50_44),V(NODE4_50_45),V(NODE4_50_46),V(NODE4_50_47),V(NODE4_50_48),V(NODE4_50_49),V(NODE4_50_50),V(NODE4_50_51),V(NODE4_50_52),V(NODE4_50_53),V(NODE4_50_54),V(NODE4_50_55),V(NODE4_50_56),V(NODE4_50_57),V(NODE4_50_58),V(NODE4_50_59),V(NODE4_50_60),V(NODE4_50_61),V(NODE4_50_62),V(NODE4_50_63),V(NODE4_50_64),V(NODE4_50_65),V(NODE4_50_66),V(NODE4_50_67),V(NODE4_50_68),V(NODE4_50_69),V(NODE4_50_70),V(NODE4_50_71),V(NODE4_50_72),V(NODE4_50_73),V(NODE4_50_74),V(NODE4_50_75),V(NODE4_50_76),V(NODE4_50_77),V(NODE4_50_78),V(NODE4_50_79),V(NODE4_50_80),V(NODE4_50_81),V(NODE4_50_82),V(NODE4_50_83),V(NODE4_50_84),V(NODE4_50_85),V(NODE4_50_86),V(NODE4_50_87),V(NODE4_50_88),V(NODE4_50_89),V(NODE4_50_90),V(NODE4_50_91),V(NODE4_50_92),V(NODE4_50_93),V(NODE4_50_94),V(NODE4_50_95),V(NODE4_50_96),V(NODE4_50_97),V(NODE4_50_98),V(NODE4_50_99),V(NODE4_51_0),V(NODE4_51_1),V(NODE4_51_2),V(NODE4_51_3),V(NODE4_51_4),V(NODE4_51_5),V(NODE4_51_6),V(NODE4_51_7),V(NODE4_51_8),V(NODE4_51_9),V(NODE4_51_10),V(NODE4_51_11),V(NODE4_51_12),V(NODE4_51_13),V(NODE4_51_14),V(NODE4_51_15),V(NODE4_51_16),V(NODE4_51_17),V(NODE4_51_18),V(NODE4_51_19),V(NODE4_51_20),V(NODE4_51_21),V(NODE4_51_22),V(NODE4_51_23),V(NODE4_51_24),V(NODE4_51_25),V(NODE4_51_26),V(NODE4_51_27),V(NODE4_51_28),V(NODE4_51_29),V(NODE4_51_30),V(NODE4_51_31),V(NODE4_51_32),V(NODE4_51_33),V(NODE4_51_34),V(NODE4_51_35),V(NODE4_51_36),V(NODE4_51_37),V(NODE4_51_38),V(NODE4_51_39),V(NODE4_51_40),V(NODE4_51_41),V(NODE4_51_42),V(NODE4_51_43),V(NODE4_51_44),V(NODE4_51_45),V(NODE4_51_46),V(NODE4_51_47),V(NODE4_51_48),V(NODE4_51_49),V(NODE4_51_50),V(NODE4_51_51),V(NODE4_51_52),V(NODE4_51_53),V(NODE4_51_54),V(NODE4_51_55),V(NODE4_51_56),V(NODE4_51_57),V(NODE4_51_58),V(NODE4_51_59),V(NODE4_51_60),V(NODE4_51_61),V(NODE4_51_62),V(NODE4_51_63),V(NODE4_51_64),V(NODE4_51_65),V(NODE4_51_66),V(NODE4_51_67),V(NODE4_51_68),V(NODE4_51_69),V(NODE4_51_70),V(NODE4_51_71),V(NODE4_51_72),V(NODE4_51_73),V(NODE4_51_74),V(NODE4_51_75),V(NODE4_51_76),V(NODE4_51_77),V(NODE4_51_78),V(NODE4_51_79),V(NODE4_51_80),V(NODE4_51_81),V(NODE4_51_82),V(NODE4_51_83),V(NODE4_51_84),V(NODE4_51_85),V(NODE4_51_86),V(NODE4_51_87),V(NODE4_51_88),V(NODE4_51_89),V(NODE4_51_90),V(NODE4_51_91),V(NODE4_51_92),V(NODE4_51_93),V(NODE4_51_94),V(NODE4_51_95),V(NODE4_51_96),V(NODE4_51_97),V(NODE4_51_98),V(NODE4_51_99),V(NODE4_52_0),V(NODE4_52_1),V(NODE4_52_2),V(NODE4_52_3),V(NODE4_52_4),V(NODE4_52_5),V(NODE4_52_6),V(NODE4_52_7),V(NODE4_52_8),V(NODE4_52_9),V(NODE4_52_10),V(NODE4_52_11),V(NODE4_52_12),V(NODE4_52_13),V(NODE4_52_14),V(NODE4_52_15),V(NODE4_52_16),V(NODE4_52_17),V(NODE4_52_18),V(NODE4_52_19),V(NODE4_52_20),V(NODE4_52_21),V(NODE4_52_22),V(NODE4_52_23),V(NODE4_52_24),V(NODE4_52_25),V(NODE4_52_26),V(NODE4_52_27),V(NODE4_52_28),V(NODE4_52_29),V(NODE4_52_30),V(NODE4_52_31),V(NODE4_52_32),V(NODE4_52_33),V(NODE4_52_34),V(NODE4_52_35),V(NODE4_52_36),V(NODE4_52_37),V(NODE4_52_38),V(NODE4_52_39),V(NODE4_52_40),V(NODE4_52_41),V(NODE4_52_42),V(NODE4_52_43),V(NODE4_52_44),V(NODE4_52_45),V(NODE4_52_46),V(NODE4_52_47),V(NODE4_52_48),V(NODE4_52_49),V(NODE4_52_50),V(NODE4_52_51),V(NODE4_52_52),V(NODE4_52_53),V(NODE4_52_54),V(NODE4_52_55),V(NODE4_52_56),V(NODE4_52_57),V(NODE4_52_58),V(NODE4_52_59),V(NODE4_52_60),V(NODE4_52_61),V(NODE4_52_62),V(NODE4_52_63),V(NODE4_52_64),V(NODE4_52_65),V(NODE4_52_66),V(NODE4_52_67),V(NODE4_52_68),V(NODE4_52_69),V(NODE4_52_70),V(NODE4_52_71),V(NODE4_52_72),V(NODE4_52_73),V(NODE4_52_74),V(NODE4_52_75),V(NODE4_52_76),V(NODE4_52_77),V(NODE4_52_78),V(NODE4_52_79),V(NODE4_52_80),V(NODE4_52_81),V(NODE4_52_82),V(NODE4_52_83),V(NODE4_52_84),V(NODE4_52_85),V(NODE4_52_86),V(NODE4_52_87),V(NODE4_52_88),V(NODE4_52_89),V(NODE4_52_90),V(NODE4_52_91),V(NODE4_52_92),V(NODE4_52_93),V(NODE4_52_94),V(NODE4_52_95),V(NODE4_52_96),V(NODE4_52_97),V(NODE4_52_98),V(NODE4_52_99),V(NODE4_53_0),V(NODE4_53_1),V(NODE4_53_2),V(NODE4_53_3),V(NODE4_53_4),V(NODE4_53_5),V(NODE4_53_6),V(NODE4_53_7),V(NODE4_53_8),V(NODE4_53_9),V(NODE4_53_10),V(NODE4_53_11),V(NODE4_53_12),V(NODE4_53_13),V(NODE4_53_14),V(NODE4_53_15),V(NODE4_53_16),V(NODE4_53_17),V(NODE4_53_18),V(NODE4_53_19),V(NODE4_53_20),V(NODE4_53_21),V(NODE4_53_22),V(NODE4_53_23),V(NODE4_53_24),V(NODE4_53_25),V(NODE4_53_26),V(NODE4_53_27),V(NODE4_53_28),V(NODE4_53_29),V(NODE4_53_30),V(NODE4_53_31),V(NODE4_53_32),V(NODE4_53_33),V(NODE4_53_34),V(NODE4_53_35),V(NODE4_53_36),V(NODE4_53_37),V(NODE4_53_38),V(NODE4_53_39),V(NODE4_53_40),V(NODE4_53_41),V(NODE4_53_42),V(NODE4_53_43),V(NODE4_53_44),V(NODE4_53_45),V(NODE4_53_46),V(NODE4_53_47),V(NODE4_53_48),V(NODE4_53_49),V(NODE4_53_50),V(NODE4_53_51),V(NODE4_53_52),V(NODE4_53_53),V(NODE4_53_54),V(NODE4_53_55),V(NODE4_53_56),V(NODE4_53_57),V(NODE4_53_58),V(NODE4_53_59),V(NODE4_53_60),V(NODE4_53_61),V(NODE4_53_62),V(NODE4_53_63),V(NODE4_53_64),V(NODE4_53_65),V(NODE4_53_66),V(NODE4_53_67),V(NODE4_53_68),V(NODE4_53_69),V(NODE4_53_70),V(NODE4_53_71),V(NODE4_53_72),V(NODE4_53_73),V(NODE4_53_74),V(NODE4_53_75),V(NODE4_53_76),V(NODE4_53_77),V(NODE4_53_78),V(NODE4_53_79),V(NODE4_53_80),V(NODE4_53_81),V(NODE4_53_82),V(NODE4_53_83),V(NODE4_53_84),V(NODE4_53_85),V(NODE4_53_86),V(NODE4_53_87),V(NODE4_53_88),V(NODE4_53_89),V(NODE4_53_90),V(NODE4_53_91),V(NODE4_53_92),V(NODE4_53_93),V(NODE4_53_94),V(NODE4_53_95),V(NODE4_53_96),V(NODE4_53_97),V(NODE4_53_98),V(NODE4_53_99),V(NODE4_54_0),V(NODE4_54_1),V(NODE4_54_2),V(NODE4_54_3),V(NODE4_54_4),V(NODE4_54_5),V(NODE4_54_6),V(NODE4_54_7),V(NODE4_54_8),V(NODE4_54_9),V(NODE4_54_10),V(NODE4_54_11),V(NODE4_54_12),V(NODE4_54_13),V(NODE4_54_14),V(NODE4_54_15),V(NODE4_54_16),V(NODE4_54_17),V(NODE4_54_18),V(NODE4_54_19),V(NODE4_54_20),V(NODE4_54_21),V(NODE4_54_22),V(NODE4_54_23),V(NODE4_54_24),V(NODE4_54_25),V(NODE4_54_26),V(NODE4_54_27),V(NODE4_54_28),V(NODE4_54_29),V(NODE4_54_30),V(NODE4_54_31),V(NODE4_54_32),V(NODE4_54_33),V(NODE4_54_34),V(NODE4_54_35),V(NODE4_54_36),V(NODE4_54_37),V(NODE4_54_38),V(NODE4_54_39),V(NODE4_54_40),V(NODE4_54_41),V(NODE4_54_42),V(NODE4_54_43),V(NODE4_54_44),V(NODE4_54_45),V(NODE4_54_46),V(NODE4_54_47),V(NODE4_54_48),V(NODE4_54_49),V(NODE4_54_50),V(NODE4_54_51),V(NODE4_54_52),V(NODE4_54_53),V(NODE4_54_54),V(NODE4_54_55),V(NODE4_54_56),V(NODE4_54_57),V(NODE4_54_58),V(NODE4_54_59),V(NODE4_54_60),V(NODE4_54_61),V(NODE4_54_62),V(NODE4_54_63),V(NODE4_54_64),V(NODE4_54_65),V(NODE4_54_66),V(NODE4_54_67),V(NODE4_54_68),V(NODE4_54_69),V(NODE4_54_70),V(NODE4_54_71),V(NODE4_54_72),V(NODE4_54_73),V(NODE4_54_74),V(NODE4_54_75),V(NODE4_54_76),V(NODE4_54_77),V(NODE4_54_78),V(NODE4_54_79),V(NODE4_54_80),V(NODE4_54_81),V(NODE4_54_82),V(NODE4_54_83),V(NODE4_54_84),V(NODE4_54_85),V(NODE4_54_86),V(NODE4_54_87),V(NODE4_54_88),V(NODE4_54_89),V(NODE4_54_90),V(NODE4_54_91),V(NODE4_54_92),V(NODE4_54_93),V(NODE4_54_94),V(NODE4_54_95),V(NODE4_54_96),V(NODE4_54_97),V(NODE4_54_98),V(NODE4_54_99),V(NODE4_55_0),V(NODE4_55_1),V(NODE4_55_2),V(NODE4_55_3),V(NODE4_55_4),V(NODE4_55_5),V(NODE4_55_6),V(NODE4_55_7),V(NODE4_55_8),V(NODE4_55_9),V(NODE4_55_10),V(NODE4_55_11),V(NODE4_55_12),V(NODE4_55_13),V(NODE4_55_14),V(NODE4_55_15),V(NODE4_55_16),V(NODE4_55_17),V(NODE4_55_18),V(NODE4_55_19),V(NODE4_55_20),V(NODE4_55_21),V(NODE4_55_22),V(NODE4_55_23),V(NODE4_55_24),V(NODE4_55_25),V(NODE4_55_26),V(NODE4_55_27),V(NODE4_55_28),V(NODE4_55_29),V(NODE4_55_30),V(NODE4_55_31),V(NODE4_55_32),V(NODE4_55_33),V(NODE4_55_34),V(NODE4_55_35),V(NODE4_55_36),V(NODE4_55_37),V(NODE4_55_38),V(NODE4_55_39),V(NODE4_55_40),V(NODE4_55_41),V(NODE4_55_42),V(NODE4_55_43),V(NODE4_55_44),V(NODE4_55_45),V(NODE4_55_46),V(NODE4_55_47),V(NODE4_55_48),V(NODE4_55_49),V(NODE4_55_50),V(NODE4_55_51),V(NODE4_55_52),V(NODE4_55_53),V(NODE4_55_54),V(NODE4_55_55),V(NODE4_55_56),V(NODE4_55_57),V(NODE4_55_58),V(NODE4_55_59),V(NODE4_55_60),V(NODE4_55_61),V(NODE4_55_62),V(NODE4_55_63),V(NODE4_55_64),V(NODE4_55_65),V(NODE4_55_66),V(NODE4_55_67),V(NODE4_55_68),V(NODE4_55_69),V(NODE4_55_70),V(NODE4_55_71),V(NODE4_55_72),V(NODE4_55_73),V(NODE4_55_74),V(NODE4_55_75),V(NODE4_55_76),V(NODE4_55_77),V(NODE4_55_78),V(NODE4_55_79),V(NODE4_55_80),V(NODE4_55_81),V(NODE4_55_82),V(NODE4_55_83),V(NODE4_55_84),V(NODE4_55_85),V(NODE4_55_86),V(NODE4_55_87),V(NODE4_55_88),V(NODE4_55_89),V(NODE4_55_90),V(NODE4_55_91),V(NODE4_55_92),V(NODE4_55_93),V(NODE4_55_94),V(NODE4_55_95),V(NODE4_55_96),V(NODE4_55_97),V(NODE4_55_98),V(NODE4_55_99),V(NODE4_56_0),V(NODE4_56_1),V(NODE4_56_2),V(NODE4_56_3),V(NODE4_56_4),V(NODE4_56_5),V(NODE4_56_6),V(NODE4_56_7),V(NODE4_56_8),V(NODE4_56_9),V(NODE4_56_10),V(NODE4_56_11),V(NODE4_56_12),V(NODE4_56_13),V(NODE4_56_14),V(NODE4_56_15),V(NODE4_56_16),V(NODE4_56_17),V(NODE4_56_18),V(NODE4_56_19),V(NODE4_56_20),V(NODE4_56_21),V(NODE4_56_22),V(NODE4_56_23),V(NODE4_56_24),V(NODE4_56_25),V(NODE4_56_26),V(NODE4_56_27),V(NODE4_56_28),V(NODE4_56_29),V(NODE4_56_30),V(NODE4_56_31),V(NODE4_56_32),V(NODE4_56_33),V(NODE4_56_34),V(NODE4_56_35),V(NODE4_56_36),V(NODE4_56_37),V(NODE4_56_38),V(NODE4_56_39),V(NODE4_56_40),V(NODE4_56_41),V(NODE4_56_42),V(NODE4_56_43),V(NODE4_56_44),V(NODE4_56_45),V(NODE4_56_46),V(NODE4_56_47),V(NODE4_56_48),V(NODE4_56_49),V(NODE4_56_50),V(NODE4_56_51),V(NODE4_56_52),V(NODE4_56_53),V(NODE4_56_54),V(NODE4_56_55),V(NODE4_56_56),V(NODE4_56_57),V(NODE4_56_58),V(NODE4_56_59),V(NODE4_56_60),V(NODE4_56_61),V(NODE4_56_62),V(NODE4_56_63),V(NODE4_56_64),V(NODE4_56_65),V(NODE4_56_66),V(NODE4_56_67),V(NODE4_56_68),V(NODE4_56_69),V(NODE4_56_70),V(NODE4_56_71),V(NODE4_56_72),V(NODE4_56_73),V(NODE4_56_74),V(NODE4_56_75),V(NODE4_56_76),V(NODE4_56_77),V(NODE4_56_78),V(NODE4_56_79),V(NODE4_56_80),V(NODE4_56_81),V(NODE4_56_82),V(NODE4_56_83),V(NODE4_56_84),V(NODE4_56_85),V(NODE4_56_86),V(NODE4_56_87),V(NODE4_56_88),V(NODE4_56_89),V(NODE4_56_90),V(NODE4_56_91),V(NODE4_56_92),V(NODE4_56_93),V(NODE4_56_94),V(NODE4_56_95),V(NODE4_56_96),V(NODE4_56_97),V(NODE4_56_98),V(NODE4_56_99),V(NODE4_57_0),V(NODE4_57_1),V(NODE4_57_2),V(NODE4_57_3),V(NODE4_57_4),V(NODE4_57_5),V(NODE4_57_6),V(NODE4_57_7),V(NODE4_57_8),V(NODE4_57_9),V(NODE4_57_10),V(NODE4_57_11),V(NODE4_57_12),V(NODE4_57_13),V(NODE4_57_14),V(NODE4_57_15),V(NODE4_57_16),V(NODE4_57_17),V(NODE4_57_18),V(NODE4_57_19),V(NODE4_57_20),V(NODE4_57_21),V(NODE4_57_22),V(NODE4_57_23),V(NODE4_57_24),V(NODE4_57_25),V(NODE4_57_26),V(NODE4_57_27),V(NODE4_57_28),V(NODE4_57_29),V(NODE4_57_30),V(NODE4_57_31),V(NODE4_57_32),V(NODE4_57_33),V(NODE4_57_34),V(NODE4_57_35),V(NODE4_57_36),V(NODE4_57_37),V(NODE4_57_38),V(NODE4_57_39),V(NODE4_57_40),V(NODE4_57_41),V(NODE4_57_42),V(NODE4_57_43),V(NODE4_57_44),V(NODE4_57_45),V(NODE4_57_46),V(NODE4_57_47),V(NODE4_57_48),V(NODE4_57_49),V(NODE4_57_50),V(NODE4_57_51),V(NODE4_57_52),V(NODE4_57_53),V(NODE4_57_54),V(NODE4_57_55),V(NODE4_57_56),V(NODE4_57_57),V(NODE4_57_58),V(NODE4_57_59),V(NODE4_57_60),V(NODE4_57_61),V(NODE4_57_62),V(NODE4_57_63),V(NODE4_57_64),V(NODE4_57_65),V(NODE4_57_66),V(NODE4_57_67),V(NODE4_57_68),V(NODE4_57_69),V(NODE4_57_70),V(NODE4_57_71),V(NODE4_57_72),V(NODE4_57_73),V(NODE4_57_74),V(NODE4_57_75),V(NODE4_57_76),V(NODE4_57_77),V(NODE4_57_78),V(NODE4_57_79),V(NODE4_57_80),V(NODE4_57_81),V(NODE4_57_82),V(NODE4_57_83),V(NODE4_57_84),V(NODE4_57_85),V(NODE4_57_86),V(NODE4_57_87),V(NODE4_57_88),V(NODE4_57_89),V(NODE4_57_90),V(NODE4_57_91),V(NODE4_57_92),V(NODE4_57_93),V(NODE4_57_94),V(NODE4_57_95),V(NODE4_57_96),V(NODE4_57_97),V(NODE4_57_98),V(NODE4_57_99),V(NODE4_58_0),V(NODE4_58_1),V(NODE4_58_2),V(NODE4_58_3),V(NODE4_58_4),V(NODE4_58_5),V(NODE4_58_6),V(NODE4_58_7),V(NODE4_58_8),V(NODE4_58_9),V(NODE4_58_10),V(NODE4_58_11),V(NODE4_58_12),V(NODE4_58_13),V(NODE4_58_14),V(NODE4_58_15),V(NODE4_58_16),V(NODE4_58_17),V(NODE4_58_18),V(NODE4_58_19),V(NODE4_58_20),V(NODE4_58_21),V(NODE4_58_22),V(NODE4_58_23),V(NODE4_58_24),V(NODE4_58_25),V(NODE4_58_26),V(NODE4_58_27),V(NODE4_58_28),V(NODE4_58_29),V(NODE4_58_30),V(NODE4_58_31),V(NODE4_58_32),V(NODE4_58_33),V(NODE4_58_34),V(NODE4_58_35),V(NODE4_58_36),V(NODE4_58_37),V(NODE4_58_38),V(NODE4_58_39),V(NODE4_58_40),V(NODE4_58_41),V(NODE4_58_42),V(NODE4_58_43),V(NODE4_58_44),V(NODE4_58_45),V(NODE4_58_46),V(NODE4_58_47),V(NODE4_58_48),V(NODE4_58_49),V(NODE4_58_50),V(NODE4_58_51),V(NODE4_58_52),V(NODE4_58_53),V(NODE4_58_54),V(NODE4_58_55),V(NODE4_58_56),V(NODE4_58_57),V(NODE4_58_58),V(NODE4_58_59),V(NODE4_58_60),V(NODE4_58_61),V(NODE4_58_62),V(NODE4_58_63),V(NODE4_58_64),V(NODE4_58_65),V(NODE4_58_66),V(NODE4_58_67),V(NODE4_58_68),V(NODE4_58_69),V(NODE4_58_70),V(NODE4_58_71),V(NODE4_58_72),V(NODE4_58_73),V(NODE4_58_74),V(NODE4_58_75),V(NODE4_58_76),V(NODE4_58_77),V(NODE4_58_78),V(NODE4_58_79),V(NODE4_58_80),V(NODE4_58_81),V(NODE4_58_82),V(NODE4_58_83),V(NODE4_58_84),V(NODE4_58_85),V(NODE4_58_86),V(NODE4_58_87),V(NODE4_58_88),V(NODE4_58_89),V(NODE4_58_90),V(NODE4_58_91),V(NODE4_58_92),V(NODE4_58_93),V(NODE4_58_94),V(NODE4_58_95),V(NODE4_58_96),V(NODE4_58_97),V(NODE4_58_98),V(NODE4_58_99),V(NODE4_59_0),V(NODE4_59_1),V(NODE4_59_2),V(NODE4_59_3),V(NODE4_59_4),V(NODE4_59_5),V(NODE4_59_6),V(NODE4_59_7),V(NODE4_59_8),V(NODE4_59_9),V(NODE4_59_10),V(NODE4_59_11),V(NODE4_59_12),V(NODE4_59_13),V(NODE4_59_14),V(NODE4_59_15),V(NODE4_59_16),V(NODE4_59_17),V(NODE4_59_18),V(NODE4_59_19),V(NODE4_59_20),V(NODE4_59_21),V(NODE4_59_22),V(NODE4_59_23),V(NODE4_59_24),V(NODE4_59_25),V(NODE4_59_26),V(NODE4_59_27),V(NODE4_59_28),V(NODE4_59_29),V(NODE4_59_30),V(NODE4_59_31),V(NODE4_59_32),V(NODE4_59_33),V(NODE4_59_34),V(NODE4_59_35),V(NODE4_59_36),V(NODE4_59_37),V(NODE4_59_38),V(NODE4_59_39),V(NODE4_59_40),V(NODE4_59_41),V(NODE4_59_42),V(NODE4_59_43),V(NODE4_59_44),V(NODE4_59_45),V(NODE4_59_46),V(NODE4_59_47),V(NODE4_59_48),V(NODE4_59_49),V(NODE4_59_50),V(NODE4_59_51),V(NODE4_59_52),V(NODE4_59_53),V(NODE4_59_54),V(NODE4_59_55),V(NODE4_59_56),V(NODE4_59_57),V(NODE4_59_58),V(NODE4_59_59),V(NODE4_59_60),V(NODE4_59_61),V(NODE4_59_62),V(NODE4_59_63),V(NODE4_59_64),V(NODE4_59_65),V(NODE4_59_66),V(NODE4_59_67),V(NODE4_59_68),V(NODE4_59_69),V(NODE4_59_70),V(NODE4_59_71),V(NODE4_59_72),V(NODE4_59_73),V(NODE4_59_74),V(NODE4_59_75),V(NODE4_59_76),V(NODE4_59_77),V(NODE4_59_78),V(NODE4_59_79),V(NODE4_59_80),V(NODE4_59_81),V(NODE4_59_82),V(NODE4_59_83),V(NODE4_59_84),V(NODE4_59_85),V(NODE4_59_86),V(NODE4_59_87),V(NODE4_59_88),V(NODE4_59_89),V(NODE4_59_90),V(NODE4_59_91),V(NODE4_59_92),V(NODE4_59_93),V(NODE4_59_94),V(NODE4_59_95),V(NODE4_59_96),V(NODE4_59_97),V(NODE4_59_98),V(NODE4_59_99),V(NODE4_60_0),V(NODE4_60_1),V(NODE4_60_2),V(NODE4_60_3),V(NODE4_60_4),V(NODE4_60_5),V(NODE4_60_6),V(NODE4_60_7),V(NODE4_60_8),V(NODE4_60_9),V(NODE4_60_10),V(NODE4_60_11),V(NODE4_60_12),V(NODE4_60_13),V(NODE4_60_14),V(NODE4_60_15),V(NODE4_60_16),V(NODE4_60_17),V(NODE4_60_18),V(NODE4_60_19),V(NODE4_60_20),V(NODE4_60_21),V(NODE4_60_22),V(NODE4_60_23),V(NODE4_60_24),V(NODE4_60_25),V(NODE4_60_26),V(NODE4_60_27),V(NODE4_60_28),V(NODE4_60_29),V(NODE4_60_30),V(NODE4_60_31),V(NODE4_60_32),V(NODE4_60_33),V(NODE4_60_34),V(NODE4_60_35),V(NODE4_60_36),V(NODE4_60_37),V(NODE4_60_38),V(NODE4_60_39),V(NODE4_60_40),V(NODE4_60_41),V(NODE4_60_42),V(NODE4_60_43),V(NODE4_60_44),V(NODE4_60_45),V(NODE4_60_46),V(NODE4_60_47),V(NODE4_60_48),V(NODE4_60_49),V(NODE4_60_50),V(NODE4_60_51),V(NODE4_60_52),V(NODE4_60_53),V(NODE4_60_54),V(NODE4_60_55),V(NODE4_60_56),V(NODE4_60_57),V(NODE4_60_58),V(NODE4_60_59),V(NODE4_60_60),V(NODE4_60_61),V(NODE4_60_62),V(NODE4_60_63),V(NODE4_60_64),V(NODE4_60_65),V(NODE4_60_66),V(NODE4_60_67),V(NODE4_60_68),V(NODE4_60_69),V(NODE4_60_70),V(NODE4_60_71),V(NODE4_60_72),V(NODE4_60_73),V(NODE4_60_74),V(NODE4_60_75),V(NODE4_60_76),V(NODE4_60_77),V(NODE4_60_78),V(NODE4_60_79),V(NODE4_60_80),V(NODE4_60_81),V(NODE4_60_82),V(NODE4_60_83),V(NODE4_60_84),V(NODE4_60_85),V(NODE4_60_86),V(NODE4_60_87),V(NODE4_60_88),V(NODE4_60_89),V(NODE4_60_90),V(NODE4_60_91),V(NODE4_60_92),V(NODE4_60_93),V(NODE4_60_94),V(NODE4_60_95),V(NODE4_60_96),V(NODE4_60_97),V(NODE4_60_98),V(NODE4_60_99),V(NODE4_61_0),V(NODE4_61_1),V(NODE4_61_2),V(NODE4_61_3),V(NODE4_61_4),V(NODE4_61_5),V(NODE4_61_6),V(NODE4_61_7),V(NODE4_61_8),V(NODE4_61_9),V(NODE4_61_10),V(NODE4_61_11),V(NODE4_61_12),V(NODE4_61_13),V(NODE4_61_14),V(NODE4_61_15),V(NODE4_61_16),V(NODE4_61_17),V(NODE4_61_18),V(NODE4_61_19),V(NODE4_61_20),V(NODE4_61_21),V(NODE4_61_22),V(NODE4_61_23),V(NODE4_61_24),V(NODE4_61_25),V(NODE4_61_26),V(NODE4_61_27),V(NODE4_61_28),V(NODE4_61_29),V(NODE4_61_30),V(NODE4_61_31),V(NODE4_61_32),V(NODE4_61_33),V(NODE4_61_34),V(NODE4_61_35),V(NODE4_61_36),V(NODE4_61_37),V(NODE4_61_38),V(NODE4_61_39),V(NODE4_61_40),V(NODE4_61_41),V(NODE4_61_42),V(NODE4_61_43),V(NODE4_61_44),V(NODE4_61_45),V(NODE4_61_46),V(NODE4_61_47),V(NODE4_61_48),V(NODE4_61_49),V(NODE4_61_50),V(NODE4_61_51),V(NODE4_61_52),V(NODE4_61_53),V(NODE4_61_54),V(NODE4_61_55),V(NODE4_61_56),V(NODE4_61_57),V(NODE4_61_58),V(NODE4_61_59),V(NODE4_61_60),V(NODE4_61_61),V(NODE4_61_62),V(NODE4_61_63),V(NODE4_61_64),V(NODE4_61_65),V(NODE4_61_66),V(NODE4_61_67),V(NODE4_61_68),V(NODE4_61_69),V(NODE4_61_70),V(NODE4_61_71),V(NODE4_61_72),V(NODE4_61_73),V(NODE4_61_74),V(NODE4_61_75),V(NODE4_61_76),V(NODE4_61_77),V(NODE4_61_78),V(NODE4_61_79),V(NODE4_61_80),V(NODE4_61_81),V(NODE4_61_82),V(NODE4_61_83),V(NODE4_61_84),V(NODE4_61_85),V(NODE4_61_86),V(NODE4_61_87),V(NODE4_61_88),V(NODE4_61_89),V(NODE4_61_90),V(NODE4_61_91),V(NODE4_61_92),V(NODE4_61_93),V(NODE4_61_94),V(NODE4_61_95),V(NODE4_61_96),V(NODE4_61_97),V(NODE4_61_98),V(NODE4_61_99),V(NODE4_62_0),V(NODE4_62_1),V(NODE4_62_2),V(NODE4_62_3),V(NODE4_62_4),V(NODE4_62_5),V(NODE4_62_6),V(NODE4_62_7),V(NODE4_62_8),V(NODE4_62_9),V(NODE4_62_10),V(NODE4_62_11),V(NODE4_62_12),V(NODE4_62_13),V(NODE4_62_14),V(NODE4_62_15),V(NODE4_62_16),V(NODE4_62_17),V(NODE4_62_18),V(NODE4_62_19),V(NODE4_62_20),V(NODE4_62_21),V(NODE4_62_22),V(NODE4_62_23),V(NODE4_62_24),V(NODE4_62_25),V(NODE4_62_26),V(NODE4_62_27),V(NODE4_62_28),V(NODE4_62_29),V(NODE4_62_30),V(NODE4_62_31),V(NODE4_62_32),V(NODE4_62_33),V(NODE4_62_34),V(NODE4_62_35),V(NODE4_62_36),V(NODE4_62_37),V(NODE4_62_38),V(NODE4_62_39),V(NODE4_62_40),V(NODE4_62_41),V(NODE4_62_42),V(NODE4_62_43),V(NODE4_62_44),V(NODE4_62_45),V(NODE4_62_46),V(NODE4_62_47),V(NODE4_62_48),V(NODE4_62_49),V(NODE4_62_50),V(NODE4_62_51),V(NODE4_62_52),V(NODE4_62_53),V(NODE4_62_54),V(NODE4_62_55),V(NODE4_62_56),V(NODE4_62_57),V(NODE4_62_58),V(NODE4_62_59),V(NODE4_62_60),V(NODE4_62_61),V(NODE4_62_62),V(NODE4_62_63),V(NODE4_62_64),V(NODE4_62_65),V(NODE4_62_66),V(NODE4_62_67),V(NODE4_62_68),V(NODE4_62_69),V(NODE4_62_70),V(NODE4_62_71),V(NODE4_62_72),V(NODE4_62_73),V(NODE4_62_74),V(NODE4_62_75),V(NODE4_62_76),V(NODE4_62_77),V(NODE4_62_78),V(NODE4_62_79),V(NODE4_62_80),V(NODE4_62_81),V(NODE4_62_82),V(NODE4_62_83),V(NODE4_62_84),V(NODE4_62_85),V(NODE4_62_86),V(NODE4_62_87),V(NODE4_62_88),V(NODE4_62_89),V(NODE4_62_90),V(NODE4_62_91),V(NODE4_62_92),V(NODE4_62_93),V(NODE4_62_94),V(NODE4_62_95),V(NODE4_62_96),V(NODE4_62_97),V(NODE4_62_98),V(NODE4_62_99),V(NODE4_63_0),V(NODE4_63_1),V(NODE4_63_2),V(NODE4_63_3),V(NODE4_63_4),V(NODE4_63_5),V(NODE4_63_6),V(NODE4_63_7),V(NODE4_63_8),V(NODE4_63_9),V(NODE4_63_10),V(NODE4_63_11),V(NODE4_63_12),V(NODE4_63_13),V(NODE4_63_14),V(NODE4_63_15),V(NODE4_63_16),V(NODE4_63_17),V(NODE4_63_18),V(NODE4_63_19),V(NODE4_63_20),V(NODE4_63_21),V(NODE4_63_22),V(NODE4_63_23),V(NODE4_63_24),V(NODE4_63_25),V(NODE4_63_26),V(NODE4_63_27),V(NODE4_63_28),V(NODE4_63_29),V(NODE4_63_30),V(NODE4_63_31),V(NODE4_63_32),V(NODE4_63_33),V(NODE4_63_34),V(NODE4_63_35),V(NODE4_63_36),V(NODE4_63_37),V(NODE4_63_38),V(NODE4_63_39),V(NODE4_63_40),V(NODE4_63_41),V(NODE4_63_42),V(NODE4_63_43),V(NODE4_63_44),V(NODE4_63_45),V(NODE4_63_46),V(NODE4_63_47),V(NODE4_63_48),V(NODE4_63_49),V(NODE4_63_50),V(NODE4_63_51),V(NODE4_63_52),V(NODE4_63_53),V(NODE4_63_54),V(NODE4_63_55),V(NODE4_63_56),V(NODE4_63_57),V(NODE4_63_58),V(NODE4_63_59),V(NODE4_63_60),V(NODE4_63_61),V(NODE4_63_62),V(NODE4_63_63),V(NODE4_63_64),V(NODE4_63_65),V(NODE4_63_66),V(NODE4_63_67),V(NODE4_63_68),V(NODE4_63_69),V(NODE4_63_70),V(NODE4_63_71),V(NODE4_63_72),V(NODE4_63_73),V(NODE4_63_74),V(NODE4_63_75),V(NODE4_63_76),V(NODE4_63_77),V(NODE4_63_78),V(NODE4_63_79),V(NODE4_63_80),V(NODE4_63_81),V(NODE4_63_82),V(NODE4_63_83),V(NODE4_63_84),V(NODE4_63_85),V(NODE4_63_86),V(NODE4_63_87),V(NODE4_63_88),V(NODE4_63_89),V(NODE4_63_90),V(NODE4_63_91),V(NODE4_63_92),V(NODE4_63_93),V(NODE4_63_94),V(NODE4_63_95),V(NODE4_63_96),V(NODE4_63_97),V(NODE4_63_98),V(NODE4_63_99),V(NODE4_64_0),V(NODE4_64_1),V(NODE4_64_2),V(NODE4_64_3),V(NODE4_64_4),V(NODE4_64_5),V(NODE4_64_6),V(NODE4_64_7),V(NODE4_64_8),V(NODE4_64_9),V(NODE4_64_10),V(NODE4_64_11),V(NODE4_64_12),V(NODE4_64_13),V(NODE4_64_14),V(NODE4_64_15),V(NODE4_64_16),V(NODE4_64_17),V(NODE4_64_18),V(NODE4_64_19),V(NODE4_64_20),V(NODE4_64_21),V(NODE4_64_22),V(NODE4_64_23),V(NODE4_64_24),V(NODE4_64_25),V(NODE4_64_26),V(NODE4_64_27),V(NODE4_64_28),V(NODE4_64_29),V(NODE4_64_30),V(NODE4_64_31),V(NODE4_64_32),V(NODE4_64_33),V(NODE4_64_34),V(NODE4_64_35),V(NODE4_64_36),V(NODE4_64_37),V(NODE4_64_38),V(NODE4_64_39),V(NODE4_64_40),V(NODE4_64_41),V(NODE4_64_42),V(NODE4_64_43),V(NODE4_64_44),V(NODE4_64_45),V(NODE4_64_46),V(NODE4_64_47),V(NODE4_64_48),V(NODE4_64_49),V(NODE4_64_50),V(NODE4_64_51),V(NODE4_64_52),V(NODE4_64_53),V(NODE4_64_54),V(NODE4_64_55),V(NODE4_64_56),V(NODE4_64_57),V(NODE4_64_58),V(NODE4_64_59),V(NODE4_64_60),V(NODE4_64_61),V(NODE4_64_62),V(NODE4_64_63),V(NODE4_64_64),V(NODE4_64_65),V(NODE4_64_66),V(NODE4_64_67),V(NODE4_64_68),V(NODE4_64_69),V(NODE4_64_70),V(NODE4_64_71),V(NODE4_64_72),V(NODE4_64_73),V(NODE4_64_74),V(NODE4_64_75),V(NODE4_64_76),V(NODE4_64_77),V(NODE4_64_78),V(NODE4_64_79),V(NODE4_64_80),V(NODE4_64_81),V(NODE4_64_82),V(NODE4_64_83),V(NODE4_64_84),V(NODE4_64_85),V(NODE4_64_86),V(NODE4_64_87),V(NODE4_64_88),V(NODE4_64_89),V(NODE4_64_90),V(NODE4_64_91),V(NODE4_64_92),V(NODE4_64_93),V(NODE4_64_94),V(NODE4_64_95),V(NODE4_64_96),V(NODE4_64_97),V(NODE4_64_98),V(NODE4_64_99),V(NODE4_65_0),V(NODE4_65_1),V(NODE4_65_2),V(NODE4_65_3),V(NODE4_65_4),V(NODE4_65_5),V(NODE4_65_6),V(NODE4_65_7),V(NODE4_65_8),V(NODE4_65_9),V(NODE4_65_10),V(NODE4_65_11),V(NODE4_65_12),V(NODE4_65_13),V(NODE4_65_14),V(NODE4_65_15),V(NODE4_65_16),V(NODE4_65_17),V(NODE4_65_18),V(NODE4_65_19),V(NODE4_65_20),V(NODE4_65_21),V(NODE4_65_22),V(NODE4_65_23),V(NODE4_65_24),V(NODE4_65_25),V(NODE4_65_26),V(NODE4_65_27),V(NODE4_65_28),V(NODE4_65_29),V(NODE4_65_30),V(NODE4_65_31),V(NODE4_65_32),V(NODE4_65_33),V(NODE4_65_34),V(NODE4_65_35),V(NODE4_65_36),V(NODE4_65_37),V(NODE4_65_38),V(NODE4_65_39),V(NODE4_65_40),V(NODE4_65_41),V(NODE4_65_42),V(NODE4_65_43),V(NODE4_65_44),V(NODE4_65_45),V(NODE4_65_46),V(NODE4_65_47),V(NODE4_65_48),V(NODE4_65_49),V(NODE4_65_50),V(NODE4_65_51),V(NODE4_65_52),V(NODE4_65_53),V(NODE4_65_54),V(NODE4_65_55),V(NODE4_65_56),V(NODE4_65_57),V(NODE4_65_58),V(NODE4_65_59),V(NODE4_65_60),V(NODE4_65_61),V(NODE4_65_62),V(NODE4_65_63),V(NODE4_65_64),V(NODE4_65_65),V(NODE4_65_66),V(NODE4_65_67),V(NODE4_65_68),V(NODE4_65_69),V(NODE4_65_70),V(NODE4_65_71),V(NODE4_65_72),V(NODE4_65_73),V(NODE4_65_74),V(NODE4_65_75),V(NODE4_65_76),V(NODE4_65_77),V(NODE4_65_78),V(NODE4_65_79),V(NODE4_65_80),V(NODE4_65_81),V(NODE4_65_82),V(NODE4_65_83),V(NODE4_65_84),V(NODE4_65_85),V(NODE4_65_86),V(NODE4_65_87),V(NODE4_65_88),V(NODE4_65_89),V(NODE4_65_90),V(NODE4_65_91),V(NODE4_65_92),V(NODE4_65_93),V(NODE4_65_94),V(NODE4_65_95),V(NODE4_65_96),V(NODE4_65_97),V(NODE4_65_98),V(NODE4_65_99),V(NODE4_66_0),V(NODE4_66_1),V(NODE4_66_2),V(NODE4_66_3),V(NODE4_66_4),V(NODE4_66_5),V(NODE4_66_6),V(NODE4_66_7),V(NODE4_66_8),V(NODE4_66_9),V(NODE4_66_10),V(NODE4_66_11),V(NODE4_66_12),V(NODE4_66_13),V(NODE4_66_14),V(NODE4_66_15),V(NODE4_66_16),V(NODE4_66_17),V(NODE4_66_18),V(NODE4_66_19),V(NODE4_66_20),V(NODE4_66_21),V(NODE4_66_22),V(NODE4_66_23),V(NODE4_66_24),V(NODE4_66_25),V(NODE4_66_26),V(NODE4_66_27),V(NODE4_66_28),V(NODE4_66_29),V(NODE4_66_30),V(NODE4_66_31),V(NODE4_66_32),V(NODE4_66_33),V(NODE4_66_34),V(NODE4_66_35),V(NODE4_66_36),V(NODE4_66_37),V(NODE4_66_38),V(NODE4_66_39),V(NODE4_66_40),V(NODE4_66_41),V(NODE4_66_42),V(NODE4_66_43),V(NODE4_66_44),V(NODE4_66_45),V(NODE4_66_46),V(NODE4_66_47),V(NODE4_66_48),V(NODE4_66_49),V(NODE4_66_50),V(NODE4_66_51),V(NODE4_66_52),V(NODE4_66_53),V(NODE4_66_54),V(NODE4_66_55),V(NODE4_66_56),V(NODE4_66_57),V(NODE4_66_58),V(NODE4_66_59),V(NODE4_66_60),V(NODE4_66_61),V(NODE4_66_62),V(NODE4_66_63),V(NODE4_66_64),V(NODE4_66_65),V(NODE4_66_66),V(NODE4_66_67),V(NODE4_66_68),V(NODE4_66_69),V(NODE4_66_70),V(NODE4_66_71),V(NODE4_66_72),V(NODE4_66_73),V(NODE4_66_74),V(NODE4_66_75),V(NODE4_66_76),V(NODE4_66_77),V(NODE4_66_78),V(NODE4_66_79),V(NODE4_66_80),V(NODE4_66_81),V(NODE4_66_82),V(NODE4_66_83),V(NODE4_66_84),V(NODE4_66_85),V(NODE4_66_86),V(NODE4_66_87),V(NODE4_66_88),V(NODE4_66_89),V(NODE4_66_90),V(NODE4_66_91),V(NODE4_66_92),V(NODE4_66_93),V(NODE4_66_94),V(NODE4_66_95),V(NODE4_66_96),V(NODE4_66_97),V(NODE4_66_98),V(NODE4_66_99),V(NODE4_67_0),V(NODE4_67_1),V(NODE4_67_2),V(NODE4_67_3),V(NODE4_67_4),V(NODE4_67_5),V(NODE4_67_6),V(NODE4_67_7),V(NODE4_67_8),V(NODE4_67_9),V(NODE4_67_10),V(NODE4_67_11),V(NODE4_67_12),V(NODE4_67_13),V(NODE4_67_14),V(NODE4_67_15),V(NODE4_67_16),V(NODE4_67_17),V(NODE4_67_18),V(NODE4_67_19),V(NODE4_67_20),V(NODE4_67_21),V(NODE4_67_22),V(NODE4_67_23),V(NODE4_67_24),V(NODE4_67_25),V(NODE4_67_26),V(NODE4_67_27),V(NODE4_67_28),V(NODE4_67_29),V(NODE4_67_30),V(NODE4_67_31),V(NODE4_67_32),V(NODE4_67_33),V(NODE4_67_34),V(NODE4_67_35),V(NODE4_67_36),V(NODE4_67_37),V(NODE4_67_38),V(NODE4_67_39),V(NODE4_67_40),V(NODE4_67_41),V(NODE4_67_42),V(NODE4_67_43),V(NODE4_67_44),V(NODE4_67_45),V(NODE4_67_46),V(NODE4_67_47),V(NODE4_67_48),V(NODE4_67_49),V(NODE4_67_50),V(NODE4_67_51),V(NODE4_67_52),V(NODE4_67_53),V(NODE4_67_54),V(NODE4_67_55),V(NODE4_67_56),V(NODE4_67_57),V(NODE4_67_58),V(NODE4_67_59),V(NODE4_67_60),V(NODE4_67_61),V(NODE4_67_62),V(NODE4_67_63),V(NODE4_67_64),V(NODE4_67_65),V(NODE4_67_66),V(NODE4_67_67),V(NODE4_67_68),V(NODE4_67_69),V(NODE4_67_70),V(NODE4_67_71),V(NODE4_67_72),V(NODE4_67_73),V(NODE4_67_74),V(NODE4_67_75),V(NODE4_67_76),V(NODE4_67_77),V(NODE4_67_78),V(NODE4_67_79),V(NODE4_67_80),V(NODE4_67_81),V(NODE4_67_82),V(NODE4_67_83),V(NODE4_67_84),V(NODE4_67_85),V(NODE4_67_86),V(NODE4_67_87),V(NODE4_67_88),V(NODE4_67_89),V(NODE4_67_90),V(NODE4_67_91),V(NODE4_67_92),V(NODE4_67_93),V(NODE4_67_94),V(NODE4_67_95),V(NODE4_67_96),V(NODE4_67_97),V(NODE4_67_98),V(NODE4_67_99),V(NODE4_68_0),V(NODE4_68_1),V(NODE4_68_2),V(NODE4_68_3),V(NODE4_68_4),V(NODE4_68_5),V(NODE4_68_6),V(NODE4_68_7),V(NODE4_68_8),V(NODE4_68_9),V(NODE4_68_10),V(NODE4_68_11),V(NODE4_68_12),V(NODE4_68_13),V(NODE4_68_14),V(NODE4_68_15),V(NODE4_68_16),V(NODE4_68_17),V(NODE4_68_18),V(NODE4_68_19),V(NODE4_68_20),V(NODE4_68_21),V(NODE4_68_22),V(NODE4_68_23),V(NODE4_68_24),V(NODE4_68_25),V(NODE4_68_26),V(NODE4_68_27),V(NODE4_68_28),V(NODE4_68_29),V(NODE4_68_30),V(NODE4_68_31),V(NODE4_68_32),V(NODE4_68_33),V(NODE4_68_34),V(NODE4_68_35),V(NODE4_68_36),V(NODE4_68_37),V(NODE4_68_38),V(NODE4_68_39),V(NODE4_68_40),V(NODE4_68_41),V(NODE4_68_42),V(NODE4_68_43),V(NODE4_68_44),V(NODE4_68_45),V(NODE4_68_46),V(NODE4_68_47),V(NODE4_68_48),V(NODE4_68_49),V(NODE4_68_50),V(NODE4_68_51),V(NODE4_68_52),V(NODE4_68_53),V(NODE4_68_54),V(NODE4_68_55),V(NODE4_68_56),V(NODE4_68_57),V(NODE4_68_58),V(NODE4_68_59),V(NODE4_68_60),V(NODE4_68_61),V(NODE4_68_62),V(NODE4_68_63),V(NODE4_68_64),V(NODE4_68_65),V(NODE4_68_66),V(NODE4_68_67),V(NODE4_68_68),V(NODE4_68_69),V(NODE4_68_70),V(NODE4_68_71),V(NODE4_68_72),V(NODE4_68_73),V(NODE4_68_74),V(NODE4_68_75),V(NODE4_68_76),V(NODE4_68_77),V(NODE4_68_78),V(NODE4_68_79),V(NODE4_68_80),V(NODE4_68_81),V(NODE4_68_82),V(NODE4_68_83),V(NODE4_68_84),V(NODE4_68_85),V(NODE4_68_86),V(NODE4_68_87),V(NODE4_68_88),V(NODE4_68_89),V(NODE4_68_90),V(NODE4_68_91),V(NODE4_68_92),V(NODE4_68_93),V(NODE4_68_94),V(NODE4_68_95),V(NODE4_68_96),V(NODE4_68_97),V(NODE4_68_98),V(NODE4_68_99),V(NODE4_69_0),V(NODE4_69_1),V(NODE4_69_2),V(NODE4_69_3),V(NODE4_69_4),V(NODE4_69_5),V(NODE4_69_6),V(NODE4_69_7),V(NODE4_69_8),V(NODE4_69_9),V(NODE4_69_10),V(NODE4_69_11),V(NODE4_69_12),V(NODE4_69_13),V(NODE4_69_14),V(NODE4_69_15),V(NODE4_69_16),V(NODE4_69_17),V(NODE4_69_18),V(NODE4_69_19),V(NODE4_69_20),V(NODE4_69_21),V(NODE4_69_22),V(NODE4_69_23),V(NODE4_69_24),V(NODE4_69_25),V(NODE4_69_26),V(NODE4_69_27),V(NODE4_69_28),V(NODE4_69_29),V(NODE4_69_30),V(NODE4_69_31),V(NODE4_69_32),V(NODE4_69_33),V(NODE4_69_34),V(NODE4_69_35),V(NODE4_69_36),V(NODE4_69_37),V(NODE4_69_38),V(NODE4_69_39),V(NODE4_69_40),V(NODE4_69_41),V(NODE4_69_42),V(NODE4_69_43),V(NODE4_69_44),V(NODE4_69_45),V(NODE4_69_46),V(NODE4_69_47),V(NODE4_69_48),V(NODE4_69_49),V(NODE4_69_50),V(NODE4_69_51),V(NODE4_69_52),V(NODE4_69_53),V(NODE4_69_54),V(NODE4_69_55),V(NODE4_69_56),V(NODE4_69_57),V(NODE4_69_58),V(NODE4_69_59),V(NODE4_69_60),V(NODE4_69_61),V(NODE4_69_62),V(NODE4_69_63),V(NODE4_69_64),V(NODE4_69_65),V(NODE4_69_66),V(NODE4_69_67),V(NODE4_69_68),V(NODE4_69_69),V(NODE4_69_70),V(NODE4_69_71),V(NODE4_69_72),V(NODE4_69_73),V(NODE4_69_74),V(NODE4_69_75),V(NODE4_69_76),V(NODE4_69_77),V(NODE4_69_78),V(NODE4_69_79),V(NODE4_69_80),V(NODE4_69_81),V(NODE4_69_82),V(NODE4_69_83),V(NODE4_69_84),V(NODE4_69_85),V(NODE4_69_86),V(NODE4_69_87),V(NODE4_69_88),V(NODE4_69_89),V(NODE4_69_90),V(NODE4_69_91),V(NODE4_69_92),V(NODE4_69_93),V(NODE4_69_94),V(NODE4_69_95),V(NODE4_69_96),V(NODE4_69_97),V(NODE4_69_98),V(NODE4_69_99),V(NODE4_70_0),V(NODE4_70_1),V(NODE4_70_2),V(NODE4_70_3),V(NODE4_70_4),V(NODE4_70_5),V(NODE4_70_6),V(NODE4_70_7),V(NODE4_70_8),V(NODE4_70_9),V(NODE4_70_10),V(NODE4_70_11),V(NODE4_70_12),V(NODE4_70_13),V(NODE4_70_14),V(NODE4_70_15),V(NODE4_70_16),V(NODE4_70_17),V(NODE4_70_18),V(NODE4_70_19),V(NODE4_70_20),V(NODE4_70_21),V(NODE4_70_22),V(NODE4_70_23),V(NODE4_70_24),V(NODE4_70_25),V(NODE4_70_26),V(NODE4_70_27),V(NODE4_70_28),V(NODE4_70_29),V(NODE4_70_30),V(NODE4_70_31),V(NODE4_70_32),V(NODE4_70_33),V(NODE4_70_34),V(NODE4_70_35),V(NODE4_70_36),V(NODE4_70_37),V(NODE4_70_38),V(NODE4_70_39),V(NODE4_70_40),V(NODE4_70_41),V(NODE4_70_42),V(NODE4_70_43),V(NODE4_70_44),V(NODE4_70_45),V(NODE4_70_46),V(NODE4_70_47),V(NODE4_70_48),V(NODE4_70_49),V(NODE4_70_50),V(NODE4_70_51),V(NODE4_70_52),V(NODE4_70_53),V(NODE4_70_54),V(NODE4_70_55),V(NODE4_70_56),V(NODE4_70_57),V(NODE4_70_58),V(NODE4_70_59),V(NODE4_70_60),V(NODE4_70_61),V(NODE4_70_62),V(NODE4_70_63),V(NODE4_70_64),V(NODE4_70_65),V(NODE4_70_66),V(NODE4_70_67),V(NODE4_70_68),V(NODE4_70_69),V(NODE4_70_70),V(NODE4_70_71),V(NODE4_70_72),V(NODE4_70_73),V(NODE4_70_74),V(NODE4_70_75),V(NODE4_70_76),V(NODE4_70_77),V(NODE4_70_78),V(NODE4_70_79),V(NODE4_70_80),V(NODE4_70_81),V(NODE4_70_82),V(NODE4_70_83),V(NODE4_70_84),V(NODE4_70_85),V(NODE4_70_86),V(NODE4_70_87),V(NODE4_70_88),V(NODE4_70_89),V(NODE4_70_90),V(NODE4_70_91),V(NODE4_70_92),V(NODE4_70_93),V(NODE4_70_94),V(NODE4_70_95),V(NODE4_70_96),V(NODE4_70_97),V(NODE4_70_98),V(NODE4_70_99),V(NODE4_71_0),V(NODE4_71_1),V(NODE4_71_2),V(NODE4_71_3),V(NODE4_71_4),V(NODE4_71_5),V(NODE4_71_6),V(NODE4_71_7),V(NODE4_71_8),V(NODE4_71_9),V(NODE4_71_10),V(NODE4_71_11),V(NODE4_71_12),V(NODE4_71_13),V(NODE4_71_14),V(NODE4_71_15),V(NODE4_71_16),V(NODE4_71_17),V(NODE4_71_18),V(NODE4_71_19),V(NODE4_71_20),V(NODE4_71_21),V(NODE4_71_22),V(NODE4_71_23),V(NODE4_71_24),V(NODE4_71_25),V(NODE4_71_26),V(NODE4_71_27),V(NODE4_71_28),V(NODE4_71_29),V(NODE4_71_30),V(NODE4_71_31),V(NODE4_71_32),V(NODE4_71_33),V(NODE4_71_34),V(NODE4_71_35),V(NODE4_71_36),V(NODE4_71_37),V(NODE4_71_38),V(NODE4_71_39),V(NODE4_71_40),V(NODE4_71_41),V(NODE4_71_42),V(NODE4_71_43),V(NODE4_71_44),V(NODE4_71_45),V(NODE4_71_46),V(NODE4_71_47),V(NODE4_71_48),V(NODE4_71_49),V(NODE4_71_50),V(NODE4_71_51),V(NODE4_71_52),V(NODE4_71_53),V(NODE4_71_54),V(NODE4_71_55),V(NODE4_71_56),V(NODE4_71_57),V(NODE4_71_58),V(NODE4_71_59),V(NODE4_71_60),V(NODE4_71_61),V(NODE4_71_62),V(NODE4_71_63),V(NODE4_71_64),V(NODE4_71_65),V(NODE4_71_66),V(NODE4_71_67),V(NODE4_71_68),V(NODE4_71_69),V(NODE4_71_70),V(NODE4_71_71),V(NODE4_71_72),V(NODE4_71_73),V(NODE4_71_74),V(NODE4_71_75),V(NODE4_71_76),V(NODE4_71_77),V(NODE4_71_78),V(NODE4_71_79),V(NODE4_71_80),V(NODE4_71_81),V(NODE4_71_82),V(NODE4_71_83),V(NODE4_71_84),V(NODE4_71_85),V(NODE4_71_86),V(NODE4_71_87),V(NODE4_71_88),V(NODE4_71_89),V(NODE4_71_90),V(NODE4_71_91),V(NODE4_71_92),V(NODE4_71_93),V(NODE4_71_94),V(NODE4_71_95),V(NODE4_71_96),V(NODE4_71_97),V(NODE4_71_98),V(NODE4_71_99),V(NODE4_72_0),V(NODE4_72_1),V(NODE4_72_2),V(NODE4_72_3),V(NODE4_72_4),V(NODE4_72_5),V(NODE4_72_6),V(NODE4_72_7),V(NODE4_72_8),V(NODE4_72_9),V(NODE4_72_10),V(NODE4_72_11),V(NODE4_72_12),V(NODE4_72_13),V(NODE4_72_14),V(NODE4_72_15),V(NODE4_72_16),V(NODE4_72_17),V(NODE4_72_18),V(NODE4_72_19),V(NODE4_72_20),V(NODE4_72_21),V(NODE4_72_22),V(NODE4_72_23),V(NODE4_72_24),V(NODE4_72_25),V(NODE4_72_26),V(NODE4_72_27),V(NODE4_72_28),V(NODE4_72_29),V(NODE4_72_30),V(NODE4_72_31),V(NODE4_72_32),V(NODE4_72_33),V(NODE4_72_34),V(NODE4_72_35),V(NODE4_72_36),V(NODE4_72_37),V(NODE4_72_38),V(NODE4_72_39),V(NODE4_72_40),V(NODE4_72_41),V(NODE4_72_42),V(NODE4_72_43),V(NODE4_72_44),V(NODE4_72_45),V(NODE4_72_46),V(NODE4_72_47),V(NODE4_72_48),V(NODE4_72_49),V(NODE4_72_50),V(NODE4_72_51),V(NODE4_72_52),V(NODE4_72_53),V(NODE4_72_54),V(NODE4_72_55),V(NODE4_72_56),V(NODE4_72_57),V(NODE4_72_58),V(NODE4_72_59),V(NODE4_72_60),V(NODE4_72_61),V(NODE4_72_62),V(NODE4_72_63),V(NODE4_72_64),V(NODE4_72_65),V(NODE4_72_66),V(NODE4_72_67),V(NODE4_72_68),V(NODE4_72_69),V(NODE4_72_70),V(NODE4_72_71),V(NODE4_72_72),V(NODE4_72_73),V(NODE4_72_74),V(NODE4_72_75),V(NODE4_72_76),V(NODE4_72_77),V(NODE4_72_78),V(NODE4_72_79),V(NODE4_72_80),V(NODE4_72_81),V(NODE4_72_82),V(NODE4_72_83),V(NODE4_72_84),V(NODE4_72_85),V(NODE4_72_86),V(NODE4_72_87),V(NODE4_72_88),V(NODE4_72_89),V(NODE4_72_90),V(NODE4_72_91),V(NODE4_72_92),V(NODE4_72_93),V(NODE4_72_94),V(NODE4_72_95),V(NODE4_72_96),V(NODE4_72_97),V(NODE4_72_98),V(NODE4_72_99),V(NODE4_73_0),V(NODE4_73_1),V(NODE4_73_2),V(NODE4_73_3),V(NODE4_73_4),V(NODE4_73_5),V(NODE4_73_6),V(NODE4_73_7),V(NODE4_73_8),V(NODE4_73_9),V(NODE4_73_10),V(NODE4_73_11),V(NODE4_73_12),V(NODE4_73_13),V(NODE4_73_14),V(NODE4_73_15),V(NODE4_73_16),V(NODE4_73_17),V(NODE4_73_18),V(NODE4_73_19),V(NODE4_73_20),V(NODE4_73_21),V(NODE4_73_22),V(NODE4_73_23),V(NODE4_73_24),V(NODE4_73_25),V(NODE4_73_26),V(NODE4_73_27),V(NODE4_73_28),V(NODE4_73_29),V(NODE4_73_30),V(NODE4_73_31),V(NODE4_73_32),V(NODE4_73_33),V(NODE4_73_34),V(NODE4_73_35),V(NODE4_73_36),V(NODE4_73_37),V(NODE4_73_38),V(NODE4_73_39),V(NODE4_73_40),V(NODE4_73_41),V(NODE4_73_42),V(NODE4_73_43),V(NODE4_73_44),V(NODE4_73_45),V(NODE4_73_46),V(NODE4_73_47),V(NODE4_73_48),V(NODE4_73_49),V(NODE4_73_50),V(NODE4_73_51),V(NODE4_73_52),V(NODE4_73_53),V(NODE4_73_54),V(NODE4_73_55),V(NODE4_73_56),V(NODE4_73_57),V(NODE4_73_58),V(NODE4_73_59),V(NODE4_73_60),V(NODE4_73_61),V(NODE4_73_62),V(NODE4_73_63),V(NODE4_73_64),V(NODE4_73_65),V(NODE4_73_66),V(NODE4_73_67),V(NODE4_73_68),V(NODE4_73_69),V(NODE4_73_70),V(NODE4_73_71),V(NODE4_73_72),V(NODE4_73_73),V(NODE4_73_74),V(NODE4_73_75),V(NODE4_73_76),V(NODE4_73_77),V(NODE4_73_78),V(NODE4_73_79),V(NODE4_73_80),V(NODE4_73_81),V(NODE4_73_82),V(NODE4_73_83),V(NODE4_73_84),V(NODE4_73_85),V(NODE4_73_86),V(NODE4_73_87),V(NODE4_73_88),V(NODE4_73_89),V(NODE4_73_90),V(NODE4_73_91),V(NODE4_73_92),V(NODE4_73_93),V(NODE4_73_94),V(NODE4_73_95),V(NODE4_73_96),V(NODE4_73_97),V(NODE4_73_98),V(NODE4_73_99),V(NODE4_74_0),V(NODE4_74_1),V(NODE4_74_2),V(NODE4_74_3),V(NODE4_74_4),V(NODE4_74_5),V(NODE4_74_6),V(NODE4_74_7),V(NODE4_74_8),V(NODE4_74_9),V(NODE4_74_10),V(NODE4_74_11),V(NODE4_74_12),V(NODE4_74_13),V(NODE4_74_14),V(NODE4_74_15),V(NODE4_74_16),V(NODE4_74_17),V(NODE4_74_18),V(NODE4_74_19),V(NODE4_74_20),V(NODE4_74_21),V(NODE4_74_22),V(NODE4_74_23),V(NODE4_74_24),V(NODE4_74_25),V(NODE4_74_26),V(NODE4_74_27),V(NODE4_74_28),V(NODE4_74_29),V(NODE4_74_30),V(NODE4_74_31),V(NODE4_74_32),V(NODE4_74_33),V(NODE4_74_34),V(NODE4_74_35),V(NODE4_74_36),V(NODE4_74_37),V(NODE4_74_38),V(NODE4_74_39),V(NODE4_74_40),V(NODE4_74_41),V(NODE4_74_42),V(NODE4_74_43),V(NODE4_74_44),V(NODE4_74_45),V(NODE4_74_46),V(NODE4_74_47),V(NODE4_74_48),V(NODE4_74_49),V(NODE4_74_50),V(NODE4_74_51),V(NODE4_74_52),V(NODE4_74_53),V(NODE4_74_54),V(NODE4_74_55),V(NODE4_74_56),V(NODE4_74_57),V(NODE4_74_58),V(NODE4_74_59),V(NODE4_74_60),V(NODE4_74_61),V(NODE4_74_62),V(NODE4_74_63),V(NODE4_74_64),V(NODE4_74_65),V(NODE4_74_66),V(NODE4_74_67),V(NODE4_74_68),V(NODE4_74_69),V(NODE4_74_70),V(NODE4_74_71),V(NODE4_74_72),V(NODE4_74_73),V(NODE4_74_74),V(NODE4_74_75),V(NODE4_74_76),V(NODE4_74_77),V(NODE4_74_78),V(NODE4_74_79),V(NODE4_74_80),V(NODE4_74_81),V(NODE4_74_82),V(NODE4_74_83),V(NODE4_74_84),V(NODE4_74_85),V(NODE4_74_86),V(NODE4_74_87),V(NODE4_74_88),V(NODE4_74_89),V(NODE4_74_90),V(NODE4_74_91),V(NODE4_74_92),V(NODE4_74_93),V(NODE4_74_94),V(NODE4_74_95),V(NODE4_74_96),V(NODE4_74_97),V(NODE4_74_98),V(NODE4_74_99),V(NODE4_75_0),V(NODE4_75_1),V(NODE4_75_2),V(NODE4_75_3),V(NODE4_75_4),V(NODE4_75_5),V(NODE4_75_6),V(NODE4_75_7),V(NODE4_75_8),V(NODE4_75_9),V(NODE4_75_10),V(NODE4_75_11),V(NODE4_75_12),V(NODE4_75_13),V(NODE4_75_14),V(NODE4_75_15),V(NODE4_75_16),V(NODE4_75_17),V(NODE4_75_18),V(NODE4_75_19),V(NODE4_75_20),V(NODE4_75_21),V(NODE4_75_22),V(NODE4_75_23),V(NODE4_75_24),V(NODE4_75_25),V(NODE4_75_26),V(NODE4_75_27),V(NODE4_75_28),V(NODE4_75_29),V(NODE4_75_30),V(NODE4_75_31),V(NODE4_75_32),V(NODE4_75_33),V(NODE4_75_34),V(NODE4_75_35),V(NODE4_75_36),V(NODE4_75_37),V(NODE4_75_38),V(NODE4_75_39),V(NODE4_75_40),V(NODE4_75_41),V(NODE4_75_42),V(NODE4_75_43),V(NODE4_75_44),V(NODE4_75_45),V(NODE4_75_46),V(NODE4_75_47),V(NODE4_75_48),V(NODE4_75_49),V(NODE4_75_50),V(NODE4_75_51),V(NODE4_75_52),V(NODE4_75_53),V(NODE4_75_54),V(NODE4_75_55),V(NODE4_75_56),V(NODE4_75_57),V(NODE4_75_58),V(NODE4_75_59),V(NODE4_75_60),V(NODE4_75_61),V(NODE4_75_62),V(NODE4_75_63),V(NODE4_75_64),V(NODE4_75_65),V(NODE4_75_66),V(NODE4_75_67),V(NODE4_75_68),V(NODE4_75_69),V(NODE4_75_70),V(NODE4_75_71),V(NODE4_75_72),V(NODE4_75_73),V(NODE4_75_74),V(NODE4_75_75),V(NODE4_75_76),V(NODE4_75_77),V(NODE4_75_78),V(NODE4_75_79),V(NODE4_75_80),V(NODE4_75_81),V(NODE4_75_82),V(NODE4_75_83),V(NODE4_75_84),V(NODE4_75_85),V(NODE4_75_86),V(NODE4_75_87),V(NODE4_75_88),V(NODE4_75_89),V(NODE4_75_90),V(NODE4_75_91),V(NODE4_75_92),V(NODE4_75_93),V(NODE4_75_94),V(NODE4_75_95),V(NODE4_75_96),V(NODE4_75_97),V(NODE4_75_98),V(NODE4_75_99),V(NODE4_76_0),V(NODE4_76_1),V(NODE4_76_2),V(NODE4_76_3),V(NODE4_76_4),V(NODE4_76_5),V(NODE4_76_6),V(NODE4_76_7),V(NODE4_76_8),V(NODE4_76_9),V(NODE4_76_10),V(NODE4_76_11),V(NODE4_76_12),V(NODE4_76_13),V(NODE4_76_14),V(NODE4_76_15),V(NODE4_76_16),V(NODE4_76_17),V(NODE4_76_18),V(NODE4_76_19),V(NODE4_76_20),V(NODE4_76_21),V(NODE4_76_22),V(NODE4_76_23),V(NODE4_76_24),V(NODE4_76_25),V(NODE4_76_26),V(NODE4_76_27),V(NODE4_76_28),V(NODE4_76_29),V(NODE4_76_30),V(NODE4_76_31),V(NODE4_76_32),V(NODE4_76_33),V(NODE4_76_34),V(NODE4_76_35),V(NODE4_76_36),V(NODE4_76_37),V(NODE4_76_38),V(NODE4_76_39),V(NODE4_76_40),V(NODE4_76_41),V(NODE4_76_42),V(NODE4_76_43),V(NODE4_76_44),V(NODE4_76_45),V(NODE4_76_46),V(NODE4_76_47),V(NODE4_76_48),V(NODE4_76_49),V(NODE4_76_50),V(NODE4_76_51),V(NODE4_76_52),V(NODE4_76_53),V(NODE4_76_54),V(NODE4_76_55),V(NODE4_76_56),V(NODE4_76_57),V(NODE4_76_58),V(NODE4_76_59),V(NODE4_76_60),V(NODE4_76_61),V(NODE4_76_62),V(NODE4_76_63),V(NODE4_76_64),V(NODE4_76_65),V(NODE4_76_66),V(NODE4_76_67),V(NODE4_76_68),V(NODE4_76_69),V(NODE4_76_70),V(NODE4_76_71),V(NODE4_76_72),V(NODE4_76_73),V(NODE4_76_74),V(NODE4_76_75),V(NODE4_76_76),V(NODE4_76_77),V(NODE4_76_78),V(NODE4_76_79),V(NODE4_76_80),V(NODE4_76_81),V(NODE4_76_82),V(NODE4_76_83),V(NODE4_76_84),V(NODE4_76_85),V(NODE4_76_86),V(NODE4_76_87),V(NODE4_76_88),V(NODE4_76_89),V(NODE4_76_90),V(NODE4_76_91),V(NODE4_76_92),V(NODE4_76_93),V(NODE4_76_94),V(NODE4_76_95),V(NODE4_76_96),V(NODE4_76_97),V(NODE4_76_98),V(NODE4_76_99),V(NODE4_77_0),V(NODE4_77_1),V(NODE4_77_2),V(NODE4_77_3),V(NODE4_77_4),V(NODE4_77_5),V(NODE4_77_6),V(NODE4_77_7),V(NODE4_77_8),V(NODE4_77_9),V(NODE4_77_10),V(NODE4_77_11),V(NODE4_77_12),V(NODE4_77_13),V(NODE4_77_14),V(NODE4_77_15),V(NODE4_77_16),V(NODE4_77_17),V(NODE4_77_18),V(NODE4_77_19),V(NODE4_77_20),V(NODE4_77_21),V(NODE4_77_22),V(NODE4_77_23),V(NODE4_77_24),V(NODE4_77_25),V(NODE4_77_26),V(NODE4_77_27),V(NODE4_77_28),V(NODE4_77_29),V(NODE4_77_30),V(NODE4_77_31),V(NODE4_77_32),V(NODE4_77_33),V(NODE4_77_34),V(NODE4_77_35),V(NODE4_77_36),V(NODE4_77_37),V(NODE4_77_38),V(NODE4_77_39),V(NODE4_77_40),V(NODE4_77_41),V(NODE4_77_42),V(NODE4_77_43),V(NODE4_77_44),V(NODE4_77_45),V(NODE4_77_46),V(NODE4_77_47),V(NODE4_77_48),V(NODE4_77_49),V(NODE4_77_50),V(NODE4_77_51),V(NODE4_77_52),V(NODE4_77_53),V(NODE4_77_54),V(NODE4_77_55),V(NODE4_77_56),V(NODE4_77_57),V(NODE4_77_58),V(NODE4_77_59),V(NODE4_77_60),V(NODE4_77_61),V(NODE4_77_62),V(NODE4_77_63),V(NODE4_77_64),V(NODE4_77_65),V(NODE4_77_66),V(NODE4_77_67),V(NODE4_77_68),V(NODE4_77_69),V(NODE4_77_70),V(NODE4_77_71),V(NODE4_77_72),V(NODE4_77_73),V(NODE4_77_74),V(NODE4_77_75),V(NODE4_77_76),V(NODE4_77_77),V(NODE4_77_78),V(NODE4_77_79),V(NODE4_77_80),V(NODE4_77_81),V(NODE4_77_82),V(NODE4_77_83),V(NODE4_77_84),V(NODE4_77_85),V(NODE4_77_86),V(NODE4_77_87),V(NODE4_77_88),V(NODE4_77_89),V(NODE4_77_90),V(NODE4_77_91),V(NODE4_77_92),V(NODE4_77_93),V(NODE4_77_94),V(NODE4_77_95),V(NODE4_77_96),V(NODE4_77_97),V(NODE4_77_98),V(NODE4_77_99),V(NODE4_78_0),V(NODE4_78_1),V(NODE4_78_2),V(NODE4_78_3),V(NODE4_78_4),V(NODE4_78_5),V(NODE4_78_6),V(NODE4_78_7),V(NODE4_78_8),V(NODE4_78_9),V(NODE4_78_10),V(NODE4_78_11),V(NODE4_78_12),V(NODE4_78_13),V(NODE4_78_14),V(NODE4_78_15),V(NODE4_78_16),V(NODE4_78_17),V(NODE4_78_18),V(NODE4_78_19),V(NODE4_78_20),V(NODE4_78_21),V(NODE4_78_22),V(NODE4_78_23),V(NODE4_78_24),V(NODE4_78_25),V(NODE4_78_26),V(NODE4_78_27),V(NODE4_78_28),V(NODE4_78_29),V(NODE4_78_30),V(NODE4_78_31),V(NODE4_78_32),V(NODE4_78_33),V(NODE4_78_34),V(NODE4_78_35),V(NODE4_78_36),V(NODE4_78_37),V(NODE4_78_38),V(NODE4_78_39),V(NODE4_78_40),V(NODE4_78_41),V(NODE4_78_42),V(NODE4_78_43),V(NODE4_78_44),V(NODE4_78_45),V(NODE4_78_46),V(NODE4_78_47),V(NODE4_78_48),V(NODE4_78_49),V(NODE4_78_50),V(NODE4_78_51),V(NODE4_78_52),V(NODE4_78_53),V(NODE4_78_54),V(NODE4_78_55),V(NODE4_78_56),V(NODE4_78_57),V(NODE4_78_58),V(NODE4_78_59),V(NODE4_78_60),V(NODE4_78_61),V(NODE4_78_62),V(NODE4_78_63),V(NODE4_78_64),V(NODE4_78_65),V(NODE4_78_66),V(NODE4_78_67),V(NODE4_78_68),V(NODE4_78_69),V(NODE4_78_70),V(NODE4_78_71),V(NODE4_78_72),V(NODE4_78_73),V(NODE4_78_74),V(NODE4_78_75),V(NODE4_78_76),V(NODE4_78_77),V(NODE4_78_78),V(NODE4_78_79),V(NODE4_78_80),V(NODE4_78_81),V(NODE4_78_82),V(NODE4_78_83),V(NODE4_78_84),V(NODE4_78_85),V(NODE4_78_86),V(NODE4_78_87),V(NODE4_78_88),V(NODE4_78_89),V(NODE4_78_90),V(NODE4_78_91),V(NODE4_78_92),V(NODE4_78_93),V(NODE4_78_94),V(NODE4_78_95),V(NODE4_78_96),V(NODE4_78_97),V(NODE4_78_98),V(NODE4_78_99),V(NODE4_79_0),V(NODE4_79_1),V(NODE4_79_2),V(NODE4_79_3),V(NODE4_79_4),V(NODE4_79_5),V(NODE4_79_6),V(NODE4_79_7),V(NODE4_79_8),V(NODE4_79_9),V(NODE4_79_10),V(NODE4_79_11),V(NODE4_79_12),V(NODE4_79_13),V(NODE4_79_14),V(NODE4_79_15),V(NODE4_79_16),V(NODE4_79_17),V(NODE4_79_18),V(NODE4_79_19),V(NODE4_79_20),V(NODE4_79_21),V(NODE4_79_22),V(NODE4_79_23),V(NODE4_79_24),V(NODE4_79_25),V(NODE4_79_26),V(NODE4_79_27),V(NODE4_79_28),V(NODE4_79_29),V(NODE4_79_30),V(NODE4_79_31),V(NODE4_79_32),V(NODE4_79_33),V(NODE4_79_34),V(NODE4_79_35),V(NODE4_79_36),V(NODE4_79_37),V(NODE4_79_38),V(NODE4_79_39),V(NODE4_79_40),V(NODE4_79_41),V(NODE4_79_42),V(NODE4_79_43),V(NODE4_79_44),V(NODE4_79_45),V(NODE4_79_46),V(NODE4_79_47),V(NODE4_79_48),V(NODE4_79_49),V(NODE4_79_50),V(NODE4_79_51),V(NODE4_79_52),V(NODE4_79_53),V(NODE4_79_54),V(NODE4_79_55),V(NODE4_79_56),V(NODE4_79_57),V(NODE4_79_58),V(NODE4_79_59),V(NODE4_79_60),V(NODE4_79_61),V(NODE4_79_62),V(NODE4_79_63),V(NODE4_79_64),V(NODE4_79_65),V(NODE4_79_66),V(NODE4_79_67),V(NODE4_79_68),V(NODE4_79_69),V(NODE4_79_70),V(NODE4_79_71),V(NODE4_79_72),V(NODE4_79_73),V(NODE4_79_74),V(NODE4_79_75),V(NODE4_79_76),V(NODE4_79_77),V(NODE4_79_78),V(NODE4_79_79),V(NODE4_79_80),V(NODE4_79_81),V(NODE4_79_82),V(NODE4_79_83),V(NODE4_79_84),V(NODE4_79_85),V(NODE4_79_86),V(NODE4_79_87),V(NODE4_79_88),V(NODE4_79_89),V(NODE4_79_90),V(NODE4_79_91),V(NODE4_79_92),V(NODE4_79_93),V(NODE4_79_94),V(NODE4_79_95),V(NODE4_79_96),V(NODE4_79_97),V(NODE4_79_98),V(NODE4_79_99),V(NODE4_80_0),V(NODE4_80_1),V(NODE4_80_2),V(NODE4_80_3),V(NODE4_80_4),V(NODE4_80_5),V(NODE4_80_6),V(NODE4_80_7),V(NODE4_80_8),V(NODE4_80_9),V(NODE4_80_10),V(NODE4_80_11),V(NODE4_80_12),V(NODE4_80_13),V(NODE4_80_14),V(NODE4_80_15),V(NODE4_80_16),V(NODE4_80_17),V(NODE4_80_18),V(NODE4_80_19),V(NODE4_80_20),V(NODE4_80_21),V(NODE4_80_22),V(NODE4_80_23),V(NODE4_80_24),V(NODE4_80_25),V(NODE4_80_26),V(NODE4_80_27),V(NODE4_80_28),V(NODE4_80_29),V(NODE4_80_30),V(NODE4_80_31),V(NODE4_80_32),V(NODE4_80_33),V(NODE4_80_34),V(NODE4_80_35),V(NODE4_80_36),V(NODE4_80_37),V(NODE4_80_38),V(NODE4_80_39),V(NODE4_80_40),V(NODE4_80_41),V(NODE4_80_42),V(NODE4_80_43),V(NODE4_80_44),V(NODE4_80_45),V(NODE4_80_46),V(NODE4_80_47),V(NODE4_80_48),V(NODE4_80_49),V(NODE4_80_50),V(NODE4_80_51),V(NODE4_80_52),V(NODE4_80_53),V(NODE4_80_54),V(NODE4_80_55),V(NODE4_80_56),V(NODE4_80_57),V(NODE4_80_58),V(NODE4_80_59),V(NODE4_80_60),V(NODE4_80_61),V(NODE4_80_62),V(NODE4_80_63),V(NODE4_80_64),V(NODE4_80_65),V(NODE4_80_66),V(NODE4_80_67),V(NODE4_80_68),V(NODE4_80_69),V(NODE4_80_70),V(NODE4_80_71),V(NODE4_80_72),V(NODE4_80_73),V(NODE4_80_74),V(NODE4_80_75),V(NODE4_80_76),V(NODE4_80_77),V(NODE4_80_78),V(NODE4_80_79),V(NODE4_80_80),V(NODE4_80_81),V(NODE4_80_82),V(NODE4_80_83),V(NODE4_80_84),V(NODE4_80_85),V(NODE4_80_86),V(NODE4_80_87),V(NODE4_80_88),V(NODE4_80_89),V(NODE4_80_90),V(NODE4_80_91),V(NODE4_80_92),V(NODE4_80_93),V(NODE4_80_94),V(NODE4_80_95),V(NODE4_80_96),V(NODE4_80_97),V(NODE4_80_98),V(NODE4_80_99),V(NODE4_81_0),V(NODE4_81_1),V(NODE4_81_2),V(NODE4_81_3),V(NODE4_81_4),V(NODE4_81_5),V(NODE4_81_6),V(NODE4_81_7),V(NODE4_81_8),V(NODE4_81_9),V(NODE4_81_10),V(NODE4_81_11),V(NODE4_81_12),V(NODE4_81_13),V(NODE4_81_14),V(NODE4_81_15),V(NODE4_81_16),V(NODE4_81_17),V(NODE4_81_18),V(NODE4_81_19),V(NODE4_81_20),V(NODE4_81_21),V(NODE4_81_22),V(NODE4_81_23),V(NODE4_81_24),V(NODE4_81_25),V(NODE4_81_26),V(NODE4_81_27),V(NODE4_81_28),V(NODE4_81_29),V(NODE4_81_30),V(NODE4_81_31),V(NODE4_81_32),V(NODE4_81_33),V(NODE4_81_34),V(NODE4_81_35),V(NODE4_81_36),V(NODE4_81_37),V(NODE4_81_38),V(NODE4_81_39),V(NODE4_81_40),V(NODE4_81_41),V(NODE4_81_42),V(NODE4_81_43),V(NODE4_81_44),V(NODE4_81_45),V(NODE4_81_46),V(NODE4_81_47),V(NODE4_81_48),V(NODE4_81_49),V(NODE4_81_50),V(NODE4_81_51),V(NODE4_81_52),V(NODE4_81_53),V(NODE4_81_54),V(NODE4_81_55),V(NODE4_81_56),V(NODE4_81_57),V(NODE4_81_58),V(NODE4_81_59),V(NODE4_81_60),V(NODE4_81_61),V(NODE4_81_62),V(NODE4_81_63),V(NODE4_81_64),V(NODE4_81_65),V(NODE4_81_66),V(NODE4_81_67),V(NODE4_81_68),V(NODE4_81_69),V(NODE4_81_70),V(NODE4_81_71),V(NODE4_81_72),V(NODE4_81_73),V(NODE4_81_74),V(NODE4_81_75),V(NODE4_81_76),V(NODE4_81_77),V(NODE4_81_78),V(NODE4_81_79),V(NODE4_81_80),V(NODE4_81_81),V(NODE4_81_82),V(NODE4_81_83),V(NODE4_81_84),V(NODE4_81_85),V(NODE4_81_86),V(NODE4_81_87),V(NODE4_81_88),V(NODE4_81_89),V(NODE4_81_90),V(NODE4_81_91),V(NODE4_81_92),V(NODE4_81_93),V(NODE4_81_94),V(NODE4_81_95),V(NODE4_81_96),V(NODE4_81_97),V(NODE4_81_98),V(NODE4_81_99),V(NODE4_82_0),V(NODE4_82_1),V(NODE4_82_2),V(NODE4_82_3),V(NODE4_82_4),V(NODE4_82_5),V(NODE4_82_6),V(NODE4_82_7),V(NODE4_82_8),V(NODE4_82_9),V(NODE4_82_10),V(NODE4_82_11),V(NODE4_82_12),V(NODE4_82_13),V(NODE4_82_14),V(NODE4_82_15),V(NODE4_82_16),V(NODE4_82_17),V(NODE4_82_18),V(NODE4_82_19),V(NODE4_82_20),V(NODE4_82_21),V(NODE4_82_22),V(NODE4_82_23),V(NODE4_82_24),V(NODE4_82_25),V(NODE4_82_26),V(NODE4_82_27),V(NODE4_82_28),V(NODE4_82_29),V(NODE4_82_30),V(NODE4_82_31),V(NODE4_82_32),V(NODE4_82_33),V(NODE4_82_34),V(NODE4_82_35),V(NODE4_82_36),V(NODE4_82_37),V(NODE4_82_38),V(NODE4_82_39),V(NODE4_82_40),V(NODE4_82_41),V(NODE4_82_42),V(NODE4_82_43),V(NODE4_82_44),V(NODE4_82_45),V(NODE4_82_46),V(NODE4_82_47),V(NODE4_82_48),V(NODE4_82_49),V(NODE4_82_50),V(NODE4_82_51),V(NODE4_82_52),V(NODE4_82_53),V(NODE4_82_54),V(NODE4_82_55),V(NODE4_82_56),V(NODE4_82_57),V(NODE4_82_58),V(NODE4_82_59),V(NODE4_82_60),V(NODE4_82_61),V(NODE4_82_62),V(NODE4_82_63),V(NODE4_82_64),V(NODE4_82_65),V(NODE4_82_66),V(NODE4_82_67),V(NODE4_82_68),V(NODE4_82_69),V(NODE4_82_70),V(NODE4_82_71),V(NODE4_82_72),V(NODE4_82_73),V(NODE4_82_74),V(NODE4_82_75),V(NODE4_82_76),V(NODE4_82_77),V(NODE4_82_78),V(NODE4_82_79),V(NODE4_82_80),V(NODE4_82_81),V(NODE4_82_82),V(NODE4_82_83),V(NODE4_82_84),V(NODE4_82_85),V(NODE4_82_86),V(NODE4_82_87),V(NODE4_82_88),V(NODE4_82_89),V(NODE4_82_90),V(NODE4_82_91),V(NODE4_82_92),V(NODE4_82_93),V(NODE4_82_94),V(NODE4_82_95),V(NODE4_82_96),V(NODE4_82_97),V(NODE4_82_98),V(NODE4_82_99),V(NODE4_83_0),V(NODE4_83_1),V(NODE4_83_2),V(NODE4_83_3),V(NODE4_83_4),V(NODE4_83_5),V(NODE4_83_6),V(NODE4_83_7),V(NODE4_83_8),V(NODE4_83_9),V(NODE4_83_10),V(NODE4_83_11),V(NODE4_83_12),V(NODE4_83_13),V(NODE4_83_14),V(NODE4_83_15),V(NODE4_83_16),V(NODE4_83_17),V(NODE4_83_18),V(NODE4_83_19),V(NODE4_83_20),V(NODE4_83_21),V(NODE4_83_22),V(NODE4_83_23),V(NODE4_83_24),V(NODE4_83_25),V(NODE4_83_26),V(NODE4_83_27),V(NODE4_83_28),V(NODE4_83_29),V(NODE4_83_30),V(NODE4_83_31),V(NODE4_83_32),V(NODE4_83_33),V(NODE4_83_34),V(NODE4_83_35),V(NODE4_83_36),V(NODE4_83_37),V(NODE4_83_38),V(NODE4_83_39),V(NODE4_83_40),V(NODE4_83_41),V(NODE4_83_42),V(NODE4_83_43),V(NODE4_83_44),V(NODE4_83_45),V(NODE4_83_46),V(NODE4_83_47),V(NODE4_83_48),V(NODE4_83_49),V(NODE4_83_50),V(NODE4_83_51),V(NODE4_83_52),V(NODE4_83_53),V(NODE4_83_54),V(NODE4_83_55),V(NODE4_83_56),V(NODE4_83_57),V(NODE4_83_58),V(NODE4_83_59),V(NODE4_83_60),V(NODE4_83_61),V(NODE4_83_62),V(NODE4_83_63),V(NODE4_83_64),V(NODE4_83_65),V(NODE4_83_66),V(NODE4_83_67),V(NODE4_83_68),V(NODE4_83_69),V(NODE4_83_70),V(NODE4_83_71),V(NODE4_83_72),V(NODE4_83_73),V(NODE4_83_74),V(NODE4_83_75),V(NODE4_83_76),V(NODE4_83_77),V(NODE4_83_78),V(NODE4_83_79),V(NODE4_83_80),V(NODE4_83_81),V(NODE4_83_82),V(NODE4_83_83),V(NODE4_83_84),V(NODE4_83_85),V(NODE4_83_86),V(NODE4_83_87),V(NODE4_83_88),V(NODE4_83_89),V(NODE4_83_90),V(NODE4_83_91),V(NODE4_83_92),V(NODE4_83_93),V(NODE4_83_94),V(NODE4_83_95),V(NODE4_83_96),V(NODE4_83_97),V(NODE4_83_98),V(NODE4_83_99),V(NODE4_84_0),V(NODE4_84_1),V(NODE4_84_2),V(NODE4_84_3),V(NODE4_84_4),V(NODE4_84_5),V(NODE4_84_6),V(NODE4_84_7),V(NODE4_84_8),V(NODE4_84_9),V(NODE4_84_10),V(NODE4_84_11),V(NODE4_84_12),V(NODE4_84_13),V(NODE4_84_14),V(NODE4_84_15),V(NODE4_84_16),V(NODE4_84_17),V(NODE4_84_18),V(NODE4_84_19),V(NODE4_84_20),V(NODE4_84_21),V(NODE4_84_22),V(NODE4_84_23),V(NODE4_84_24),V(NODE4_84_25),V(NODE4_84_26),V(NODE4_84_27),V(NODE4_84_28),V(NODE4_84_29),V(NODE4_84_30),V(NODE4_84_31),V(NODE4_84_32),V(NODE4_84_33),V(NODE4_84_34),V(NODE4_84_35),V(NODE4_84_36),V(NODE4_84_37),V(NODE4_84_38),V(NODE4_84_39),V(NODE4_84_40),V(NODE4_84_41),V(NODE4_84_42),V(NODE4_84_43),V(NODE4_84_44),V(NODE4_84_45),V(NODE4_84_46),V(NODE4_84_47),V(NODE4_84_48),V(NODE4_84_49),V(NODE4_84_50),V(NODE4_84_51),V(NODE4_84_52),V(NODE4_84_53),V(NODE4_84_54),V(NODE4_84_55),V(NODE4_84_56),V(NODE4_84_57),V(NODE4_84_58),V(NODE4_84_59),V(NODE4_84_60),V(NODE4_84_61),V(NODE4_84_62),V(NODE4_84_63),V(NODE4_84_64),V(NODE4_84_65),V(NODE4_84_66),V(NODE4_84_67),V(NODE4_84_68),V(NODE4_84_69),V(NODE4_84_70),V(NODE4_84_71),V(NODE4_84_72),V(NODE4_84_73),V(NODE4_84_74),V(NODE4_84_75),V(NODE4_84_76),V(NODE4_84_77),V(NODE4_84_78),V(NODE4_84_79),V(NODE4_84_80),V(NODE4_84_81),V(NODE4_84_82),V(NODE4_84_83),V(NODE4_84_84),V(NODE4_84_85),V(NODE4_84_86),V(NODE4_84_87),V(NODE4_84_88),V(NODE4_84_89),V(NODE4_84_90),V(NODE4_84_91),V(NODE4_84_92),V(NODE4_84_93),V(NODE4_84_94),V(NODE4_84_95),V(NODE4_84_96),V(NODE4_84_97),V(NODE4_84_98),V(NODE4_84_99),V(NODE4_85_0),V(NODE4_85_1),V(NODE4_85_2),V(NODE4_85_3),V(NODE4_85_4),V(NODE4_85_5),V(NODE4_85_6),V(NODE4_85_7),V(NODE4_85_8),V(NODE4_85_9),V(NODE4_85_10),V(NODE4_85_11),V(NODE4_85_12),V(NODE4_85_13),V(NODE4_85_14),V(NODE4_85_15),V(NODE4_85_16),V(NODE4_85_17),V(NODE4_85_18),V(NODE4_85_19),V(NODE4_85_20),V(NODE4_85_21),V(NODE4_85_22),V(NODE4_85_23),V(NODE4_85_24),V(NODE4_85_25),V(NODE4_85_26),V(NODE4_85_27),V(NODE4_85_28),V(NODE4_85_29),V(NODE4_85_30),V(NODE4_85_31),V(NODE4_85_32),V(NODE4_85_33),V(NODE4_85_34),V(NODE4_85_35),V(NODE4_85_36),V(NODE4_85_37),V(NODE4_85_38),V(NODE4_85_39),V(NODE4_85_40),V(NODE4_85_41),V(NODE4_85_42),V(NODE4_85_43),V(NODE4_85_44),V(NODE4_85_45),V(NODE4_85_46),V(NODE4_85_47),V(NODE4_85_48),V(NODE4_85_49),V(NODE4_85_50),V(NODE4_85_51),V(NODE4_85_52),V(NODE4_85_53),V(NODE4_85_54),V(NODE4_85_55),V(NODE4_85_56),V(NODE4_85_57),V(NODE4_85_58),V(NODE4_85_59),V(NODE4_85_60),V(NODE4_85_61),V(NODE4_85_62),V(NODE4_85_63),V(NODE4_85_64),V(NODE4_85_65),V(NODE4_85_66),V(NODE4_85_67),V(NODE4_85_68),V(NODE4_85_69),V(NODE4_85_70),V(NODE4_85_71),V(NODE4_85_72),V(NODE4_85_73),V(NODE4_85_74),V(NODE4_85_75),V(NODE4_85_76),V(NODE4_85_77),V(NODE4_85_78),V(NODE4_85_79),V(NODE4_85_80),V(NODE4_85_81),V(NODE4_85_82),V(NODE4_85_83),V(NODE4_85_84),V(NODE4_85_85),V(NODE4_85_86),V(NODE4_85_87),V(NODE4_85_88),V(NODE4_85_89),V(NODE4_85_90),V(NODE4_85_91),V(NODE4_85_92),V(NODE4_85_93),V(NODE4_85_94),V(NODE4_85_95),V(NODE4_85_96),V(NODE4_85_97),V(NODE4_85_98),V(NODE4_85_99),V(NODE4_86_0),V(NODE4_86_1),V(NODE4_86_2),V(NODE4_86_3),V(NODE4_86_4),V(NODE4_86_5),V(NODE4_86_6),V(NODE4_86_7),V(NODE4_86_8),V(NODE4_86_9),V(NODE4_86_10),V(NODE4_86_11),V(NODE4_86_12),V(NODE4_86_13),V(NODE4_86_14),V(NODE4_86_15),V(NODE4_86_16),V(NODE4_86_17),V(NODE4_86_18),V(NODE4_86_19),V(NODE4_86_20),V(NODE4_86_21),V(NODE4_86_22),V(NODE4_86_23),V(NODE4_86_24),V(NODE4_86_25),V(NODE4_86_26),V(NODE4_86_27),V(NODE4_86_28),V(NODE4_86_29),V(NODE4_86_30),V(NODE4_86_31),V(NODE4_86_32),V(NODE4_86_33),V(NODE4_86_34),V(NODE4_86_35),V(NODE4_86_36),V(NODE4_86_37),V(NODE4_86_38),V(NODE4_86_39),V(NODE4_86_40),V(NODE4_86_41),V(NODE4_86_42),V(NODE4_86_43),V(NODE4_86_44),V(NODE4_86_45),V(NODE4_86_46),V(NODE4_86_47),V(NODE4_86_48),V(NODE4_86_49),V(NODE4_86_50),V(NODE4_86_51),V(NODE4_86_52),V(NODE4_86_53),V(NODE4_86_54),V(NODE4_86_55),V(NODE4_86_56),V(NODE4_86_57),V(NODE4_86_58),V(NODE4_86_59),V(NODE4_86_60),V(NODE4_86_61),V(NODE4_86_62),V(NODE4_86_63),V(NODE4_86_64),V(NODE4_86_65),V(NODE4_86_66),V(NODE4_86_67),V(NODE4_86_68),V(NODE4_86_69),V(NODE4_86_70),V(NODE4_86_71),V(NODE4_86_72),V(NODE4_86_73),V(NODE4_86_74),V(NODE4_86_75),V(NODE4_86_76),V(NODE4_86_77),V(NODE4_86_78),V(NODE4_86_79),V(NODE4_86_80),V(NODE4_86_81),V(NODE4_86_82),V(NODE4_86_83),V(NODE4_86_84),V(NODE4_86_85),V(NODE4_86_86),V(NODE4_86_87),V(NODE4_86_88),V(NODE4_86_89),V(NODE4_86_90),V(NODE4_86_91),V(NODE4_86_92),V(NODE4_86_93),V(NODE4_86_94),V(NODE4_86_95),V(NODE4_86_96),V(NODE4_86_97),V(NODE4_86_98),V(NODE4_86_99),V(NODE4_87_0),V(NODE4_87_1),V(NODE4_87_2),V(NODE4_87_3),V(NODE4_87_4),V(NODE4_87_5),V(NODE4_87_6),V(NODE4_87_7),V(NODE4_87_8),V(NODE4_87_9),V(NODE4_87_10),V(NODE4_87_11),V(NODE4_87_12),V(NODE4_87_13),V(NODE4_87_14),V(NODE4_87_15),V(NODE4_87_16),V(NODE4_87_17),V(NODE4_87_18),V(NODE4_87_19),V(NODE4_87_20),V(NODE4_87_21),V(NODE4_87_22),V(NODE4_87_23),V(NODE4_87_24),V(NODE4_87_25),V(NODE4_87_26),V(NODE4_87_27),V(NODE4_87_28),V(NODE4_87_29),V(NODE4_87_30),V(NODE4_87_31),V(NODE4_87_32),V(NODE4_87_33),V(NODE4_87_34),V(NODE4_87_35),V(NODE4_87_36),V(NODE4_87_37),V(NODE4_87_38),V(NODE4_87_39),V(NODE4_87_40),V(NODE4_87_41),V(NODE4_87_42),V(NODE4_87_43),V(NODE4_87_44),V(NODE4_87_45),V(NODE4_87_46),V(NODE4_87_47),V(NODE4_87_48),V(NODE4_87_49),V(NODE4_87_50),V(NODE4_87_51),V(NODE4_87_52),V(NODE4_87_53),V(NODE4_87_54),V(NODE4_87_55),V(NODE4_87_56),V(NODE4_87_57),V(NODE4_87_58),V(NODE4_87_59),V(NODE4_87_60),V(NODE4_87_61),V(NODE4_87_62),V(NODE4_87_63),V(NODE4_87_64),V(NODE4_87_65),V(NODE4_87_66),V(NODE4_87_67),V(NODE4_87_68),V(NODE4_87_69),V(NODE4_87_70),V(NODE4_87_71),V(NODE4_87_72),V(NODE4_87_73),V(NODE4_87_74),V(NODE4_87_75),V(NODE4_87_76),V(NODE4_87_77),V(NODE4_87_78),V(NODE4_87_79),V(NODE4_87_80),V(NODE4_87_81),V(NODE4_87_82),V(NODE4_87_83),V(NODE4_87_84),V(NODE4_87_85),V(NODE4_87_86),V(NODE4_87_87),V(NODE4_87_88),V(NODE4_87_89),V(NODE4_87_90),V(NODE4_87_91),V(NODE4_87_92),V(NODE4_87_93),V(NODE4_87_94),V(NODE4_87_95),V(NODE4_87_96),V(NODE4_87_97),V(NODE4_87_98),V(NODE4_87_99),V(NODE4_88_0),V(NODE4_88_1),V(NODE4_88_2),V(NODE4_88_3),V(NODE4_88_4),V(NODE4_88_5),V(NODE4_88_6),V(NODE4_88_7),V(NODE4_88_8),V(NODE4_88_9),V(NODE4_88_10),V(NODE4_88_11),V(NODE4_88_12),V(NODE4_88_13),V(NODE4_88_14),V(NODE4_88_15),V(NODE4_88_16),V(NODE4_88_17),V(NODE4_88_18),V(NODE4_88_19),V(NODE4_88_20),V(NODE4_88_21),V(NODE4_88_22),V(NODE4_88_23),V(NODE4_88_24),V(NODE4_88_25),V(NODE4_88_26),V(NODE4_88_27),V(NODE4_88_28),V(NODE4_88_29),V(NODE4_88_30),V(NODE4_88_31),V(NODE4_88_32),V(NODE4_88_33),V(NODE4_88_34),V(NODE4_88_35),V(NODE4_88_36),V(NODE4_88_37),V(NODE4_88_38),V(NODE4_88_39),V(NODE4_88_40),V(NODE4_88_41),V(NODE4_88_42),V(NODE4_88_43),V(NODE4_88_44),V(NODE4_88_45),V(NODE4_88_46),V(NODE4_88_47),V(NODE4_88_48),V(NODE4_88_49),V(NODE4_88_50),V(NODE4_88_51),V(NODE4_88_52),V(NODE4_88_53),V(NODE4_88_54),V(NODE4_88_55),V(NODE4_88_56),V(NODE4_88_57),V(NODE4_88_58),V(NODE4_88_59),V(NODE4_88_60),V(NODE4_88_61),V(NODE4_88_62),V(NODE4_88_63),V(NODE4_88_64),V(NODE4_88_65),V(NODE4_88_66),V(NODE4_88_67),V(NODE4_88_68),V(NODE4_88_69),V(NODE4_88_70),V(NODE4_88_71),V(NODE4_88_72),V(NODE4_88_73),V(NODE4_88_74),V(NODE4_88_75),V(NODE4_88_76),V(NODE4_88_77),V(NODE4_88_78),V(NODE4_88_79),V(NODE4_88_80),V(NODE4_88_81),V(NODE4_88_82),V(NODE4_88_83),V(NODE4_88_84),V(NODE4_88_85),V(NODE4_88_86),V(NODE4_88_87),V(NODE4_88_88),V(NODE4_88_89),V(NODE4_88_90),V(NODE4_88_91),V(NODE4_88_92),V(NODE4_88_93),V(NODE4_88_94),V(NODE4_88_95),V(NODE4_88_96),V(NODE4_88_97),V(NODE4_88_98),V(NODE4_88_99),V(NODE4_89_0),V(NODE4_89_1),V(NODE4_89_2),V(NODE4_89_3),V(NODE4_89_4),V(NODE4_89_5),V(NODE4_89_6),V(NODE4_89_7),V(NODE4_89_8),V(NODE4_89_9),V(NODE4_89_10),V(NODE4_89_11),V(NODE4_89_12),V(NODE4_89_13),V(NODE4_89_14),V(NODE4_89_15),V(NODE4_89_16),V(NODE4_89_17),V(NODE4_89_18),V(NODE4_89_19),V(NODE4_89_20),V(NODE4_89_21),V(NODE4_89_22),V(NODE4_89_23),V(NODE4_89_24),V(NODE4_89_25),V(NODE4_89_26),V(NODE4_89_27),V(NODE4_89_28),V(NODE4_89_29),V(NODE4_89_30),V(NODE4_89_31),V(NODE4_89_32),V(NODE4_89_33),V(NODE4_89_34),V(NODE4_89_35),V(NODE4_89_36),V(NODE4_89_37),V(NODE4_89_38),V(NODE4_89_39),V(NODE4_89_40),V(NODE4_89_41),V(NODE4_89_42),V(NODE4_89_43),V(NODE4_89_44),V(NODE4_89_45),V(NODE4_89_46),V(NODE4_89_47),V(NODE4_89_48),V(NODE4_89_49),V(NODE4_89_50),V(NODE4_89_51),V(NODE4_89_52),V(NODE4_89_53),V(NODE4_89_54),V(NODE4_89_55),V(NODE4_89_56),V(NODE4_89_57),V(NODE4_89_58),V(NODE4_89_59),V(NODE4_89_60),V(NODE4_89_61),V(NODE4_89_62),V(NODE4_89_63),V(NODE4_89_64),V(NODE4_89_65),V(NODE4_89_66),V(NODE4_89_67),V(NODE4_89_68),V(NODE4_89_69),V(NODE4_89_70),V(NODE4_89_71),V(NODE4_89_72),V(NODE4_89_73),V(NODE4_89_74),V(NODE4_89_75),V(NODE4_89_76),V(NODE4_89_77),V(NODE4_89_78),V(NODE4_89_79),V(NODE4_89_80),V(NODE4_89_81),V(NODE4_89_82),V(NODE4_89_83),V(NODE4_89_84),V(NODE4_89_85),V(NODE4_89_86),V(NODE4_89_87),V(NODE4_89_88),V(NODE4_89_89),V(NODE4_89_90),V(NODE4_89_91),V(NODE4_89_92),V(NODE4_89_93),V(NODE4_89_94),V(NODE4_89_95),V(NODE4_89_96),V(NODE4_89_97),V(NODE4_89_98),V(NODE4_89_99),V(NODE4_90_0),V(NODE4_90_1),V(NODE4_90_2),V(NODE4_90_3),V(NODE4_90_4),V(NODE4_90_5),V(NODE4_90_6),V(NODE4_90_7),V(NODE4_90_8),V(NODE4_90_9),V(NODE4_90_10),V(NODE4_90_11),V(NODE4_90_12),V(NODE4_90_13),V(NODE4_90_14),V(NODE4_90_15),V(NODE4_90_16),V(NODE4_90_17),V(NODE4_90_18),V(NODE4_90_19),V(NODE4_90_20),V(NODE4_90_21),V(NODE4_90_22),V(NODE4_90_23),V(NODE4_90_24),V(NODE4_90_25),V(NODE4_90_26),V(NODE4_90_27),V(NODE4_90_28),V(NODE4_90_29),V(NODE4_90_30),V(NODE4_90_31),V(NODE4_90_32),V(NODE4_90_33),V(NODE4_90_34),V(NODE4_90_35),V(NODE4_90_36),V(NODE4_90_37),V(NODE4_90_38),V(NODE4_90_39),V(NODE4_90_40),V(NODE4_90_41),V(NODE4_90_42),V(NODE4_90_43),V(NODE4_90_44),V(NODE4_90_45),V(NODE4_90_46),V(NODE4_90_47),V(NODE4_90_48),V(NODE4_90_49),V(NODE4_90_50),V(NODE4_90_51),V(NODE4_90_52),V(NODE4_90_53),V(NODE4_90_54),V(NODE4_90_55),V(NODE4_90_56),V(NODE4_90_57),V(NODE4_90_58),V(NODE4_90_59),V(NODE4_90_60),V(NODE4_90_61),V(NODE4_90_62),V(NODE4_90_63),V(NODE4_90_64),V(NODE4_90_65),V(NODE4_90_66),V(NODE4_90_67),V(NODE4_90_68),V(NODE4_90_69),V(NODE4_90_70),V(NODE4_90_71),V(NODE4_90_72),V(NODE4_90_73),V(NODE4_90_74),V(NODE4_90_75),V(NODE4_90_76),V(NODE4_90_77),V(NODE4_90_78),V(NODE4_90_79),V(NODE4_90_80),V(NODE4_90_81),V(NODE4_90_82),V(NODE4_90_83),V(NODE4_90_84),V(NODE4_90_85),V(NODE4_90_86),V(NODE4_90_87),V(NODE4_90_88),V(NODE4_90_89),V(NODE4_90_90),V(NODE4_90_91),V(NODE4_90_92),V(NODE4_90_93),V(NODE4_90_94),V(NODE4_90_95),V(NODE4_90_96),V(NODE4_90_97),V(NODE4_90_98),V(NODE4_90_99),V(NODE4_91_0),V(NODE4_91_1),V(NODE4_91_2),V(NODE4_91_3),V(NODE4_91_4),V(NODE4_91_5),V(NODE4_91_6),V(NODE4_91_7),V(NODE4_91_8),V(NODE4_91_9),V(NODE4_91_10),V(NODE4_91_11),V(NODE4_91_12),V(NODE4_91_13),V(NODE4_91_14),V(NODE4_91_15),V(NODE4_91_16),V(NODE4_91_17),V(NODE4_91_18),V(NODE4_91_19),V(NODE4_91_20),V(NODE4_91_21),V(NODE4_91_22),V(NODE4_91_23),V(NODE4_91_24),V(NODE4_91_25),V(NODE4_91_26),V(NODE4_91_27),V(NODE4_91_28),V(NODE4_91_29),V(NODE4_91_30),V(NODE4_91_31),V(NODE4_91_32),V(NODE4_91_33),V(NODE4_91_34),V(NODE4_91_35),V(NODE4_91_36),V(NODE4_91_37),V(NODE4_91_38),V(NODE4_91_39),V(NODE4_91_40),V(NODE4_91_41),V(NODE4_91_42),V(NODE4_91_43),V(NODE4_91_44),V(NODE4_91_45),V(NODE4_91_46),V(NODE4_91_47),V(NODE4_91_48),V(NODE4_91_49),V(NODE4_91_50),V(NODE4_91_51),V(NODE4_91_52),V(NODE4_91_53),V(NODE4_91_54),V(NODE4_91_55),V(NODE4_91_56),V(NODE4_91_57),V(NODE4_91_58),V(NODE4_91_59),V(NODE4_91_60),V(NODE4_91_61),V(NODE4_91_62),V(NODE4_91_63),V(NODE4_91_64),V(NODE4_91_65),V(NODE4_91_66),V(NODE4_91_67),V(NODE4_91_68),V(NODE4_91_69),V(NODE4_91_70),V(NODE4_91_71),V(NODE4_91_72),V(NODE4_91_73),V(NODE4_91_74),V(NODE4_91_75),V(NODE4_91_76),V(NODE4_91_77),V(NODE4_91_78),V(NODE4_91_79),V(NODE4_91_80),V(NODE4_91_81),V(NODE4_91_82),V(NODE4_91_83),V(NODE4_91_84),V(NODE4_91_85),V(NODE4_91_86),V(NODE4_91_87),V(NODE4_91_88),V(NODE4_91_89),V(NODE4_91_90),V(NODE4_91_91),V(NODE4_91_92),V(NODE4_91_93),V(NODE4_91_94),V(NODE4_91_95),V(NODE4_91_96),V(NODE4_91_97),V(NODE4_91_98),V(NODE4_91_99),V(NODE4_92_0),V(NODE4_92_1),V(NODE4_92_2),V(NODE4_92_3),V(NODE4_92_4),V(NODE4_92_5),V(NODE4_92_6),V(NODE4_92_7),V(NODE4_92_8),V(NODE4_92_9),V(NODE4_92_10),V(NODE4_92_11),V(NODE4_92_12),V(NODE4_92_13),V(NODE4_92_14),V(NODE4_92_15),V(NODE4_92_16),V(NODE4_92_17),V(NODE4_92_18),V(NODE4_92_19),V(NODE4_92_20),V(NODE4_92_21),V(NODE4_92_22),V(NODE4_92_23),V(NODE4_92_24),V(NODE4_92_25),V(NODE4_92_26),V(NODE4_92_27),V(NODE4_92_28),V(NODE4_92_29),V(NODE4_92_30),V(NODE4_92_31),V(NODE4_92_32),V(NODE4_92_33),V(NODE4_92_34),V(NODE4_92_35),V(NODE4_92_36),V(NODE4_92_37),V(NODE4_92_38),V(NODE4_92_39),V(NODE4_92_40),V(NODE4_92_41),V(NODE4_92_42),V(NODE4_92_43),V(NODE4_92_44),V(NODE4_92_45),V(NODE4_92_46),V(NODE4_92_47),V(NODE4_92_48),V(NODE4_92_49),V(NODE4_92_50),V(NODE4_92_51),V(NODE4_92_52),V(NODE4_92_53),V(NODE4_92_54),V(NODE4_92_55),V(NODE4_92_56),V(NODE4_92_57),V(NODE4_92_58),V(NODE4_92_59),V(NODE4_92_60),V(NODE4_92_61),V(NODE4_92_62),V(NODE4_92_63),V(NODE4_92_64),V(NODE4_92_65),V(NODE4_92_66),V(NODE4_92_67),V(NODE4_92_68),V(NODE4_92_69),V(NODE4_92_70),V(NODE4_92_71),V(NODE4_92_72),V(NODE4_92_73),V(NODE4_92_74),V(NODE4_92_75),V(NODE4_92_76),V(NODE4_92_77),V(NODE4_92_78),V(NODE4_92_79),V(NODE4_92_80),V(NODE4_92_81),V(NODE4_92_82),V(NODE4_92_83),V(NODE4_92_84),V(NODE4_92_85),V(NODE4_92_86),V(NODE4_92_87),V(NODE4_92_88),V(NODE4_92_89),V(NODE4_92_90),V(NODE4_92_91),V(NODE4_92_92),V(NODE4_92_93),V(NODE4_92_94),V(NODE4_92_95),V(NODE4_92_96),V(NODE4_92_97),V(NODE4_92_98),V(NODE4_92_99),V(NODE4_93_0),V(NODE4_93_1),V(NODE4_93_2),V(NODE4_93_3),V(NODE4_93_4),V(NODE4_93_5),V(NODE4_93_6),V(NODE4_93_7),V(NODE4_93_8),V(NODE4_93_9),V(NODE4_93_10),V(NODE4_93_11),V(NODE4_93_12),V(NODE4_93_13),V(NODE4_93_14),V(NODE4_93_15),V(NODE4_93_16),V(NODE4_93_17),V(NODE4_93_18),V(NODE4_93_19),V(NODE4_93_20),V(NODE4_93_21),V(NODE4_93_22),V(NODE4_93_23),V(NODE4_93_24),V(NODE4_93_25),V(NODE4_93_26),V(NODE4_93_27),V(NODE4_93_28),V(NODE4_93_29),V(NODE4_93_30),V(NODE4_93_31),V(NODE4_93_32),V(NODE4_93_33),V(NODE4_93_34),V(NODE4_93_35),V(NODE4_93_36),V(NODE4_93_37),V(NODE4_93_38),V(NODE4_93_39),V(NODE4_93_40),V(NODE4_93_41),V(NODE4_93_42),V(NODE4_93_43),V(NODE4_93_44),V(NODE4_93_45),V(NODE4_93_46),V(NODE4_93_47),V(NODE4_93_48),V(NODE4_93_49),V(NODE4_93_50),V(NODE4_93_51),V(NODE4_93_52),V(NODE4_93_53),V(NODE4_93_54),V(NODE4_93_55),V(NODE4_93_56),V(NODE4_93_57),V(NODE4_93_58),V(NODE4_93_59),V(NODE4_93_60),V(NODE4_93_61),V(NODE4_93_62),V(NODE4_93_63),V(NODE4_93_64),V(NODE4_93_65),V(NODE4_93_66),V(NODE4_93_67),V(NODE4_93_68),V(NODE4_93_69),V(NODE4_93_70),V(NODE4_93_71),V(NODE4_93_72),V(NODE4_93_73),V(NODE4_93_74),V(NODE4_93_75),V(NODE4_93_76),V(NODE4_93_77),V(NODE4_93_78),V(NODE4_93_79),V(NODE4_93_80),V(NODE4_93_81),V(NODE4_93_82),V(NODE4_93_83),V(NODE4_93_84),V(NODE4_93_85),V(NODE4_93_86),V(NODE4_93_87),V(NODE4_93_88),V(NODE4_93_89),V(NODE4_93_90),V(NODE4_93_91),V(NODE4_93_92),V(NODE4_93_93),V(NODE4_93_94),V(NODE4_93_95),V(NODE4_93_96),V(NODE4_93_97),V(NODE4_93_98),V(NODE4_93_99),V(NODE4_94_0),V(NODE4_94_1),V(NODE4_94_2),V(NODE4_94_3),V(NODE4_94_4),V(NODE4_94_5),V(NODE4_94_6),V(NODE4_94_7),V(NODE4_94_8),V(NODE4_94_9),V(NODE4_94_10),V(NODE4_94_11),V(NODE4_94_12),V(NODE4_94_13),V(NODE4_94_14),V(NODE4_94_15),V(NODE4_94_16),V(NODE4_94_17),V(NODE4_94_18),V(NODE4_94_19),V(NODE4_94_20),V(NODE4_94_21),V(NODE4_94_22),V(NODE4_94_23),V(NODE4_94_24),V(NODE4_94_25),V(NODE4_94_26),V(NODE4_94_27),V(NODE4_94_28),V(NODE4_94_29),V(NODE4_94_30),V(NODE4_94_31),V(NODE4_94_32),V(NODE4_94_33),V(NODE4_94_34),V(NODE4_94_35),V(NODE4_94_36),V(NODE4_94_37),V(NODE4_94_38),V(NODE4_94_39),V(NODE4_94_40),V(NODE4_94_41),V(NODE4_94_42),V(NODE4_94_43),V(NODE4_94_44),V(NODE4_94_45),V(NODE4_94_46),V(NODE4_94_47),V(NODE4_94_48),V(NODE4_94_49),V(NODE4_94_50),V(NODE4_94_51),V(NODE4_94_52),V(NODE4_94_53),V(NODE4_94_54),V(NODE4_94_55),V(NODE4_94_56),V(NODE4_94_57),V(NODE4_94_58),V(NODE4_94_59),V(NODE4_94_60),V(NODE4_94_61),V(NODE4_94_62),V(NODE4_94_63),V(NODE4_94_64),V(NODE4_94_65),V(NODE4_94_66),V(NODE4_94_67),V(NODE4_94_68),V(NODE4_94_69),V(NODE4_94_70),V(NODE4_94_71),V(NODE4_94_72),V(NODE4_94_73),V(NODE4_94_74),V(NODE4_94_75),V(NODE4_94_76),V(NODE4_94_77),V(NODE4_94_78),V(NODE4_94_79),V(NODE4_94_80),V(NODE4_94_81),V(NODE4_94_82),V(NODE4_94_83),V(NODE4_94_84),V(NODE4_94_85),V(NODE4_94_86),V(NODE4_94_87),V(NODE4_94_88),V(NODE4_94_89),V(NODE4_94_90),V(NODE4_94_91),V(NODE4_94_92),V(NODE4_94_93),V(NODE4_94_94),V(NODE4_94_95),V(NODE4_94_96),V(NODE4_94_97),V(NODE4_94_98),V(NODE4_94_99),V(NODE4_95_0),V(NODE4_95_1),V(NODE4_95_2),V(NODE4_95_3),V(NODE4_95_4),V(NODE4_95_5),V(NODE4_95_6),V(NODE4_95_7),V(NODE4_95_8),V(NODE4_95_9),V(NODE4_95_10),V(NODE4_95_11),V(NODE4_95_12),V(NODE4_95_13),V(NODE4_95_14),V(NODE4_95_15),V(NODE4_95_16),V(NODE4_95_17),V(NODE4_95_18),V(NODE4_95_19),V(NODE4_95_20),V(NODE4_95_21),V(NODE4_95_22),V(NODE4_95_23),V(NODE4_95_24),V(NODE4_95_25),V(NODE4_95_26),V(NODE4_95_27),V(NODE4_95_28),V(NODE4_95_29),V(NODE4_95_30),V(NODE4_95_31),V(NODE4_95_32),V(NODE4_95_33),V(NODE4_95_34),V(NODE4_95_35),V(NODE4_95_36),V(NODE4_95_37),V(NODE4_95_38),V(NODE4_95_39),V(NODE4_95_40),V(NODE4_95_41),V(NODE4_95_42),V(NODE4_95_43),V(NODE4_95_44),V(NODE4_95_45),V(NODE4_95_46),V(NODE4_95_47),V(NODE4_95_48),V(NODE4_95_49),V(NODE4_95_50),V(NODE4_95_51),V(NODE4_95_52),V(NODE4_95_53),V(NODE4_95_54),V(NODE4_95_55),V(NODE4_95_56),V(NODE4_95_57),V(NODE4_95_58),V(NODE4_95_59),V(NODE4_95_60),V(NODE4_95_61),V(NODE4_95_62),V(NODE4_95_63),V(NODE4_95_64),V(NODE4_95_65),V(NODE4_95_66),V(NODE4_95_67),V(NODE4_95_68),V(NODE4_95_69),V(NODE4_95_70),V(NODE4_95_71),V(NODE4_95_72),V(NODE4_95_73),V(NODE4_95_74),V(NODE4_95_75),V(NODE4_95_76),V(NODE4_95_77),V(NODE4_95_78),V(NODE4_95_79),V(NODE4_95_80),V(NODE4_95_81),V(NODE4_95_82),V(NODE4_95_83),V(NODE4_95_84),V(NODE4_95_85),V(NODE4_95_86),V(NODE4_95_87),V(NODE4_95_88),V(NODE4_95_89),V(NODE4_95_90),V(NODE4_95_91),V(NODE4_95_92),V(NODE4_95_93),V(NODE4_95_94),V(NODE4_95_95),V(NODE4_95_96),V(NODE4_95_97),V(NODE4_95_98),V(NODE4_95_99),V(NODE4_96_0),V(NODE4_96_1),V(NODE4_96_2),V(NODE4_96_3),V(NODE4_96_4),V(NODE4_96_5),V(NODE4_96_6),V(NODE4_96_7),V(NODE4_96_8),V(NODE4_96_9),V(NODE4_96_10),V(NODE4_96_11),V(NODE4_96_12),V(NODE4_96_13),V(NODE4_96_14),V(NODE4_96_15),V(NODE4_96_16),V(NODE4_96_17),V(NODE4_96_18),V(NODE4_96_19),V(NODE4_96_20),V(NODE4_96_21),V(NODE4_96_22),V(NODE4_96_23),V(NODE4_96_24),V(NODE4_96_25),V(NODE4_96_26),V(NODE4_96_27),V(NODE4_96_28),V(NODE4_96_29),V(NODE4_96_30),V(NODE4_96_31),V(NODE4_96_32),V(NODE4_96_33),V(NODE4_96_34),V(NODE4_96_35),V(NODE4_96_36),V(NODE4_96_37),V(NODE4_96_38),V(NODE4_96_39),V(NODE4_96_40),V(NODE4_96_41),V(NODE4_96_42),V(NODE4_96_43),V(NODE4_96_44),V(NODE4_96_45),V(NODE4_96_46),V(NODE4_96_47),V(NODE4_96_48),V(NODE4_96_49),V(NODE4_96_50),V(NODE4_96_51),V(NODE4_96_52),V(NODE4_96_53),V(NODE4_96_54),V(NODE4_96_55),V(NODE4_96_56),V(NODE4_96_57),V(NODE4_96_58),V(NODE4_96_59),V(NODE4_96_60),V(NODE4_96_61),V(NODE4_96_62),V(NODE4_96_63),V(NODE4_96_64),V(NODE4_96_65),V(NODE4_96_66),V(NODE4_96_67),V(NODE4_96_68),V(NODE4_96_69),V(NODE4_96_70),V(NODE4_96_71),V(NODE4_96_72),V(NODE4_96_73),V(NODE4_96_74),V(NODE4_96_75),V(NODE4_96_76),V(NODE4_96_77),V(NODE4_96_78),V(NODE4_96_79),V(NODE4_96_80),V(NODE4_96_81),V(NODE4_96_82),V(NODE4_96_83),V(NODE4_96_84),V(NODE4_96_85),V(NODE4_96_86),V(NODE4_96_87),V(NODE4_96_88),V(NODE4_96_89),V(NODE4_96_90),V(NODE4_96_91),V(NODE4_96_92),V(NODE4_96_93),V(NODE4_96_94),V(NODE4_96_95),V(NODE4_96_96),V(NODE4_96_97),V(NODE4_96_98),V(NODE4_96_99),V(NODE4_97_0),V(NODE4_97_1),V(NODE4_97_2),V(NODE4_97_3),V(NODE4_97_4),V(NODE4_97_5),V(NODE4_97_6),V(NODE4_97_7),V(NODE4_97_8),V(NODE4_97_9),V(NODE4_97_10),V(NODE4_97_11),V(NODE4_97_12),V(NODE4_97_13),V(NODE4_97_14),V(NODE4_97_15),V(NODE4_97_16),V(NODE4_97_17),V(NODE4_97_18),V(NODE4_97_19),V(NODE4_97_20),V(NODE4_97_21),V(NODE4_97_22),V(NODE4_97_23),V(NODE4_97_24),V(NODE4_97_25),V(NODE4_97_26),V(NODE4_97_27),V(NODE4_97_28),V(NODE4_97_29),V(NODE4_97_30),V(NODE4_97_31),V(NODE4_97_32),V(NODE4_97_33),V(NODE4_97_34),V(NODE4_97_35),V(NODE4_97_36),V(NODE4_97_37),V(NODE4_97_38),V(NODE4_97_39),V(NODE4_97_40),V(NODE4_97_41),V(NODE4_97_42),V(NODE4_97_43),V(NODE4_97_44),V(NODE4_97_45),V(NODE4_97_46),V(NODE4_97_47),V(NODE4_97_48),V(NODE4_97_49),V(NODE4_97_50),V(NODE4_97_51),V(NODE4_97_52),V(NODE4_97_53),V(NODE4_97_54),V(NODE4_97_55),V(NODE4_97_56),V(NODE4_97_57),V(NODE4_97_58),V(NODE4_97_59),V(NODE4_97_60),V(NODE4_97_61),V(NODE4_97_62),V(NODE4_97_63),V(NODE4_97_64),V(NODE4_97_65),V(NODE4_97_66),V(NODE4_97_67),V(NODE4_97_68),V(NODE4_97_69),V(NODE4_97_70),V(NODE4_97_71),V(NODE4_97_72),V(NODE4_97_73),V(NODE4_97_74),V(NODE4_97_75),V(NODE4_97_76),V(NODE4_97_77),V(NODE4_97_78),V(NODE4_97_79),V(NODE4_97_80),V(NODE4_97_81),V(NODE4_97_82),V(NODE4_97_83),V(NODE4_97_84),V(NODE4_97_85),V(NODE4_97_86),V(NODE4_97_87),V(NODE4_97_88),V(NODE4_97_89),V(NODE4_97_90),V(NODE4_97_91),V(NODE4_97_92),V(NODE4_97_93),V(NODE4_97_94),V(NODE4_97_95),V(NODE4_97_96),V(NODE4_97_97),V(NODE4_97_98),V(NODE4_97_99),V(NODE4_98_0),V(NODE4_98_1),V(NODE4_98_2),V(NODE4_98_3),V(NODE4_98_4),V(NODE4_98_5),V(NODE4_98_6),V(NODE4_98_7),V(NODE4_98_8),V(NODE4_98_9),V(NODE4_98_10),V(NODE4_98_11),V(NODE4_98_12),V(NODE4_98_13),V(NODE4_98_14),V(NODE4_98_15),V(NODE4_98_16),V(NODE4_98_17),V(NODE4_98_18),V(NODE4_98_19),V(NODE4_98_20),V(NODE4_98_21),V(NODE4_98_22),V(NODE4_98_23),V(NODE4_98_24),V(NODE4_98_25),V(NODE4_98_26),V(NODE4_98_27),V(NODE4_98_28),V(NODE4_98_29),V(NODE4_98_30),V(NODE4_98_31),V(NODE4_98_32),V(NODE4_98_33),V(NODE4_98_34),V(NODE4_98_35),V(NODE4_98_36),V(NODE4_98_37),V(NODE4_98_38),V(NODE4_98_39),V(NODE4_98_40),V(NODE4_98_41),V(NODE4_98_42),V(NODE4_98_43),V(NODE4_98_44),V(NODE4_98_45),V(NODE4_98_46),V(NODE4_98_47),V(NODE4_98_48),V(NODE4_98_49),V(NODE4_98_50),V(NODE4_98_51),V(NODE4_98_52),V(NODE4_98_53),V(NODE4_98_54),V(NODE4_98_55),V(NODE4_98_56),V(NODE4_98_57),V(NODE4_98_58),V(NODE4_98_59),V(NODE4_98_60),V(NODE4_98_61),V(NODE4_98_62),V(NODE4_98_63),V(NODE4_98_64),V(NODE4_98_65),V(NODE4_98_66),V(NODE4_98_67),V(NODE4_98_68),V(NODE4_98_69),V(NODE4_98_70),V(NODE4_98_71),V(NODE4_98_72),V(NODE4_98_73),V(NODE4_98_74),V(NODE4_98_75),V(NODE4_98_76),V(NODE4_98_77),V(NODE4_98_78),V(NODE4_98_79),V(NODE4_98_80),V(NODE4_98_81),V(NODE4_98_82),V(NODE4_98_83),V(NODE4_98_84),V(NODE4_98_85),V(NODE4_98_86),V(NODE4_98_87),V(NODE4_98_88),V(NODE4_98_89),V(NODE4_98_90),V(NODE4_98_91),V(NODE4_98_92),V(NODE4_98_93),V(NODE4_98_94),V(NODE4_98_95),V(NODE4_98_96),V(NODE4_98_97),V(NODE4_98_98),V(NODE4_98_99),V(NODE4_99_0),V(NODE4_99_1),V(NODE4_99_2),V(NODE4_99_3),V(NODE4_99_4),V(NODE4_99_5),V(NODE4_99_6),V(NODE4_99_7),V(NODE4_99_8),V(NODE4_99_9),V(NODE4_99_10),V(NODE4_99_11),V(NODE4_99_12),V(NODE4_99_13),V(NODE4_99_14),V(NODE4_99_15),V(NODE4_99_16),V(NODE4_99_17),V(NODE4_99_18),V(NODE4_99_19),V(NODE4_99_20),V(NODE4_99_21),V(NODE4_99_22),V(NODE4_99_23),V(NODE4_99_24),V(NODE4_99_25),V(NODE4_99_26),V(NODE4_99_27),V(NODE4_99_28),V(NODE4_99_29),V(NODE4_99_30),V(NODE4_99_31),V(NODE4_99_32),V(NODE4_99_33),V(NODE4_99_34),V(NODE4_99_35),V(NODE4_99_36),V(NODE4_99_37),V(NODE4_99_38),V(NODE4_99_39),V(NODE4_99_40),V(NODE4_99_41),V(NODE4_99_42),V(NODE4_99_43),V(NODE4_99_44),V(NODE4_99_45),V(NODE4_99_46),V(NODE4_99_47),V(NODE4_99_48),V(NODE4_99_49),V(NODE4_99_50),V(NODE4_99_51),V(NODE4_99_52),V(NODE4_99_53),V(NODE4_99_54),V(NODE4_99_55),V(NODE4_99_56),V(NODE4_99_57),V(NODE4_99_58),V(NODE4_99_59),V(NODE4_99_60),V(NODE4_99_61),V(NODE4_99_62),V(NODE4_99_63),V(NODE4_99_64),V(NODE4_99_65),V(NODE4_99_66),V(NODE4_99_67),V(NODE4_99_68),V(NODE4_99_69),V(NODE4_99_70),V(NODE4_99_71),V(NODE4_99_72),V(NODE4_99_73),V(NODE4_99_74),V(NODE4_99_75),V(NODE4_99_76),V(NODE4_99_77),V(NODE4_99_78),V(NODE4_99_79),V(NODE4_99_80),V(NODE4_99_81),V(NODE4_99_82),V(NODE4_99_83),V(NODE4_99_84),V(NODE4_99_85),V(NODE4_99_86),V(NODE4_99_87),V(NODE4_99_88),V(NODE4_99_89),V(NODE4_99_90),V(NODE4_99_91),V(NODE4_99_92),V(NODE4_99_93),V(NODE4_99_94),V(NODE4_99_95),V(NODE4_99_96),V(NODE4_99_97),V(NODE4_99_98),V(NODE4_99_99),V(NODE5_0_0),V(NODE5_0_1),V(NODE5_0_2),V(NODE5_0_3),V(NODE5_0_4),V(NODE5_0_5),V(NODE5_0_6),V(NODE5_0_7),V(NODE5_0_8),V(NODE5_0_9),V(NODE5_0_10),V(NODE5_0_11),V(NODE5_0_12),V(NODE5_0_13),V(NODE5_0_14),V(NODE5_0_15),V(NODE5_0_16),V(NODE5_0_17),V(NODE5_0_18),V(NODE5_0_19),V(NODE5_0_20),V(NODE5_0_21),V(NODE5_0_22),V(NODE5_0_23),V(NODE5_0_24),V(NODE5_0_25),V(NODE5_0_26),V(NODE5_0_27),V(NODE5_0_28),V(NODE5_0_29),V(NODE5_0_30),V(NODE5_0_31),V(NODE5_0_32),V(NODE5_0_33),V(NODE5_0_34),V(NODE5_0_35),V(NODE5_0_36),V(NODE5_0_37),V(NODE5_0_38),V(NODE5_0_39),V(NODE5_0_40),V(NODE5_0_41),V(NODE5_0_42),V(NODE5_0_43),V(NODE5_0_44),V(NODE5_0_45),V(NODE5_0_46),V(NODE5_0_47),V(NODE5_0_48),V(NODE5_0_49),V(NODE5_0_50),V(NODE5_0_51),V(NODE5_0_52),V(NODE5_0_53),V(NODE5_0_54),V(NODE5_0_55),V(NODE5_0_56),V(NODE5_0_57),V(NODE5_0_58),V(NODE5_0_59),V(NODE5_0_60),V(NODE5_0_61),V(NODE5_0_62),V(NODE5_0_63),V(NODE5_0_64),V(NODE5_0_65),V(NODE5_0_66),V(NODE5_0_67),V(NODE5_0_68),V(NODE5_0_69),V(NODE5_0_70),V(NODE5_0_71),V(NODE5_0_72),V(NODE5_0_73),V(NODE5_0_74),V(NODE5_0_75),V(NODE5_0_76),V(NODE5_0_77),V(NODE5_0_78),V(NODE5_0_79),V(NODE5_0_80),V(NODE5_0_81),V(NODE5_0_82),V(NODE5_0_83),V(NODE5_0_84),V(NODE5_0_85),V(NODE5_0_86),V(NODE5_0_87),V(NODE5_0_88),V(NODE5_0_89),V(NODE5_0_90),V(NODE5_0_91),V(NODE5_0_92),V(NODE5_0_93),V(NODE5_0_94),V(NODE5_0_95),V(NODE5_0_96),V(NODE5_0_97),V(NODE5_0_98),V(NODE5_0_99),V(NODE5_1_0),V(NODE5_1_1),V(NODE5_1_2),V(NODE5_1_3),V(NODE5_1_4),V(NODE5_1_5),V(NODE5_1_6),V(NODE5_1_7),V(NODE5_1_8),V(NODE5_1_9),V(NODE5_1_10),V(NODE5_1_11),V(NODE5_1_12),V(NODE5_1_13),V(NODE5_1_14),V(NODE5_1_15),V(NODE5_1_16),V(NODE5_1_17),V(NODE5_1_18),V(NODE5_1_19),V(NODE5_1_20),V(NODE5_1_21),V(NODE5_1_22),V(NODE5_1_23),V(NODE5_1_24),V(NODE5_1_25),V(NODE5_1_26),V(NODE5_1_27),V(NODE5_1_28),V(NODE5_1_29),V(NODE5_1_30),V(NODE5_1_31),V(NODE5_1_32),V(NODE5_1_33),V(NODE5_1_34),V(NODE5_1_35),V(NODE5_1_36),V(NODE5_1_37),V(NODE5_1_38),V(NODE5_1_39),V(NODE5_1_40),V(NODE5_1_41),V(NODE5_1_42),V(NODE5_1_43),V(NODE5_1_44),V(NODE5_1_45),V(NODE5_1_46),V(NODE5_1_47),V(NODE5_1_48),V(NODE5_1_49),V(NODE5_1_50),V(NODE5_1_51),V(NODE5_1_52),V(NODE5_1_53),V(NODE5_1_54),V(NODE5_1_55),V(NODE5_1_56),V(NODE5_1_57),V(NODE5_1_58),V(NODE5_1_59),V(NODE5_1_60),V(NODE5_1_61),V(NODE5_1_62),V(NODE5_1_63),V(NODE5_1_64),V(NODE5_1_65),V(NODE5_1_66),V(NODE5_1_67),V(NODE5_1_68),V(NODE5_1_69),V(NODE5_1_70),V(NODE5_1_71),V(NODE5_1_72),V(NODE5_1_73),V(NODE5_1_74),V(NODE5_1_75),V(NODE5_1_76),V(NODE5_1_77),V(NODE5_1_78),V(NODE5_1_79),V(NODE5_1_80),V(NODE5_1_81),V(NODE5_1_82),V(NODE5_1_83),V(NODE5_1_84),V(NODE5_1_85),V(NODE5_1_86),V(NODE5_1_87),V(NODE5_1_88),V(NODE5_1_89),V(NODE5_1_90),V(NODE5_1_91),V(NODE5_1_92),V(NODE5_1_93),V(NODE5_1_94),V(NODE5_1_95),V(NODE5_1_96),V(NODE5_1_97),V(NODE5_1_98),V(NODE5_1_99),V(NODE5_2_0),V(NODE5_2_1),V(NODE5_2_2),V(NODE5_2_3),V(NODE5_2_4),V(NODE5_2_5),V(NODE5_2_6),V(NODE5_2_7),V(NODE5_2_8),V(NODE5_2_9),V(NODE5_2_10),V(NODE5_2_11),V(NODE5_2_12),V(NODE5_2_13),V(NODE5_2_14),V(NODE5_2_15),V(NODE5_2_16),V(NODE5_2_17),V(NODE5_2_18),V(NODE5_2_19),V(NODE5_2_20),V(NODE5_2_21),V(NODE5_2_22),V(NODE5_2_23),V(NODE5_2_24),V(NODE5_2_25),V(NODE5_2_26),V(NODE5_2_27),V(NODE5_2_28),V(NODE5_2_29),V(NODE5_2_30),V(NODE5_2_31),V(NODE5_2_32),V(NODE5_2_33),V(NODE5_2_34),V(NODE5_2_35),V(NODE5_2_36),V(NODE5_2_37),V(NODE5_2_38),V(NODE5_2_39),V(NODE5_2_40),V(NODE5_2_41),V(NODE5_2_42),V(NODE5_2_43),V(NODE5_2_44),V(NODE5_2_45),V(NODE5_2_46),V(NODE5_2_47),V(NODE5_2_48),V(NODE5_2_49),V(NODE5_2_50),V(NODE5_2_51),V(NODE5_2_52),V(NODE5_2_53),V(NODE5_2_54),V(NODE5_2_55),V(NODE5_2_56),V(NODE5_2_57),V(NODE5_2_58),V(NODE5_2_59),V(NODE5_2_60),V(NODE5_2_61),V(NODE5_2_62),V(NODE5_2_63),V(NODE5_2_64),V(NODE5_2_65),V(NODE5_2_66),V(NODE5_2_67),V(NODE5_2_68),V(NODE5_2_69),V(NODE5_2_70),V(NODE5_2_71),V(NODE5_2_72),V(NODE5_2_73),V(NODE5_2_74),V(NODE5_2_75),V(NODE5_2_76),V(NODE5_2_77),V(NODE5_2_78),V(NODE5_2_79),V(NODE5_2_80),V(NODE5_2_81),V(NODE5_2_82),V(NODE5_2_83),V(NODE5_2_84),V(NODE5_2_85),V(NODE5_2_86),V(NODE5_2_87),V(NODE5_2_88),V(NODE5_2_89),V(NODE5_2_90),V(NODE5_2_91),V(NODE5_2_92),V(NODE5_2_93),V(NODE5_2_94),V(NODE5_2_95),V(NODE5_2_96),V(NODE5_2_97),V(NODE5_2_98),V(NODE5_2_99),V(NODE5_3_0),V(NODE5_3_1),V(NODE5_3_2),V(NODE5_3_3),V(NODE5_3_4),V(NODE5_3_5),V(NODE5_3_6),V(NODE5_3_7),V(NODE5_3_8),V(NODE5_3_9),V(NODE5_3_10),V(NODE5_3_11),V(NODE5_3_12),V(NODE5_3_13),V(NODE5_3_14),V(NODE5_3_15),V(NODE5_3_16),V(NODE5_3_17),V(NODE5_3_18),V(NODE5_3_19),V(NODE5_3_20),V(NODE5_3_21),V(NODE5_3_22),V(NODE5_3_23),V(NODE5_3_24),V(NODE5_3_25),V(NODE5_3_26),V(NODE5_3_27),V(NODE5_3_28),V(NODE5_3_29),V(NODE5_3_30),V(NODE5_3_31),V(NODE5_3_32),V(NODE5_3_33),V(NODE5_3_34),V(NODE5_3_35),V(NODE5_3_36),V(NODE5_3_37),V(NODE5_3_38),V(NODE5_3_39),V(NODE5_3_40),V(NODE5_3_41),V(NODE5_3_42),V(NODE5_3_43),V(NODE5_3_44),V(NODE5_3_45),V(NODE5_3_46),V(NODE5_3_47),V(NODE5_3_48),V(NODE5_3_49),V(NODE5_3_50),V(NODE5_3_51),V(NODE5_3_52),V(NODE5_3_53),V(NODE5_3_54),V(NODE5_3_55),V(NODE5_3_56),V(NODE5_3_57),V(NODE5_3_58),V(NODE5_3_59),V(NODE5_3_60),V(NODE5_3_61),V(NODE5_3_62),V(NODE5_3_63),V(NODE5_3_64),V(NODE5_3_65),V(NODE5_3_66),V(NODE5_3_67),V(NODE5_3_68),V(NODE5_3_69),V(NODE5_3_70),V(NODE5_3_71),V(NODE5_3_72),V(NODE5_3_73),V(NODE5_3_74),V(NODE5_3_75),V(NODE5_3_76),V(NODE5_3_77),V(NODE5_3_78),V(NODE5_3_79),V(NODE5_3_80),V(NODE5_3_81),V(NODE5_3_82),V(NODE5_3_83),V(NODE5_3_84),V(NODE5_3_85),V(NODE5_3_86),V(NODE5_3_87),V(NODE5_3_88),V(NODE5_3_89),V(NODE5_3_90),V(NODE5_3_91),V(NODE5_3_92),V(NODE5_3_93),V(NODE5_3_94),V(NODE5_3_95),V(NODE5_3_96),V(NODE5_3_97),V(NODE5_3_98),V(NODE5_3_99),V(NODE5_4_0),V(NODE5_4_1),V(NODE5_4_2),V(NODE5_4_3),V(NODE5_4_4),V(NODE5_4_5),V(NODE5_4_6),V(NODE5_4_7),V(NODE5_4_8),V(NODE5_4_9),V(NODE5_4_10),V(NODE5_4_11),V(NODE5_4_12),V(NODE5_4_13),V(NODE5_4_14),V(NODE5_4_15),V(NODE5_4_16),V(NODE5_4_17),V(NODE5_4_18),V(NODE5_4_19),V(NODE5_4_20),V(NODE5_4_21),V(NODE5_4_22),V(NODE5_4_23),V(NODE5_4_24),V(NODE5_4_25),V(NODE5_4_26),V(NODE5_4_27),V(NODE5_4_28),V(NODE5_4_29),V(NODE5_4_30),V(NODE5_4_31),V(NODE5_4_32),V(NODE5_4_33),V(NODE5_4_34),V(NODE5_4_35),V(NODE5_4_36),V(NODE5_4_37),V(NODE5_4_38),V(NODE5_4_39),V(NODE5_4_40),V(NODE5_4_41),V(NODE5_4_42),V(NODE5_4_43),V(NODE5_4_44),V(NODE5_4_45),V(NODE5_4_46),V(NODE5_4_47),V(NODE5_4_48),V(NODE5_4_49),V(NODE5_4_50),V(NODE5_4_51),V(NODE5_4_52),V(NODE5_4_53),V(NODE5_4_54),V(NODE5_4_55),V(NODE5_4_56),V(NODE5_4_57),V(NODE5_4_58),V(NODE5_4_59),V(NODE5_4_60),V(NODE5_4_61),V(NODE5_4_62),V(NODE5_4_63),V(NODE5_4_64),V(NODE5_4_65),V(NODE5_4_66),V(NODE5_4_67),V(NODE5_4_68),V(NODE5_4_69),V(NODE5_4_70),V(NODE5_4_71),V(NODE5_4_72),V(NODE5_4_73),V(NODE5_4_74),V(NODE5_4_75),V(NODE5_4_76),V(NODE5_4_77),V(NODE5_4_78),V(NODE5_4_79),V(NODE5_4_80),V(NODE5_4_81),V(NODE5_4_82),V(NODE5_4_83),V(NODE5_4_84),V(NODE5_4_85),V(NODE5_4_86),V(NODE5_4_87),V(NODE5_4_88),V(NODE5_4_89),V(NODE5_4_90),V(NODE5_4_91),V(NODE5_4_92),V(NODE5_4_93),V(NODE5_4_94),V(NODE5_4_95),V(NODE5_4_96),V(NODE5_4_97),V(NODE5_4_98),V(NODE5_4_99),V(NODE5_5_0),V(NODE5_5_1),V(NODE5_5_2),V(NODE5_5_3),V(NODE5_5_4),V(NODE5_5_5),V(NODE5_5_6),V(NODE5_5_7),V(NODE5_5_8),V(NODE5_5_9),V(NODE5_5_10),V(NODE5_5_11),V(NODE5_5_12),V(NODE5_5_13),V(NODE5_5_14),V(NODE5_5_15),V(NODE5_5_16),V(NODE5_5_17),V(NODE5_5_18),V(NODE5_5_19),V(NODE5_5_20),V(NODE5_5_21),V(NODE5_5_22),V(NODE5_5_23),V(NODE5_5_24),V(NODE5_5_25),V(NODE5_5_26),V(NODE5_5_27),V(NODE5_5_28),V(NODE5_5_29),V(NODE5_5_30),V(NODE5_5_31),V(NODE5_5_32),V(NODE5_5_33),V(NODE5_5_34),V(NODE5_5_35),V(NODE5_5_36),V(NODE5_5_37),V(NODE5_5_38),V(NODE5_5_39),V(NODE5_5_40),V(NODE5_5_41),V(NODE5_5_42),V(NODE5_5_43),V(NODE5_5_44),V(NODE5_5_45),V(NODE5_5_46),V(NODE5_5_47),V(NODE5_5_48),V(NODE5_5_49),V(NODE5_5_50),V(NODE5_5_51),V(NODE5_5_52),V(NODE5_5_53),V(NODE5_5_54),V(NODE5_5_55),V(NODE5_5_56),V(NODE5_5_57),V(NODE5_5_58),V(NODE5_5_59),V(NODE5_5_60),V(NODE5_5_61),V(NODE5_5_62),V(NODE5_5_63),V(NODE5_5_64),V(NODE5_5_65),V(NODE5_5_66),V(NODE5_5_67),V(NODE5_5_68),V(NODE5_5_69),V(NODE5_5_70),V(NODE5_5_71),V(NODE5_5_72),V(NODE5_5_73),V(NODE5_5_74),V(NODE5_5_75),V(NODE5_5_76),V(NODE5_5_77),V(NODE5_5_78),V(NODE5_5_79),V(NODE5_5_80),V(NODE5_5_81),V(NODE5_5_82),V(NODE5_5_83),V(NODE5_5_84),V(NODE5_5_85),V(NODE5_5_86),V(NODE5_5_87),V(NODE5_5_88),V(NODE5_5_89),V(NODE5_5_90),V(NODE5_5_91),V(NODE5_5_92),V(NODE5_5_93),V(NODE5_5_94),V(NODE5_5_95),V(NODE5_5_96),V(NODE5_5_97),V(NODE5_5_98),V(NODE5_5_99),V(NODE5_6_0),V(NODE5_6_1),V(NODE5_6_2),V(NODE5_6_3),V(NODE5_6_4),V(NODE5_6_5),V(NODE5_6_6),V(NODE5_6_7),V(NODE5_6_8),V(NODE5_6_9),V(NODE5_6_10),V(NODE5_6_11),V(NODE5_6_12),V(NODE5_6_13),V(NODE5_6_14),V(NODE5_6_15),V(NODE5_6_16),V(NODE5_6_17),V(NODE5_6_18),V(NODE5_6_19),V(NODE5_6_20),V(NODE5_6_21),V(NODE5_6_22),V(NODE5_6_23),V(NODE5_6_24),V(NODE5_6_25),V(NODE5_6_26),V(NODE5_6_27),V(NODE5_6_28),V(NODE5_6_29),V(NODE5_6_30),V(NODE5_6_31),V(NODE5_6_32),V(NODE5_6_33),V(NODE5_6_34),V(NODE5_6_35),V(NODE5_6_36),V(NODE5_6_37),V(NODE5_6_38),V(NODE5_6_39),V(NODE5_6_40),V(NODE5_6_41),V(NODE5_6_42),V(NODE5_6_43),V(NODE5_6_44),V(NODE5_6_45),V(NODE5_6_46),V(NODE5_6_47),V(NODE5_6_48),V(NODE5_6_49),V(NODE5_6_50),V(NODE5_6_51),V(NODE5_6_52),V(NODE5_6_53),V(NODE5_6_54),V(NODE5_6_55),V(NODE5_6_56),V(NODE5_6_57),V(NODE5_6_58),V(NODE5_6_59),V(NODE5_6_60),V(NODE5_6_61),V(NODE5_6_62),V(NODE5_6_63),V(NODE5_6_64),V(NODE5_6_65),V(NODE5_6_66),V(NODE5_6_67),V(NODE5_6_68),V(NODE5_6_69),V(NODE5_6_70),V(NODE5_6_71),V(NODE5_6_72),V(NODE5_6_73),V(NODE5_6_74),V(NODE5_6_75),V(NODE5_6_76),V(NODE5_6_77),V(NODE5_6_78),V(NODE5_6_79),V(NODE5_6_80),V(NODE5_6_81),V(NODE5_6_82),V(NODE5_6_83),V(NODE5_6_84),V(NODE5_6_85),V(NODE5_6_86),V(NODE5_6_87),V(NODE5_6_88),V(NODE5_6_89),V(NODE5_6_90),V(NODE5_6_91),V(NODE5_6_92),V(NODE5_6_93),V(NODE5_6_94),V(NODE5_6_95),V(NODE5_6_96),V(NODE5_6_97),V(NODE5_6_98),V(NODE5_6_99),V(NODE5_7_0),V(NODE5_7_1),V(NODE5_7_2),V(NODE5_7_3),V(NODE5_7_4),V(NODE5_7_5),V(NODE5_7_6),V(NODE5_7_7),V(NODE5_7_8),V(NODE5_7_9),V(NODE5_7_10),V(NODE5_7_11),V(NODE5_7_12),V(NODE5_7_13),V(NODE5_7_14),V(NODE5_7_15),V(NODE5_7_16),V(NODE5_7_17),V(NODE5_7_18),V(NODE5_7_19),V(NODE5_7_20),V(NODE5_7_21),V(NODE5_7_22),V(NODE5_7_23),V(NODE5_7_24),V(NODE5_7_25),V(NODE5_7_26),V(NODE5_7_27),V(NODE5_7_28),V(NODE5_7_29),V(NODE5_7_30),V(NODE5_7_31),V(NODE5_7_32),V(NODE5_7_33),V(NODE5_7_34),V(NODE5_7_35),V(NODE5_7_36),V(NODE5_7_37),V(NODE5_7_38),V(NODE5_7_39),V(NODE5_7_40),V(NODE5_7_41),V(NODE5_7_42),V(NODE5_7_43),V(NODE5_7_44),V(NODE5_7_45),V(NODE5_7_46),V(NODE5_7_47),V(NODE5_7_48),V(NODE5_7_49),V(NODE5_7_50),V(NODE5_7_51),V(NODE5_7_52),V(NODE5_7_53),V(NODE5_7_54),V(NODE5_7_55),V(NODE5_7_56),V(NODE5_7_57),V(NODE5_7_58),V(NODE5_7_59),V(NODE5_7_60),V(NODE5_7_61),V(NODE5_7_62),V(NODE5_7_63),V(NODE5_7_64),V(NODE5_7_65),V(NODE5_7_66),V(NODE5_7_67),V(NODE5_7_68),V(NODE5_7_69),V(NODE5_7_70),V(NODE5_7_71),V(NODE5_7_72),V(NODE5_7_73),V(NODE5_7_74),V(NODE5_7_75),V(NODE5_7_76),V(NODE5_7_77),V(NODE5_7_78),V(NODE5_7_79),V(NODE5_7_80),V(NODE5_7_81),V(NODE5_7_82),V(NODE5_7_83),V(NODE5_7_84),V(NODE5_7_85),V(NODE5_7_86),V(NODE5_7_87),V(NODE5_7_88),V(NODE5_7_89),V(NODE5_7_90),V(NODE5_7_91),V(NODE5_7_92),V(NODE5_7_93),V(NODE5_7_94),V(NODE5_7_95),V(NODE5_7_96),V(NODE5_7_97),V(NODE5_7_98),V(NODE5_7_99),V(NODE5_8_0),V(NODE5_8_1),V(NODE5_8_2),V(NODE5_8_3),V(NODE5_8_4),V(NODE5_8_5),V(NODE5_8_6),V(NODE5_8_7),V(NODE5_8_8),V(NODE5_8_9),V(NODE5_8_10),V(NODE5_8_11),V(NODE5_8_12),V(NODE5_8_13),V(NODE5_8_14),V(NODE5_8_15),V(NODE5_8_16),V(NODE5_8_17),V(NODE5_8_18),V(NODE5_8_19),V(NODE5_8_20),V(NODE5_8_21),V(NODE5_8_22),V(NODE5_8_23),V(NODE5_8_24),V(NODE5_8_25),V(NODE5_8_26),V(NODE5_8_27),V(NODE5_8_28),V(NODE5_8_29),V(NODE5_8_30),V(NODE5_8_31),V(NODE5_8_32),V(NODE5_8_33),V(NODE5_8_34),V(NODE5_8_35),V(NODE5_8_36),V(NODE5_8_37),V(NODE5_8_38),V(NODE5_8_39),V(NODE5_8_40),V(NODE5_8_41),V(NODE5_8_42),V(NODE5_8_43),V(NODE5_8_44),V(NODE5_8_45),V(NODE5_8_46),V(NODE5_8_47),V(NODE5_8_48),V(NODE5_8_49),V(NODE5_8_50),V(NODE5_8_51),V(NODE5_8_52),V(NODE5_8_53),V(NODE5_8_54),V(NODE5_8_55),V(NODE5_8_56),V(NODE5_8_57),V(NODE5_8_58),V(NODE5_8_59),V(NODE5_8_60),V(NODE5_8_61),V(NODE5_8_62),V(NODE5_8_63),V(NODE5_8_64),V(NODE5_8_65),V(NODE5_8_66),V(NODE5_8_67),V(NODE5_8_68),V(NODE5_8_69),V(NODE5_8_70),V(NODE5_8_71),V(NODE5_8_72),V(NODE5_8_73),V(NODE5_8_74),V(NODE5_8_75),V(NODE5_8_76),V(NODE5_8_77),V(NODE5_8_78),V(NODE5_8_79),V(NODE5_8_80),V(NODE5_8_81),V(NODE5_8_82),V(NODE5_8_83),V(NODE5_8_84),V(NODE5_8_85),V(NODE5_8_86),V(NODE5_8_87),V(NODE5_8_88),V(NODE5_8_89),V(NODE5_8_90),V(NODE5_8_91),V(NODE5_8_92),V(NODE5_8_93),V(NODE5_8_94),V(NODE5_8_95),V(NODE5_8_96),V(NODE5_8_97),V(NODE5_8_98),V(NODE5_8_99),V(NODE5_9_0),V(NODE5_9_1),V(NODE5_9_2),V(NODE5_9_3),V(NODE5_9_4),V(NODE5_9_5),V(NODE5_9_6),V(NODE5_9_7),V(NODE5_9_8),V(NODE5_9_9),V(NODE5_9_10),V(NODE5_9_11),V(NODE5_9_12),V(NODE5_9_13),V(NODE5_9_14),V(NODE5_9_15),V(NODE5_9_16),V(NODE5_9_17),V(NODE5_9_18),V(NODE5_9_19),V(NODE5_9_20),V(NODE5_9_21),V(NODE5_9_22),V(NODE5_9_23),V(NODE5_9_24),V(NODE5_9_25),V(NODE5_9_26),V(NODE5_9_27),V(NODE5_9_28),V(NODE5_9_29),V(NODE5_9_30),V(NODE5_9_31),V(NODE5_9_32),V(NODE5_9_33),V(NODE5_9_34),V(NODE5_9_35),V(NODE5_9_36),V(NODE5_9_37),V(NODE5_9_38),V(NODE5_9_39),V(NODE5_9_40),V(NODE5_9_41),V(NODE5_9_42),V(NODE5_9_43),V(NODE5_9_44),V(NODE5_9_45),V(NODE5_9_46),V(NODE5_9_47),V(NODE5_9_48),V(NODE5_9_49),V(NODE5_9_50),V(NODE5_9_51),V(NODE5_9_52),V(NODE5_9_53),V(NODE5_9_54),V(NODE5_9_55),V(NODE5_9_56),V(NODE5_9_57),V(NODE5_9_58),V(NODE5_9_59),V(NODE5_9_60),V(NODE5_9_61),V(NODE5_9_62),V(NODE5_9_63),V(NODE5_9_64),V(NODE5_9_65),V(NODE5_9_66),V(NODE5_9_67),V(NODE5_9_68),V(NODE5_9_69),V(NODE5_9_70),V(NODE5_9_71),V(NODE5_9_72),V(NODE5_9_73),V(NODE5_9_74),V(NODE5_9_75),V(NODE5_9_76),V(NODE5_9_77),V(NODE5_9_78),V(NODE5_9_79),V(NODE5_9_80),V(NODE5_9_81),V(NODE5_9_82),V(NODE5_9_83),V(NODE5_9_84),V(NODE5_9_85),V(NODE5_9_86),V(NODE5_9_87),V(NODE5_9_88),V(NODE5_9_89),V(NODE5_9_90),V(NODE5_9_91),V(NODE5_9_92),V(NODE5_9_93),V(NODE5_9_94),V(NODE5_9_95),V(NODE5_9_96),V(NODE5_9_97),V(NODE5_9_98),V(NODE5_9_99),V(NODE5_10_0),V(NODE5_10_1),V(NODE5_10_2),V(NODE5_10_3),V(NODE5_10_4),V(NODE5_10_5),V(NODE5_10_6),V(NODE5_10_7),V(NODE5_10_8),V(NODE5_10_9),V(NODE5_10_10),V(NODE5_10_11),V(NODE5_10_12),V(NODE5_10_13),V(NODE5_10_14),V(NODE5_10_15),V(NODE5_10_16),V(NODE5_10_17),V(NODE5_10_18),V(NODE5_10_19),V(NODE5_10_20),V(NODE5_10_21),V(NODE5_10_22),V(NODE5_10_23),V(NODE5_10_24),V(NODE5_10_25),V(NODE5_10_26),V(NODE5_10_27),V(NODE5_10_28),V(NODE5_10_29),V(NODE5_10_30),V(NODE5_10_31),V(NODE5_10_32),V(NODE5_10_33),V(NODE5_10_34),V(NODE5_10_35),V(NODE5_10_36),V(NODE5_10_37),V(NODE5_10_38),V(NODE5_10_39),V(NODE5_10_40),V(NODE5_10_41),V(NODE5_10_42),V(NODE5_10_43),V(NODE5_10_44),V(NODE5_10_45),V(NODE5_10_46),V(NODE5_10_47),V(NODE5_10_48),V(NODE5_10_49),V(NODE5_10_50),V(NODE5_10_51),V(NODE5_10_52),V(NODE5_10_53),V(NODE5_10_54),V(NODE5_10_55),V(NODE5_10_56),V(NODE5_10_57),V(NODE5_10_58),V(NODE5_10_59),V(NODE5_10_60),V(NODE5_10_61),V(NODE5_10_62),V(NODE5_10_63),V(NODE5_10_64),V(NODE5_10_65),V(NODE5_10_66),V(NODE5_10_67),V(NODE5_10_68),V(NODE5_10_69),V(NODE5_10_70),V(NODE5_10_71),V(NODE5_10_72),V(NODE5_10_73),V(NODE5_10_74),V(NODE5_10_75),V(NODE5_10_76),V(NODE5_10_77),V(NODE5_10_78),V(NODE5_10_79),V(NODE5_10_80),V(NODE5_10_81),V(NODE5_10_82),V(NODE5_10_83),V(NODE5_10_84),V(NODE5_10_85),V(NODE5_10_86),V(NODE5_10_87),V(NODE5_10_88),V(NODE5_10_89),V(NODE5_10_90),V(NODE5_10_91),V(NODE5_10_92),V(NODE5_10_93),V(NODE5_10_94),V(NODE5_10_95),V(NODE5_10_96),V(NODE5_10_97),V(NODE5_10_98),V(NODE5_10_99),V(NODE5_11_0),V(NODE5_11_1),V(NODE5_11_2),V(NODE5_11_3),V(NODE5_11_4),V(NODE5_11_5),V(NODE5_11_6),V(NODE5_11_7),V(NODE5_11_8),V(NODE5_11_9),V(NODE5_11_10),V(NODE5_11_11),V(NODE5_11_12),V(NODE5_11_13),V(NODE5_11_14),V(NODE5_11_15),V(NODE5_11_16),V(NODE5_11_17),V(NODE5_11_18),V(NODE5_11_19),V(NODE5_11_20),V(NODE5_11_21),V(NODE5_11_22),V(NODE5_11_23),V(NODE5_11_24),V(NODE5_11_25),V(NODE5_11_26),V(NODE5_11_27),V(NODE5_11_28),V(NODE5_11_29),V(NODE5_11_30),V(NODE5_11_31),V(NODE5_11_32),V(NODE5_11_33),V(NODE5_11_34),V(NODE5_11_35),V(NODE5_11_36),V(NODE5_11_37),V(NODE5_11_38),V(NODE5_11_39),V(NODE5_11_40),V(NODE5_11_41),V(NODE5_11_42),V(NODE5_11_43),V(NODE5_11_44),V(NODE5_11_45),V(NODE5_11_46),V(NODE5_11_47),V(NODE5_11_48),V(NODE5_11_49),V(NODE5_11_50),V(NODE5_11_51),V(NODE5_11_52),V(NODE5_11_53),V(NODE5_11_54),V(NODE5_11_55),V(NODE5_11_56),V(NODE5_11_57),V(NODE5_11_58),V(NODE5_11_59),V(NODE5_11_60),V(NODE5_11_61),V(NODE5_11_62),V(NODE5_11_63),V(NODE5_11_64),V(NODE5_11_65),V(NODE5_11_66),V(NODE5_11_67),V(NODE5_11_68),V(NODE5_11_69),V(NODE5_11_70),V(NODE5_11_71),V(NODE5_11_72),V(NODE5_11_73),V(NODE5_11_74),V(NODE5_11_75),V(NODE5_11_76),V(NODE5_11_77),V(NODE5_11_78),V(NODE5_11_79),V(NODE5_11_80),V(NODE5_11_81),V(NODE5_11_82),V(NODE5_11_83),V(NODE5_11_84),V(NODE5_11_85),V(NODE5_11_86),V(NODE5_11_87),V(NODE5_11_88),V(NODE5_11_89),V(NODE5_11_90),V(NODE5_11_91),V(NODE5_11_92),V(NODE5_11_93),V(NODE5_11_94),V(NODE5_11_95),V(NODE5_11_96),V(NODE5_11_97),V(NODE5_11_98),V(NODE5_11_99),V(NODE5_12_0),V(NODE5_12_1),V(NODE5_12_2),V(NODE5_12_3),V(NODE5_12_4),V(NODE5_12_5),V(NODE5_12_6),V(NODE5_12_7),V(NODE5_12_8),V(NODE5_12_9),V(NODE5_12_10),V(NODE5_12_11),V(NODE5_12_12),V(NODE5_12_13),V(NODE5_12_14),V(NODE5_12_15),V(NODE5_12_16),V(NODE5_12_17),V(NODE5_12_18),V(NODE5_12_19),V(NODE5_12_20),V(NODE5_12_21),V(NODE5_12_22),V(NODE5_12_23),V(NODE5_12_24),V(NODE5_12_25),V(NODE5_12_26),V(NODE5_12_27),V(NODE5_12_28),V(NODE5_12_29),V(NODE5_12_30),V(NODE5_12_31),V(NODE5_12_32),V(NODE5_12_33),V(NODE5_12_34),V(NODE5_12_35),V(NODE5_12_36),V(NODE5_12_37),V(NODE5_12_38),V(NODE5_12_39),V(NODE5_12_40),V(NODE5_12_41),V(NODE5_12_42),V(NODE5_12_43),V(NODE5_12_44),V(NODE5_12_45),V(NODE5_12_46),V(NODE5_12_47),V(NODE5_12_48),V(NODE5_12_49),V(NODE5_12_50),V(NODE5_12_51),V(NODE5_12_52),V(NODE5_12_53),V(NODE5_12_54),V(NODE5_12_55),V(NODE5_12_56),V(NODE5_12_57),V(NODE5_12_58),V(NODE5_12_59),V(NODE5_12_60),V(NODE5_12_61),V(NODE5_12_62),V(NODE5_12_63),V(NODE5_12_64),V(NODE5_12_65),V(NODE5_12_66),V(NODE5_12_67),V(NODE5_12_68),V(NODE5_12_69),V(NODE5_12_70),V(NODE5_12_71),V(NODE5_12_72),V(NODE5_12_73),V(NODE5_12_74),V(NODE5_12_75),V(NODE5_12_76),V(NODE5_12_77),V(NODE5_12_78),V(NODE5_12_79),V(NODE5_12_80),V(NODE5_12_81),V(NODE5_12_82),V(NODE5_12_83),V(NODE5_12_84),V(NODE5_12_85),V(NODE5_12_86),V(NODE5_12_87),V(NODE5_12_88),V(NODE5_12_89),V(NODE5_12_90),V(NODE5_12_91),V(NODE5_12_92),V(NODE5_12_93),V(NODE5_12_94),V(NODE5_12_95),V(NODE5_12_96),V(NODE5_12_97),V(NODE5_12_98),V(NODE5_12_99),V(NODE5_13_0),V(NODE5_13_1),V(NODE5_13_2),V(NODE5_13_3),V(NODE5_13_4),V(NODE5_13_5),V(NODE5_13_6),V(NODE5_13_7),V(NODE5_13_8),V(NODE5_13_9),V(NODE5_13_10),V(NODE5_13_11),V(NODE5_13_12),V(NODE5_13_13),V(NODE5_13_14),V(NODE5_13_15),V(NODE5_13_16),V(NODE5_13_17),V(NODE5_13_18),V(NODE5_13_19),V(NODE5_13_20),V(NODE5_13_21),V(NODE5_13_22),V(NODE5_13_23),V(NODE5_13_24),V(NODE5_13_25),V(NODE5_13_26),V(NODE5_13_27),V(NODE5_13_28),V(NODE5_13_29),V(NODE5_13_30),V(NODE5_13_31),V(NODE5_13_32),V(NODE5_13_33),V(NODE5_13_34),V(NODE5_13_35),V(NODE5_13_36),V(NODE5_13_37),V(NODE5_13_38),V(NODE5_13_39),V(NODE5_13_40),V(NODE5_13_41),V(NODE5_13_42),V(NODE5_13_43),V(NODE5_13_44),V(NODE5_13_45),V(NODE5_13_46),V(NODE5_13_47),V(NODE5_13_48),V(NODE5_13_49),V(NODE5_13_50),V(NODE5_13_51),V(NODE5_13_52),V(NODE5_13_53),V(NODE5_13_54),V(NODE5_13_55),V(NODE5_13_56),V(NODE5_13_57),V(NODE5_13_58),V(NODE5_13_59),V(NODE5_13_60),V(NODE5_13_61),V(NODE5_13_62),V(NODE5_13_63),V(NODE5_13_64),V(NODE5_13_65),V(NODE5_13_66),V(NODE5_13_67),V(NODE5_13_68),V(NODE5_13_69),V(NODE5_13_70),V(NODE5_13_71),V(NODE5_13_72),V(NODE5_13_73),V(NODE5_13_74),V(NODE5_13_75),V(NODE5_13_76),V(NODE5_13_77),V(NODE5_13_78),V(NODE5_13_79),V(NODE5_13_80),V(NODE5_13_81),V(NODE5_13_82),V(NODE5_13_83),V(NODE5_13_84),V(NODE5_13_85),V(NODE5_13_86),V(NODE5_13_87),V(NODE5_13_88),V(NODE5_13_89),V(NODE5_13_90),V(NODE5_13_91),V(NODE5_13_92),V(NODE5_13_93),V(NODE5_13_94),V(NODE5_13_95),V(NODE5_13_96),V(NODE5_13_97),V(NODE5_13_98),V(NODE5_13_99),V(NODE5_14_0),V(NODE5_14_1),V(NODE5_14_2),V(NODE5_14_3),V(NODE5_14_4),V(NODE5_14_5),V(NODE5_14_6),V(NODE5_14_7),V(NODE5_14_8),V(NODE5_14_9),V(NODE5_14_10),V(NODE5_14_11),V(NODE5_14_12),V(NODE5_14_13),V(NODE5_14_14),V(NODE5_14_15),V(NODE5_14_16),V(NODE5_14_17),V(NODE5_14_18),V(NODE5_14_19),V(NODE5_14_20),V(NODE5_14_21),V(NODE5_14_22),V(NODE5_14_23),V(NODE5_14_24),V(NODE5_14_25),V(NODE5_14_26),V(NODE5_14_27),V(NODE5_14_28),V(NODE5_14_29),V(NODE5_14_30),V(NODE5_14_31),V(NODE5_14_32),V(NODE5_14_33),V(NODE5_14_34),V(NODE5_14_35),V(NODE5_14_36),V(NODE5_14_37),V(NODE5_14_38),V(NODE5_14_39),V(NODE5_14_40),V(NODE5_14_41),V(NODE5_14_42),V(NODE5_14_43),V(NODE5_14_44),V(NODE5_14_45),V(NODE5_14_46),V(NODE5_14_47),V(NODE5_14_48),V(NODE5_14_49),V(NODE5_14_50),V(NODE5_14_51),V(NODE5_14_52),V(NODE5_14_53),V(NODE5_14_54),V(NODE5_14_55),V(NODE5_14_56),V(NODE5_14_57),V(NODE5_14_58),V(NODE5_14_59),V(NODE5_14_60),V(NODE5_14_61),V(NODE5_14_62),V(NODE5_14_63),V(NODE5_14_64),V(NODE5_14_65),V(NODE5_14_66),V(NODE5_14_67),V(NODE5_14_68),V(NODE5_14_69),V(NODE5_14_70),V(NODE5_14_71),V(NODE5_14_72),V(NODE5_14_73),V(NODE5_14_74),V(NODE5_14_75),V(NODE5_14_76),V(NODE5_14_77),V(NODE5_14_78),V(NODE5_14_79),V(NODE5_14_80),V(NODE5_14_81),V(NODE5_14_82),V(NODE5_14_83),V(NODE5_14_84),V(NODE5_14_85),V(NODE5_14_86),V(NODE5_14_87),V(NODE5_14_88),V(NODE5_14_89),V(NODE5_14_90),V(NODE5_14_91),V(NODE5_14_92),V(NODE5_14_93),V(NODE5_14_94),V(NODE5_14_95),V(NODE5_14_96),V(NODE5_14_97),V(NODE5_14_98),V(NODE5_14_99),V(NODE5_15_0),V(NODE5_15_1),V(NODE5_15_2),V(NODE5_15_3),V(NODE5_15_4),V(NODE5_15_5),V(NODE5_15_6),V(NODE5_15_7),V(NODE5_15_8),V(NODE5_15_9),V(NODE5_15_10),V(NODE5_15_11),V(NODE5_15_12),V(NODE5_15_13),V(NODE5_15_14),V(NODE5_15_15),V(NODE5_15_16),V(NODE5_15_17),V(NODE5_15_18),V(NODE5_15_19),V(NODE5_15_20),V(NODE5_15_21),V(NODE5_15_22),V(NODE5_15_23),V(NODE5_15_24),V(NODE5_15_25),V(NODE5_15_26),V(NODE5_15_27),V(NODE5_15_28),V(NODE5_15_29),V(NODE5_15_30),V(NODE5_15_31),V(NODE5_15_32),V(NODE5_15_33),V(NODE5_15_34),V(NODE5_15_35),V(NODE5_15_36),V(NODE5_15_37),V(NODE5_15_38),V(NODE5_15_39),V(NODE5_15_40),V(NODE5_15_41),V(NODE5_15_42),V(NODE5_15_43),V(NODE5_15_44),V(NODE5_15_45),V(NODE5_15_46),V(NODE5_15_47),V(NODE5_15_48),V(NODE5_15_49),V(NODE5_15_50),V(NODE5_15_51),V(NODE5_15_52),V(NODE5_15_53),V(NODE5_15_54),V(NODE5_15_55),V(NODE5_15_56),V(NODE5_15_57),V(NODE5_15_58),V(NODE5_15_59),V(NODE5_15_60),V(NODE5_15_61),V(NODE5_15_62),V(NODE5_15_63),V(NODE5_15_64),V(NODE5_15_65),V(NODE5_15_66),V(NODE5_15_67),V(NODE5_15_68),V(NODE5_15_69),V(NODE5_15_70),V(NODE5_15_71),V(NODE5_15_72),V(NODE5_15_73),V(NODE5_15_74),V(NODE5_15_75),V(NODE5_15_76),V(NODE5_15_77),V(NODE5_15_78),V(NODE5_15_79),V(NODE5_15_80),V(NODE5_15_81),V(NODE5_15_82),V(NODE5_15_83),V(NODE5_15_84),V(NODE5_15_85),V(NODE5_15_86),V(NODE5_15_87),V(NODE5_15_88),V(NODE5_15_89),V(NODE5_15_90),V(NODE5_15_91),V(NODE5_15_92),V(NODE5_15_93),V(NODE5_15_94),V(NODE5_15_95),V(NODE5_15_96),V(NODE5_15_97),V(NODE5_15_98),V(NODE5_15_99),V(NODE5_16_0),V(NODE5_16_1),V(NODE5_16_2),V(NODE5_16_3),V(NODE5_16_4),V(NODE5_16_5),V(NODE5_16_6),V(NODE5_16_7),V(NODE5_16_8),V(NODE5_16_9),V(NODE5_16_10),V(NODE5_16_11),V(NODE5_16_12),V(NODE5_16_13),V(NODE5_16_14),V(NODE5_16_15),V(NODE5_16_16),V(NODE5_16_17),V(NODE5_16_18),V(NODE5_16_19),V(NODE5_16_20),V(NODE5_16_21),V(NODE5_16_22),V(NODE5_16_23),V(NODE5_16_24),V(NODE5_16_25),V(NODE5_16_26),V(NODE5_16_27),V(NODE5_16_28),V(NODE5_16_29),V(NODE5_16_30),V(NODE5_16_31),V(NODE5_16_32),V(NODE5_16_33),V(NODE5_16_34),V(NODE5_16_35),V(NODE5_16_36),V(NODE5_16_37),V(NODE5_16_38),V(NODE5_16_39),V(NODE5_16_40),V(NODE5_16_41),V(NODE5_16_42),V(NODE5_16_43),V(NODE5_16_44),V(NODE5_16_45),V(NODE5_16_46),V(NODE5_16_47),V(NODE5_16_48),V(NODE5_16_49),V(NODE5_16_50),V(NODE5_16_51),V(NODE5_16_52),V(NODE5_16_53),V(NODE5_16_54),V(NODE5_16_55),V(NODE5_16_56),V(NODE5_16_57),V(NODE5_16_58),V(NODE5_16_59),V(NODE5_16_60),V(NODE5_16_61),V(NODE5_16_62),V(NODE5_16_63),V(NODE5_16_64),V(NODE5_16_65),V(NODE5_16_66),V(NODE5_16_67),V(NODE5_16_68),V(NODE5_16_69),V(NODE5_16_70),V(NODE5_16_71),V(NODE5_16_72),V(NODE5_16_73),V(NODE5_16_74),V(NODE5_16_75),V(NODE5_16_76),V(NODE5_16_77),V(NODE5_16_78),V(NODE5_16_79),V(NODE5_16_80),V(NODE5_16_81),V(NODE5_16_82),V(NODE5_16_83),V(NODE5_16_84),V(NODE5_16_85),V(NODE5_16_86),V(NODE5_16_87),V(NODE5_16_88),V(NODE5_16_89),V(NODE5_16_90),V(NODE5_16_91),V(NODE5_16_92),V(NODE5_16_93),V(NODE5_16_94),V(NODE5_16_95),V(NODE5_16_96),V(NODE5_16_97),V(NODE5_16_98),V(NODE5_16_99),V(NODE5_17_0),V(NODE5_17_1),V(NODE5_17_2),V(NODE5_17_3),V(NODE5_17_4),V(NODE5_17_5),V(NODE5_17_6),V(NODE5_17_7),V(NODE5_17_8),V(NODE5_17_9),V(NODE5_17_10),V(NODE5_17_11),V(NODE5_17_12),V(NODE5_17_13),V(NODE5_17_14),V(NODE5_17_15),V(NODE5_17_16),V(NODE5_17_17),V(NODE5_17_18),V(NODE5_17_19),V(NODE5_17_20),V(NODE5_17_21),V(NODE5_17_22),V(NODE5_17_23),V(NODE5_17_24),V(NODE5_17_25),V(NODE5_17_26),V(NODE5_17_27),V(NODE5_17_28),V(NODE5_17_29),V(NODE5_17_30),V(NODE5_17_31),V(NODE5_17_32),V(NODE5_17_33),V(NODE5_17_34),V(NODE5_17_35),V(NODE5_17_36),V(NODE5_17_37),V(NODE5_17_38),V(NODE5_17_39),V(NODE5_17_40),V(NODE5_17_41),V(NODE5_17_42),V(NODE5_17_43),V(NODE5_17_44),V(NODE5_17_45),V(NODE5_17_46),V(NODE5_17_47),V(NODE5_17_48),V(NODE5_17_49),V(NODE5_17_50),V(NODE5_17_51),V(NODE5_17_52),V(NODE5_17_53),V(NODE5_17_54),V(NODE5_17_55),V(NODE5_17_56),V(NODE5_17_57),V(NODE5_17_58),V(NODE5_17_59),V(NODE5_17_60),V(NODE5_17_61),V(NODE5_17_62),V(NODE5_17_63),V(NODE5_17_64),V(NODE5_17_65),V(NODE5_17_66),V(NODE5_17_67),V(NODE5_17_68),V(NODE5_17_69),V(NODE5_17_70),V(NODE5_17_71),V(NODE5_17_72),V(NODE5_17_73),V(NODE5_17_74),V(NODE5_17_75),V(NODE5_17_76),V(NODE5_17_77),V(NODE5_17_78),V(NODE5_17_79),V(NODE5_17_80),V(NODE5_17_81),V(NODE5_17_82),V(NODE5_17_83),V(NODE5_17_84),V(NODE5_17_85),V(NODE5_17_86),V(NODE5_17_87),V(NODE5_17_88),V(NODE5_17_89),V(NODE5_17_90),V(NODE5_17_91),V(NODE5_17_92),V(NODE5_17_93),V(NODE5_17_94),V(NODE5_17_95),V(NODE5_17_96),V(NODE5_17_97),V(NODE5_17_98),V(NODE5_17_99),V(NODE5_18_0),V(NODE5_18_1),V(NODE5_18_2),V(NODE5_18_3),V(NODE5_18_4),V(NODE5_18_5),V(NODE5_18_6),V(NODE5_18_7),V(NODE5_18_8),V(NODE5_18_9),V(NODE5_18_10),V(NODE5_18_11),V(NODE5_18_12),V(NODE5_18_13),V(NODE5_18_14),V(NODE5_18_15),V(NODE5_18_16),V(NODE5_18_17),V(NODE5_18_18),V(NODE5_18_19),V(NODE5_18_20),V(NODE5_18_21),V(NODE5_18_22),V(NODE5_18_23),V(NODE5_18_24),V(NODE5_18_25),V(NODE5_18_26),V(NODE5_18_27),V(NODE5_18_28),V(NODE5_18_29),V(NODE5_18_30),V(NODE5_18_31),V(NODE5_18_32),V(NODE5_18_33),V(NODE5_18_34),V(NODE5_18_35),V(NODE5_18_36),V(NODE5_18_37),V(NODE5_18_38),V(NODE5_18_39),V(NODE5_18_40),V(NODE5_18_41),V(NODE5_18_42),V(NODE5_18_43),V(NODE5_18_44),V(NODE5_18_45),V(NODE5_18_46),V(NODE5_18_47),V(NODE5_18_48),V(NODE5_18_49),V(NODE5_18_50),V(NODE5_18_51),V(NODE5_18_52),V(NODE5_18_53),V(NODE5_18_54),V(NODE5_18_55),V(NODE5_18_56),V(NODE5_18_57),V(NODE5_18_58),V(NODE5_18_59),V(NODE5_18_60),V(NODE5_18_61),V(NODE5_18_62),V(NODE5_18_63),V(NODE5_18_64),V(NODE5_18_65),V(NODE5_18_66),V(NODE5_18_67),V(NODE5_18_68),V(NODE5_18_69),V(NODE5_18_70),V(NODE5_18_71),V(NODE5_18_72),V(NODE5_18_73),V(NODE5_18_74),V(NODE5_18_75),V(NODE5_18_76),V(NODE5_18_77),V(NODE5_18_78),V(NODE5_18_79),V(NODE5_18_80),V(NODE5_18_81),V(NODE5_18_82),V(NODE5_18_83),V(NODE5_18_84),V(NODE5_18_85),V(NODE5_18_86),V(NODE5_18_87),V(NODE5_18_88),V(NODE5_18_89),V(NODE5_18_90),V(NODE5_18_91),V(NODE5_18_92),V(NODE5_18_93),V(NODE5_18_94),V(NODE5_18_95),V(NODE5_18_96),V(NODE5_18_97),V(NODE5_18_98),V(NODE5_18_99),V(NODE5_19_0),V(NODE5_19_1),V(NODE5_19_2),V(NODE5_19_3),V(NODE5_19_4),V(NODE5_19_5),V(NODE5_19_6),V(NODE5_19_7),V(NODE5_19_8),V(NODE5_19_9),V(NODE5_19_10),V(NODE5_19_11),V(NODE5_19_12),V(NODE5_19_13),V(NODE5_19_14),V(NODE5_19_15),V(NODE5_19_16),V(NODE5_19_17),V(NODE5_19_18),V(NODE5_19_19),V(NODE5_19_20),V(NODE5_19_21),V(NODE5_19_22),V(NODE5_19_23),V(NODE5_19_24),V(NODE5_19_25),V(NODE5_19_26),V(NODE5_19_27),V(NODE5_19_28),V(NODE5_19_29),V(NODE5_19_30),V(NODE5_19_31),V(NODE5_19_32),V(NODE5_19_33),V(NODE5_19_34),V(NODE5_19_35),V(NODE5_19_36),V(NODE5_19_37),V(NODE5_19_38),V(NODE5_19_39),V(NODE5_19_40),V(NODE5_19_41),V(NODE5_19_42),V(NODE5_19_43),V(NODE5_19_44),V(NODE5_19_45),V(NODE5_19_46),V(NODE5_19_47),V(NODE5_19_48),V(NODE5_19_49),V(NODE5_19_50),V(NODE5_19_51),V(NODE5_19_52),V(NODE5_19_53),V(NODE5_19_54),V(NODE5_19_55),V(NODE5_19_56),V(NODE5_19_57),V(NODE5_19_58),V(NODE5_19_59),V(NODE5_19_60),V(NODE5_19_61),V(NODE5_19_62),V(NODE5_19_63),V(NODE5_19_64),V(NODE5_19_65),V(NODE5_19_66),V(NODE5_19_67),V(NODE5_19_68),V(NODE5_19_69),V(NODE5_19_70),V(NODE5_19_71),V(NODE5_19_72),V(NODE5_19_73),V(NODE5_19_74),V(NODE5_19_75),V(NODE5_19_76),V(NODE5_19_77),V(NODE5_19_78),V(NODE5_19_79),V(NODE5_19_80),V(NODE5_19_81),V(NODE5_19_82),V(NODE5_19_83),V(NODE5_19_84),V(NODE5_19_85),V(NODE5_19_86),V(NODE5_19_87),V(NODE5_19_88),V(NODE5_19_89),V(NODE5_19_90),V(NODE5_19_91),V(NODE5_19_92),V(NODE5_19_93),V(NODE5_19_94),V(NODE5_19_95),V(NODE5_19_96),V(NODE5_19_97),V(NODE5_19_98),V(NODE5_19_99),V(NODE5_20_0),V(NODE5_20_1),V(NODE5_20_2),V(NODE5_20_3),V(NODE5_20_4),V(NODE5_20_5),V(NODE5_20_6),V(NODE5_20_7),V(NODE5_20_8),V(NODE5_20_9),V(NODE5_20_10),V(NODE5_20_11),V(NODE5_20_12),V(NODE5_20_13),V(NODE5_20_14),V(NODE5_20_15),V(NODE5_20_16),V(NODE5_20_17),V(NODE5_20_18),V(NODE5_20_19),V(NODE5_20_20),V(NODE5_20_21),V(NODE5_20_22),V(NODE5_20_23),V(NODE5_20_24),V(NODE5_20_25),V(NODE5_20_26),V(NODE5_20_27),V(NODE5_20_28),V(NODE5_20_29),V(NODE5_20_30),V(NODE5_20_31),V(NODE5_20_32),V(NODE5_20_33),V(NODE5_20_34),V(NODE5_20_35),V(NODE5_20_36),V(NODE5_20_37),V(NODE5_20_38),V(NODE5_20_39),V(NODE5_20_40),V(NODE5_20_41),V(NODE5_20_42),V(NODE5_20_43),V(NODE5_20_44),V(NODE5_20_45),V(NODE5_20_46),V(NODE5_20_47),V(NODE5_20_48),V(NODE5_20_49),V(NODE5_20_50),V(NODE5_20_51),V(NODE5_20_52),V(NODE5_20_53),V(NODE5_20_54),V(NODE5_20_55),V(NODE5_20_56),V(NODE5_20_57),V(NODE5_20_58),V(NODE5_20_59),V(NODE5_20_60),V(NODE5_20_61),V(NODE5_20_62),V(NODE5_20_63),V(NODE5_20_64),V(NODE5_20_65),V(NODE5_20_66),V(NODE5_20_67),V(NODE5_20_68),V(NODE5_20_69),V(NODE5_20_70),V(NODE5_20_71),V(NODE5_20_72),V(NODE5_20_73),V(NODE5_20_74),V(NODE5_20_75),V(NODE5_20_76),V(NODE5_20_77),V(NODE5_20_78),V(NODE5_20_79),V(NODE5_20_80),V(NODE5_20_81),V(NODE5_20_82),V(NODE5_20_83),V(NODE5_20_84),V(NODE5_20_85),V(NODE5_20_86),V(NODE5_20_87),V(NODE5_20_88),V(NODE5_20_89),V(NODE5_20_90),V(NODE5_20_91),V(NODE5_20_92),V(NODE5_20_93),V(NODE5_20_94),V(NODE5_20_95),V(NODE5_20_96),V(NODE5_20_97),V(NODE5_20_98),V(NODE5_20_99),V(NODE5_21_0),V(NODE5_21_1),V(NODE5_21_2),V(NODE5_21_3),V(NODE5_21_4),V(NODE5_21_5),V(NODE5_21_6),V(NODE5_21_7),V(NODE5_21_8),V(NODE5_21_9),V(NODE5_21_10),V(NODE5_21_11),V(NODE5_21_12),V(NODE5_21_13),V(NODE5_21_14),V(NODE5_21_15),V(NODE5_21_16),V(NODE5_21_17),V(NODE5_21_18),V(NODE5_21_19),V(NODE5_21_20),V(NODE5_21_21),V(NODE5_21_22),V(NODE5_21_23),V(NODE5_21_24),V(NODE5_21_25),V(NODE5_21_26),V(NODE5_21_27),V(NODE5_21_28),V(NODE5_21_29),V(NODE5_21_30),V(NODE5_21_31),V(NODE5_21_32),V(NODE5_21_33),V(NODE5_21_34),V(NODE5_21_35),V(NODE5_21_36),V(NODE5_21_37),V(NODE5_21_38),V(NODE5_21_39),V(NODE5_21_40),V(NODE5_21_41),V(NODE5_21_42),V(NODE5_21_43),V(NODE5_21_44),V(NODE5_21_45),V(NODE5_21_46),V(NODE5_21_47),V(NODE5_21_48),V(NODE5_21_49),V(NODE5_21_50),V(NODE5_21_51),V(NODE5_21_52),V(NODE5_21_53),V(NODE5_21_54),V(NODE5_21_55),V(NODE5_21_56),V(NODE5_21_57),V(NODE5_21_58),V(NODE5_21_59),V(NODE5_21_60),V(NODE5_21_61),V(NODE5_21_62),V(NODE5_21_63),V(NODE5_21_64),V(NODE5_21_65),V(NODE5_21_66),V(NODE5_21_67),V(NODE5_21_68),V(NODE5_21_69),V(NODE5_21_70),V(NODE5_21_71),V(NODE5_21_72),V(NODE5_21_73),V(NODE5_21_74),V(NODE5_21_75),V(NODE5_21_76),V(NODE5_21_77),V(NODE5_21_78),V(NODE5_21_79),V(NODE5_21_80),V(NODE5_21_81),V(NODE5_21_82),V(NODE5_21_83),V(NODE5_21_84),V(NODE5_21_85),V(NODE5_21_86),V(NODE5_21_87),V(NODE5_21_88),V(NODE5_21_89),V(NODE5_21_90),V(NODE5_21_91),V(NODE5_21_92),V(NODE5_21_93),V(NODE5_21_94),V(NODE5_21_95),V(NODE5_21_96),V(NODE5_21_97),V(NODE5_21_98),V(NODE5_21_99),V(NODE5_22_0),V(NODE5_22_1),V(NODE5_22_2),V(NODE5_22_3),V(NODE5_22_4),V(NODE5_22_5),V(NODE5_22_6),V(NODE5_22_7),V(NODE5_22_8),V(NODE5_22_9),V(NODE5_22_10),V(NODE5_22_11),V(NODE5_22_12),V(NODE5_22_13),V(NODE5_22_14),V(NODE5_22_15),V(NODE5_22_16),V(NODE5_22_17),V(NODE5_22_18),V(NODE5_22_19),V(NODE5_22_20),V(NODE5_22_21),V(NODE5_22_22),V(NODE5_22_23),V(NODE5_22_24),V(NODE5_22_25),V(NODE5_22_26),V(NODE5_22_27),V(NODE5_22_28),V(NODE5_22_29),V(NODE5_22_30),V(NODE5_22_31),V(NODE5_22_32),V(NODE5_22_33),V(NODE5_22_34),V(NODE5_22_35),V(NODE5_22_36),V(NODE5_22_37),V(NODE5_22_38),V(NODE5_22_39),V(NODE5_22_40),V(NODE5_22_41),V(NODE5_22_42),V(NODE5_22_43),V(NODE5_22_44),V(NODE5_22_45),V(NODE5_22_46),V(NODE5_22_47),V(NODE5_22_48),V(NODE5_22_49),V(NODE5_22_50),V(NODE5_22_51),V(NODE5_22_52),V(NODE5_22_53),V(NODE5_22_54),V(NODE5_22_55),V(NODE5_22_56),V(NODE5_22_57),V(NODE5_22_58),V(NODE5_22_59),V(NODE5_22_60),V(NODE5_22_61),V(NODE5_22_62),V(NODE5_22_63),V(NODE5_22_64),V(NODE5_22_65),V(NODE5_22_66),V(NODE5_22_67),V(NODE5_22_68),V(NODE5_22_69),V(NODE5_22_70),V(NODE5_22_71),V(NODE5_22_72),V(NODE5_22_73),V(NODE5_22_74),V(NODE5_22_75),V(NODE5_22_76),V(NODE5_22_77),V(NODE5_22_78),V(NODE5_22_79),V(NODE5_22_80),V(NODE5_22_81),V(NODE5_22_82),V(NODE5_22_83),V(NODE5_22_84),V(NODE5_22_85),V(NODE5_22_86),V(NODE5_22_87),V(NODE5_22_88),V(NODE5_22_89),V(NODE5_22_90),V(NODE5_22_91),V(NODE5_22_92),V(NODE5_22_93),V(NODE5_22_94),V(NODE5_22_95),V(NODE5_22_96),V(NODE5_22_97),V(NODE5_22_98),V(NODE5_22_99),V(NODE5_23_0),V(NODE5_23_1),V(NODE5_23_2),V(NODE5_23_3),V(NODE5_23_4),V(NODE5_23_5),V(NODE5_23_6),V(NODE5_23_7),V(NODE5_23_8),V(NODE5_23_9),V(NODE5_23_10),V(NODE5_23_11),V(NODE5_23_12),V(NODE5_23_13),V(NODE5_23_14),V(NODE5_23_15),V(NODE5_23_16),V(NODE5_23_17),V(NODE5_23_18),V(NODE5_23_19),V(NODE5_23_20),V(NODE5_23_21),V(NODE5_23_22),V(NODE5_23_23),V(NODE5_23_24),V(NODE5_23_25),V(NODE5_23_26),V(NODE5_23_27),V(NODE5_23_28),V(NODE5_23_29),V(NODE5_23_30),V(NODE5_23_31),V(NODE5_23_32),V(NODE5_23_33),V(NODE5_23_34),V(NODE5_23_35),V(NODE5_23_36),V(NODE5_23_37),V(NODE5_23_38),V(NODE5_23_39),V(NODE5_23_40),V(NODE5_23_41),V(NODE5_23_42),V(NODE5_23_43),V(NODE5_23_44),V(NODE5_23_45),V(NODE5_23_46),V(NODE5_23_47),V(NODE5_23_48),V(NODE5_23_49),V(NODE5_23_50),V(NODE5_23_51),V(NODE5_23_52),V(NODE5_23_53),V(NODE5_23_54),V(NODE5_23_55),V(NODE5_23_56),V(NODE5_23_57),V(NODE5_23_58),V(NODE5_23_59),V(NODE5_23_60),V(NODE5_23_61),V(NODE5_23_62),V(NODE5_23_63),V(NODE5_23_64),V(NODE5_23_65),V(NODE5_23_66),V(NODE5_23_67),V(NODE5_23_68),V(NODE5_23_69),V(NODE5_23_70),V(NODE5_23_71),V(NODE5_23_72),V(NODE5_23_73),V(NODE5_23_74),V(NODE5_23_75),V(NODE5_23_76),V(NODE5_23_77),V(NODE5_23_78),V(NODE5_23_79),V(NODE5_23_80),V(NODE5_23_81),V(NODE5_23_82),V(NODE5_23_83),V(NODE5_23_84),V(NODE5_23_85),V(NODE5_23_86),V(NODE5_23_87),V(NODE5_23_88),V(NODE5_23_89),V(NODE5_23_90),V(NODE5_23_91),V(NODE5_23_92),V(NODE5_23_93),V(NODE5_23_94),V(NODE5_23_95),V(NODE5_23_96),V(NODE5_23_97),V(NODE5_23_98),V(NODE5_23_99),V(NODE5_24_0),V(NODE5_24_1),V(NODE5_24_2),V(NODE5_24_3),V(NODE5_24_4),V(NODE5_24_5),V(NODE5_24_6),V(NODE5_24_7),V(NODE5_24_8),V(NODE5_24_9),V(NODE5_24_10),V(NODE5_24_11),V(NODE5_24_12),V(NODE5_24_13),V(NODE5_24_14),V(NODE5_24_15),V(NODE5_24_16),V(NODE5_24_17),V(NODE5_24_18),V(NODE5_24_19),V(NODE5_24_20),V(NODE5_24_21),V(NODE5_24_22),V(NODE5_24_23),V(NODE5_24_24),V(NODE5_24_25),V(NODE5_24_26),V(NODE5_24_27),V(NODE5_24_28),V(NODE5_24_29),V(NODE5_24_30),V(NODE5_24_31),V(NODE5_24_32),V(NODE5_24_33),V(NODE5_24_34),V(NODE5_24_35),V(NODE5_24_36),V(NODE5_24_37),V(NODE5_24_38),V(NODE5_24_39),V(NODE5_24_40),V(NODE5_24_41),V(NODE5_24_42),V(NODE5_24_43),V(NODE5_24_44),V(NODE5_24_45),V(NODE5_24_46),V(NODE5_24_47),V(NODE5_24_48),V(NODE5_24_49),V(NODE5_24_50),V(NODE5_24_51),V(NODE5_24_52),V(NODE5_24_53),V(NODE5_24_54),V(NODE5_24_55),V(NODE5_24_56),V(NODE5_24_57),V(NODE5_24_58),V(NODE5_24_59),V(NODE5_24_60),V(NODE5_24_61),V(NODE5_24_62),V(NODE5_24_63),V(NODE5_24_64),V(NODE5_24_65),V(NODE5_24_66),V(NODE5_24_67),V(NODE5_24_68),V(NODE5_24_69),V(NODE5_24_70),V(NODE5_24_71),V(NODE5_24_72),V(NODE5_24_73),V(NODE5_24_74),V(NODE5_24_75),V(NODE5_24_76),V(NODE5_24_77),V(NODE5_24_78),V(NODE5_24_79),V(NODE5_24_80),V(NODE5_24_81),V(NODE5_24_82),V(NODE5_24_83),V(NODE5_24_84),V(NODE5_24_85),V(NODE5_24_86),V(NODE5_24_87),V(NODE5_24_88),V(NODE5_24_89),V(NODE5_24_90),V(NODE5_24_91),V(NODE5_24_92),V(NODE5_24_93),V(NODE5_24_94),V(NODE5_24_95),V(NODE5_24_96),V(NODE5_24_97),V(NODE5_24_98),V(NODE5_24_99),V(NODE5_25_0),V(NODE5_25_1),V(NODE5_25_2),V(NODE5_25_3),V(NODE5_25_4),V(NODE5_25_5),V(NODE5_25_6),V(NODE5_25_7),V(NODE5_25_8),V(NODE5_25_9),V(NODE5_25_10),V(NODE5_25_11),V(NODE5_25_12),V(NODE5_25_13),V(NODE5_25_14),V(NODE5_25_15),V(NODE5_25_16),V(NODE5_25_17),V(NODE5_25_18),V(NODE5_25_19),V(NODE5_25_20),V(NODE5_25_21),V(NODE5_25_22),V(NODE5_25_23),V(NODE5_25_24),V(NODE5_25_25),V(NODE5_25_26),V(NODE5_25_27),V(NODE5_25_28),V(NODE5_25_29),V(NODE5_25_30),V(NODE5_25_31),V(NODE5_25_32),V(NODE5_25_33),V(NODE5_25_34),V(NODE5_25_35),V(NODE5_25_36),V(NODE5_25_37),V(NODE5_25_38),V(NODE5_25_39),V(NODE5_25_40),V(NODE5_25_41),V(NODE5_25_42),V(NODE5_25_43),V(NODE5_25_44),V(NODE5_25_45),V(NODE5_25_46),V(NODE5_25_47),V(NODE5_25_48),V(NODE5_25_49),V(NODE5_25_50),V(NODE5_25_51),V(NODE5_25_52),V(NODE5_25_53),V(NODE5_25_54),V(NODE5_25_55),V(NODE5_25_56),V(NODE5_25_57),V(NODE5_25_58),V(NODE5_25_59),V(NODE5_25_60),V(NODE5_25_61),V(NODE5_25_62),V(NODE5_25_63),V(NODE5_25_64),V(NODE5_25_65),V(NODE5_25_66),V(NODE5_25_67),V(NODE5_25_68),V(NODE5_25_69),V(NODE5_25_70),V(NODE5_25_71),V(NODE5_25_72),V(NODE5_25_73),V(NODE5_25_74),V(NODE5_25_75),V(NODE5_25_76),V(NODE5_25_77),V(NODE5_25_78),V(NODE5_25_79),V(NODE5_25_80),V(NODE5_25_81),V(NODE5_25_82),V(NODE5_25_83),V(NODE5_25_84),V(NODE5_25_85),V(NODE5_25_86),V(NODE5_25_87),V(NODE5_25_88),V(NODE5_25_89),V(NODE5_25_90),V(NODE5_25_91),V(NODE5_25_92),V(NODE5_25_93),V(NODE5_25_94),V(NODE5_25_95),V(NODE5_25_96),V(NODE5_25_97),V(NODE5_25_98),V(NODE5_25_99),V(NODE5_26_0),V(NODE5_26_1),V(NODE5_26_2),V(NODE5_26_3),V(NODE5_26_4),V(NODE5_26_5),V(NODE5_26_6),V(NODE5_26_7),V(NODE5_26_8),V(NODE5_26_9),V(NODE5_26_10),V(NODE5_26_11),V(NODE5_26_12),V(NODE5_26_13),V(NODE5_26_14),V(NODE5_26_15),V(NODE5_26_16),V(NODE5_26_17),V(NODE5_26_18),V(NODE5_26_19),V(NODE5_26_20),V(NODE5_26_21),V(NODE5_26_22),V(NODE5_26_23),V(NODE5_26_24),V(NODE5_26_25),V(NODE5_26_26),V(NODE5_26_27),V(NODE5_26_28),V(NODE5_26_29),V(NODE5_26_30),V(NODE5_26_31),V(NODE5_26_32),V(NODE5_26_33),V(NODE5_26_34),V(NODE5_26_35),V(NODE5_26_36),V(NODE5_26_37),V(NODE5_26_38),V(NODE5_26_39),V(NODE5_26_40),V(NODE5_26_41),V(NODE5_26_42),V(NODE5_26_43),V(NODE5_26_44),V(NODE5_26_45),V(NODE5_26_46),V(NODE5_26_47),V(NODE5_26_48),V(NODE5_26_49),V(NODE5_26_50),V(NODE5_26_51),V(NODE5_26_52),V(NODE5_26_53),V(NODE5_26_54),V(NODE5_26_55),V(NODE5_26_56),V(NODE5_26_57),V(NODE5_26_58),V(NODE5_26_59),V(NODE5_26_60),V(NODE5_26_61),V(NODE5_26_62),V(NODE5_26_63),V(NODE5_26_64),V(NODE5_26_65),V(NODE5_26_66),V(NODE5_26_67),V(NODE5_26_68),V(NODE5_26_69),V(NODE5_26_70),V(NODE5_26_71),V(NODE5_26_72),V(NODE5_26_73),V(NODE5_26_74),V(NODE5_26_75),V(NODE5_26_76),V(NODE5_26_77),V(NODE5_26_78),V(NODE5_26_79),V(NODE5_26_80),V(NODE5_26_81),V(NODE5_26_82),V(NODE5_26_83),V(NODE5_26_84),V(NODE5_26_85),V(NODE5_26_86),V(NODE5_26_87),V(NODE5_26_88),V(NODE5_26_89),V(NODE5_26_90),V(NODE5_26_91),V(NODE5_26_92),V(NODE5_26_93),V(NODE5_26_94),V(NODE5_26_95),V(NODE5_26_96),V(NODE5_26_97),V(NODE5_26_98),V(NODE5_26_99),V(NODE5_27_0),V(NODE5_27_1),V(NODE5_27_2),V(NODE5_27_3),V(NODE5_27_4),V(NODE5_27_5),V(NODE5_27_6),V(NODE5_27_7),V(NODE5_27_8),V(NODE5_27_9),V(NODE5_27_10),V(NODE5_27_11),V(NODE5_27_12),V(NODE5_27_13),V(NODE5_27_14),V(NODE5_27_15),V(NODE5_27_16),V(NODE5_27_17),V(NODE5_27_18),V(NODE5_27_19),V(NODE5_27_20),V(NODE5_27_21),V(NODE5_27_22),V(NODE5_27_23),V(NODE5_27_24),V(NODE5_27_25),V(NODE5_27_26),V(NODE5_27_27),V(NODE5_27_28),V(NODE5_27_29),V(NODE5_27_30),V(NODE5_27_31),V(NODE5_27_32),V(NODE5_27_33),V(NODE5_27_34),V(NODE5_27_35),V(NODE5_27_36),V(NODE5_27_37),V(NODE5_27_38),V(NODE5_27_39),V(NODE5_27_40),V(NODE5_27_41),V(NODE5_27_42),V(NODE5_27_43),V(NODE5_27_44),V(NODE5_27_45),V(NODE5_27_46),V(NODE5_27_47),V(NODE5_27_48),V(NODE5_27_49),V(NODE5_27_50),V(NODE5_27_51),V(NODE5_27_52),V(NODE5_27_53),V(NODE5_27_54),V(NODE5_27_55),V(NODE5_27_56),V(NODE5_27_57),V(NODE5_27_58),V(NODE5_27_59),V(NODE5_27_60),V(NODE5_27_61),V(NODE5_27_62),V(NODE5_27_63),V(NODE5_27_64),V(NODE5_27_65),V(NODE5_27_66),V(NODE5_27_67),V(NODE5_27_68),V(NODE5_27_69),V(NODE5_27_70),V(NODE5_27_71),V(NODE5_27_72),V(NODE5_27_73),V(NODE5_27_74),V(NODE5_27_75),V(NODE5_27_76),V(NODE5_27_77),V(NODE5_27_78),V(NODE5_27_79),V(NODE5_27_80),V(NODE5_27_81),V(NODE5_27_82),V(NODE5_27_83),V(NODE5_27_84),V(NODE5_27_85),V(NODE5_27_86),V(NODE5_27_87),V(NODE5_27_88),V(NODE5_27_89),V(NODE5_27_90),V(NODE5_27_91),V(NODE5_27_92),V(NODE5_27_93),V(NODE5_27_94),V(NODE5_27_95),V(NODE5_27_96),V(NODE5_27_97),V(NODE5_27_98),V(NODE5_27_99),V(NODE5_28_0),V(NODE5_28_1),V(NODE5_28_2),V(NODE5_28_3),V(NODE5_28_4),V(NODE5_28_5),V(NODE5_28_6),V(NODE5_28_7),V(NODE5_28_8),V(NODE5_28_9),V(NODE5_28_10),V(NODE5_28_11),V(NODE5_28_12),V(NODE5_28_13),V(NODE5_28_14),V(NODE5_28_15),V(NODE5_28_16),V(NODE5_28_17),V(NODE5_28_18),V(NODE5_28_19),V(NODE5_28_20),V(NODE5_28_21),V(NODE5_28_22),V(NODE5_28_23),V(NODE5_28_24),V(NODE5_28_25),V(NODE5_28_26),V(NODE5_28_27),V(NODE5_28_28),V(NODE5_28_29),V(NODE5_28_30),V(NODE5_28_31),V(NODE5_28_32),V(NODE5_28_33),V(NODE5_28_34),V(NODE5_28_35),V(NODE5_28_36),V(NODE5_28_37),V(NODE5_28_38),V(NODE5_28_39),V(NODE5_28_40),V(NODE5_28_41),V(NODE5_28_42),V(NODE5_28_43),V(NODE5_28_44),V(NODE5_28_45),V(NODE5_28_46),V(NODE5_28_47),V(NODE5_28_48),V(NODE5_28_49),V(NODE5_28_50),V(NODE5_28_51),V(NODE5_28_52),V(NODE5_28_53),V(NODE5_28_54),V(NODE5_28_55),V(NODE5_28_56),V(NODE5_28_57),V(NODE5_28_58),V(NODE5_28_59),V(NODE5_28_60),V(NODE5_28_61),V(NODE5_28_62),V(NODE5_28_63),V(NODE5_28_64),V(NODE5_28_65),V(NODE5_28_66),V(NODE5_28_67),V(NODE5_28_68),V(NODE5_28_69),V(NODE5_28_70),V(NODE5_28_71),V(NODE5_28_72),V(NODE5_28_73),V(NODE5_28_74),V(NODE5_28_75),V(NODE5_28_76),V(NODE5_28_77),V(NODE5_28_78),V(NODE5_28_79),V(NODE5_28_80),V(NODE5_28_81),V(NODE5_28_82),V(NODE5_28_83),V(NODE5_28_84),V(NODE5_28_85),V(NODE5_28_86),V(NODE5_28_87),V(NODE5_28_88),V(NODE5_28_89),V(NODE5_28_90),V(NODE5_28_91),V(NODE5_28_92),V(NODE5_28_93),V(NODE5_28_94),V(NODE5_28_95),V(NODE5_28_96),V(NODE5_28_97),V(NODE5_28_98),V(NODE5_28_99),V(NODE5_29_0),V(NODE5_29_1),V(NODE5_29_2),V(NODE5_29_3),V(NODE5_29_4),V(NODE5_29_5),V(NODE5_29_6),V(NODE5_29_7),V(NODE5_29_8),V(NODE5_29_9),V(NODE5_29_10),V(NODE5_29_11),V(NODE5_29_12),V(NODE5_29_13),V(NODE5_29_14),V(NODE5_29_15),V(NODE5_29_16),V(NODE5_29_17),V(NODE5_29_18),V(NODE5_29_19),V(NODE5_29_20),V(NODE5_29_21),V(NODE5_29_22),V(NODE5_29_23),V(NODE5_29_24),V(NODE5_29_25),V(NODE5_29_26),V(NODE5_29_27),V(NODE5_29_28),V(NODE5_29_29),V(NODE5_29_30),V(NODE5_29_31),V(NODE5_29_32),V(NODE5_29_33),V(NODE5_29_34),V(NODE5_29_35),V(NODE5_29_36),V(NODE5_29_37),V(NODE5_29_38),V(NODE5_29_39),V(NODE5_29_40),V(NODE5_29_41),V(NODE5_29_42),V(NODE5_29_43),V(NODE5_29_44),V(NODE5_29_45),V(NODE5_29_46),V(NODE5_29_47),V(NODE5_29_48),V(NODE5_29_49),V(NODE5_29_50),V(NODE5_29_51),V(NODE5_29_52),V(NODE5_29_53),V(NODE5_29_54),V(NODE5_29_55),V(NODE5_29_56),V(NODE5_29_57),V(NODE5_29_58),V(NODE5_29_59),V(NODE5_29_60),V(NODE5_29_61),V(NODE5_29_62),V(NODE5_29_63),V(NODE5_29_64),V(NODE5_29_65),V(NODE5_29_66),V(NODE5_29_67),V(NODE5_29_68),V(NODE5_29_69),V(NODE5_29_70),V(NODE5_29_71),V(NODE5_29_72),V(NODE5_29_73),V(NODE5_29_74),V(NODE5_29_75),V(NODE5_29_76),V(NODE5_29_77),V(NODE5_29_78),V(NODE5_29_79),V(NODE5_29_80),V(NODE5_29_81),V(NODE5_29_82),V(NODE5_29_83),V(NODE5_29_84),V(NODE5_29_85),V(NODE5_29_86),V(NODE5_29_87),V(NODE5_29_88),V(NODE5_29_89),V(NODE5_29_90),V(NODE5_29_91),V(NODE5_29_92),V(NODE5_29_93),V(NODE5_29_94),V(NODE5_29_95),V(NODE5_29_96),V(NODE5_29_97),V(NODE5_29_98),V(NODE5_29_99),V(NODE5_30_0),V(NODE5_30_1),V(NODE5_30_2),V(NODE5_30_3),V(NODE5_30_4),V(NODE5_30_5),V(NODE5_30_6),V(NODE5_30_7),V(NODE5_30_8),V(NODE5_30_9),V(NODE5_30_10),V(NODE5_30_11),V(NODE5_30_12),V(NODE5_30_13),V(NODE5_30_14),V(NODE5_30_15),V(NODE5_30_16),V(NODE5_30_17),V(NODE5_30_18),V(NODE5_30_19),V(NODE5_30_20),V(NODE5_30_21),V(NODE5_30_22),V(NODE5_30_23),V(NODE5_30_24),V(NODE5_30_25),V(NODE5_30_26),V(NODE5_30_27),V(NODE5_30_28),V(NODE5_30_29),V(NODE5_30_30),V(NODE5_30_31),V(NODE5_30_32),V(NODE5_30_33),V(NODE5_30_34),V(NODE5_30_35),V(NODE5_30_36),V(NODE5_30_37),V(NODE5_30_38),V(NODE5_30_39),V(NODE5_30_40),V(NODE5_30_41),V(NODE5_30_42),V(NODE5_30_43),V(NODE5_30_44),V(NODE5_30_45),V(NODE5_30_46),V(NODE5_30_47),V(NODE5_30_48),V(NODE5_30_49),V(NODE5_30_50),V(NODE5_30_51),V(NODE5_30_52),V(NODE5_30_53),V(NODE5_30_54),V(NODE5_30_55),V(NODE5_30_56),V(NODE5_30_57),V(NODE5_30_58),V(NODE5_30_59),V(NODE5_30_60),V(NODE5_30_61),V(NODE5_30_62),V(NODE5_30_63),V(NODE5_30_64),V(NODE5_30_65),V(NODE5_30_66),V(NODE5_30_67),V(NODE5_30_68),V(NODE5_30_69),V(NODE5_30_70),V(NODE5_30_71),V(NODE5_30_72),V(NODE5_30_73),V(NODE5_30_74),V(NODE5_30_75),V(NODE5_30_76),V(NODE5_30_77),V(NODE5_30_78),V(NODE5_30_79),V(NODE5_30_80),V(NODE5_30_81),V(NODE5_30_82),V(NODE5_30_83),V(NODE5_30_84),V(NODE5_30_85),V(NODE5_30_86),V(NODE5_30_87),V(NODE5_30_88),V(NODE5_30_89),V(NODE5_30_90),V(NODE5_30_91),V(NODE5_30_92),V(NODE5_30_93),V(NODE5_30_94),V(NODE5_30_95),V(NODE5_30_96),V(NODE5_30_97),V(NODE5_30_98),V(NODE5_30_99),V(NODE5_31_0),V(NODE5_31_1),V(NODE5_31_2),V(NODE5_31_3),V(NODE5_31_4),V(NODE5_31_5),V(NODE5_31_6),V(NODE5_31_7),V(NODE5_31_8),V(NODE5_31_9),V(NODE5_31_10),V(NODE5_31_11),V(NODE5_31_12),V(NODE5_31_13),V(NODE5_31_14),V(NODE5_31_15),V(NODE5_31_16),V(NODE5_31_17),V(NODE5_31_18),V(NODE5_31_19),V(NODE5_31_20),V(NODE5_31_21),V(NODE5_31_22),V(NODE5_31_23),V(NODE5_31_24),V(NODE5_31_25),V(NODE5_31_26),V(NODE5_31_27),V(NODE5_31_28),V(NODE5_31_29),V(NODE5_31_30),V(NODE5_31_31),V(NODE5_31_32),V(NODE5_31_33),V(NODE5_31_34),V(NODE5_31_35),V(NODE5_31_36),V(NODE5_31_37),V(NODE5_31_38),V(NODE5_31_39),V(NODE5_31_40),V(NODE5_31_41),V(NODE5_31_42),V(NODE5_31_43),V(NODE5_31_44),V(NODE5_31_45),V(NODE5_31_46),V(NODE5_31_47),V(NODE5_31_48),V(NODE5_31_49),V(NODE5_31_50),V(NODE5_31_51),V(NODE5_31_52),V(NODE5_31_53),V(NODE5_31_54),V(NODE5_31_55),V(NODE5_31_56),V(NODE5_31_57),V(NODE5_31_58),V(NODE5_31_59),V(NODE5_31_60),V(NODE5_31_61),V(NODE5_31_62),V(NODE5_31_63),V(NODE5_31_64),V(NODE5_31_65),V(NODE5_31_66),V(NODE5_31_67),V(NODE5_31_68),V(NODE5_31_69),V(NODE5_31_70),V(NODE5_31_71),V(NODE5_31_72),V(NODE5_31_73),V(NODE5_31_74),V(NODE5_31_75),V(NODE5_31_76),V(NODE5_31_77),V(NODE5_31_78),V(NODE5_31_79),V(NODE5_31_80),V(NODE5_31_81),V(NODE5_31_82),V(NODE5_31_83),V(NODE5_31_84),V(NODE5_31_85),V(NODE5_31_86),V(NODE5_31_87),V(NODE5_31_88),V(NODE5_31_89),V(NODE5_31_90),V(NODE5_31_91),V(NODE5_31_92),V(NODE5_31_93),V(NODE5_31_94),V(NODE5_31_95),V(NODE5_31_96),V(NODE5_31_97),V(NODE5_31_98),V(NODE5_31_99),V(NODE5_32_0),V(NODE5_32_1),V(NODE5_32_2),V(NODE5_32_3),V(NODE5_32_4),V(NODE5_32_5),V(NODE5_32_6),V(NODE5_32_7),V(NODE5_32_8),V(NODE5_32_9),V(NODE5_32_10),V(NODE5_32_11),V(NODE5_32_12),V(NODE5_32_13),V(NODE5_32_14),V(NODE5_32_15),V(NODE5_32_16),V(NODE5_32_17),V(NODE5_32_18),V(NODE5_32_19),V(NODE5_32_20),V(NODE5_32_21),V(NODE5_32_22),V(NODE5_32_23),V(NODE5_32_24),V(NODE5_32_25),V(NODE5_32_26),V(NODE5_32_27),V(NODE5_32_28),V(NODE5_32_29),V(NODE5_32_30),V(NODE5_32_31),V(NODE5_32_32),V(NODE5_32_33),V(NODE5_32_34),V(NODE5_32_35),V(NODE5_32_36),V(NODE5_32_37),V(NODE5_32_38),V(NODE5_32_39),V(NODE5_32_40),V(NODE5_32_41),V(NODE5_32_42),V(NODE5_32_43),V(NODE5_32_44),V(NODE5_32_45),V(NODE5_32_46),V(NODE5_32_47),V(NODE5_32_48),V(NODE5_32_49),V(NODE5_32_50),V(NODE5_32_51),V(NODE5_32_52),V(NODE5_32_53),V(NODE5_32_54),V(NODE5_32_55),V(NODE5_32_56),V(NODE5_32_57),V(NODE5_32_58),V(NODE5_32_59),V(NODE5_32_60),V(NODE5_32_61),V(NODE5_32_62),V(NODE5_32_63),V(NODE5_32_64),V(NODE5_32_65),V(NODE5_32_66),V(NODE5_32_67),V(NODE5_32_68),V(NODE5_32_69),V(NODE5_32_70),V(NODE5_32_71),V(NODE5_32_72),V(NODE5_32_73),V(NODE5_32_74),V(NODE5_32_75),V(NODE5_32_76),V(NODE5_32_77),V(NODE5_32_78),V(NODE5_32_79),V(NODE5_32_80),V(NODE5_32_81),V(NODE5_32_82),V(NODE5_32_83),V(NODE5_32_84),V(NODE5_32_85),V(NODE5_32_86),V(NODE5_32_87),V(NODE5_32_88),V(NODE5_32_89),V(NODE5_32_90),V(NODE5_32_91),V(NODE5_32_92),V(NODE5_32_93),V(NODE5_32_94),V(NODE5_32_95),V(NODE5_32_96),V(NODE5_32_97),V(NODE5_32_98),V(NODE5_32_99),V(NODE5_33_0),V(NODE5_33_1),V(NODE5_33_2),V(NODE5_33_3),V(NODE5_33_4),V(NODE5_33_5),V(NODE5_33_6),V(NODE5_33_7),V(NODE5_33_8),V(NODE5_33_9),V(NODE5_33_10),V(NODE5_33_11),V(NODE5_33_12),V(NODE5_33_13),V(NODE5_33_14),V(NODE5_33_15),V(NODE5_33_16),V(NODE5_33_17),V(NODE5_33_18),V(NODE5_33_19),V(NODE5_33_20),V(NODE5_33_21),V(NODE5_33_22),V(NODE5_33_23),V(NODE5_33_24),V(NODE5_33_25),V(NODE5_33_26),V(NODE5_33_27),V(NODE5_33_28),V(NODE5_33_29),V(NODE5_33_30),V(NODE5_33_31),V(NODE5_33_32),V(NODE5_33_33),V(NODE5_33_34),V(NODE5_33_35),V(NODE5_33_36),V(NODE5_33_37),V(NODE5_33_38),V(NODE5_33_39),V(NODE5_33_40),V(NODE5_33_41),V(NODE5_33_42),V(NODE5_33_43),V(NODE5_33_44),V(NODE5_33_45),V(NODE5_33_46),V(NODE5_33_47),V(NODE5_33_48),V(NODE5_33_49),V(NODE5_33_50),V(NODE5_33_51),V(NODE5_33_52),V(NODE5_33_53),V(NODE5_33_54),V(NODE5_33_55),V(NODE5_33_56),V(NODE5_33_57),V(NODE5_33_58),V(NODE5_33_59),V(NODE5_33_60),V(NODE5_33_61),V(NODE5_33_62),V(NODE5_33_63),V(NODE5_33_64),V(NODE5_33_65),V(NODE5_33_66),V(NODE5_33_67),V(NODE5_33_68),V(NODE5_33_69),V(NODE5_33_70),V(NODE5_33_71),V(NODE5_33_72),V(NODE5_33_73),V(NODE5_33_74),V(NODE5_33_75),V(NODE5_33_76),V(NODE5_33_77),V(NODE5_33_78),V(NODE5_33_79),V(NODE5_33_80),V(NODE5_33_81),V(NODE5_33_82),V(NODE5_33_83),V(NODE5_33_84),V(NODE5_33_85),V(NODE5_33_86),V(NODE5_33_87),V(NODE5_33_88),V(NODE5_33_89),V(NODE5_33_90),V(NODE5_33_91),V(NODE5_33_92),V(NODE5_33_93),V(NODE5_33_94),V(NODE5_33_95),V(NODE5_33_96),V(NODE5_33_97),V(NODE5_33_98),V(NODE5_33_99),V(NODE5_34_0),V(NODE5_34_1),V(NODE5_34_2),V(NODE5_34_3),V(NODE5_34_4),V(NODE5_34_5),V(NODE5_34_6),V(NODE5_34_7),V(NODE5_34_8),V(NODE5_34_9),V(NODE5_34_10),V(NODE5_34_11),V(NODE5_34_12),V(NODE5_34_13),V(NODE5_34_14),V(NODE5_34_15),V(NODE5_34_16),V(NODE5_34_17),V(NODE5_34_18),V(NODE5_34_19),V(NODE5_34_20),V(NODE5_34_21),V(NODE5_34_22),V(NODE5_34_23),V(NODE5_34_24),V(NODE5_34_25),V(NODE5_34_26),V(NODE5_34_27),V(NODE5_34_28),V(NODE5_34_29),V(NODE5_34_30),V(NODE5_34_31),V(NODE5_34_32),V(NODE5_34_33),V(NODE5_34_34),V(NODE5_34_35),V(NODE5_34_36),V(NODE5_34_37),V(NODE5_34_38),V(NODE5_34_39),V(NODE5_34_40),V(NODE5_34_41),V(NODE5_34_42),V(NODE5_34_43),V(NODE5_34_44),V(NODE5_34_45),V(NODE5_34_46),V(NODE5_34_47),V(NODE5_34_48),V(NODE5_34_49),V(NODE5_34_50),V(NODE5_34_51),V(NODE5_34_52),V(NODE5_34_53),V(NODE5_34_54),V(NODE5_34_55),V(NODE5_34_56),V(NODE5_34_57),V(NODE5_34_58),V(NODE5_34_59),V(NODE5_34_60),V(NODE5_34_61),V(NODE5_34_62),V(NODE5_34_63),V(NODE5_34_64),V(NODE5_34_65),V(NODE5_34_66),V(NODE5_34_67),V(NODE5_34_68),V(NODE5_34_69),V(NODE5_34_70),V(NODE5_34_71),V(NODE5_34_72),V(NODE5_34_73),V(NODE5_34_74),V(NODE5_34_75),V(NODE5_34_76),V(NODE5_34_77),V(NODE5_34_78),V(NODE5_34_79),V(NODE5_34_80),V(NODE5_34_81),V(NODE5_34_82),V(NODE5_34_83),V(NODE5_34_84),V(NODE5_34_85),V(NODE5_34_86),V(NODE5_34_87),V(NODE5_34_88),V(NODE5_34_89),V(NODE5_34_90),V(NODE5_34_91),V(NODE5_34_92),V(NODE5_34_93),V(NODE5_34_94),V(NODE5_34_95),V(NODE5_34_96),V(NODE5_34_97),V(NODE5_34_98),V(NODE5_34_99),V(NODE5_35_0),V(NODE5_35_1),V(NODE5_35_2),V(NODE5_35_3),V(NODE5_35_4),V(NODE5_35_5),V(NODE5_35_6),V(NODE5_35_7),V(NODE5_35_8),V(NODE5_35_9),V(NODE5_35_10),V(NODE5_35_11),V(NODE5_35_12),V(NODE5_35_13),V(NODE5_35_14),V(NODE5_35_15),V(NODE5_35_16),V(NODE5_35_17),V(NODE5_35_18),V(NODE5_35_19),V(NODE5_35_20),V(NODE5_35_21),V(NODE5_35_22),V(NODE5_35_23),V(NODE5_35_24),V(NODE5_35_25),V(NODE5_35_26),V(NODE5_35_27),V(NODE5_35_28),V(NODE5_35_29),V(NODE5_35_30),V(NODE5_35_31),V(NODE5_35_32),V(NODE5_35_33),V(NODE5_35_34),V(NODE5_35_35),V(NODE5_35_36),V(NODE5_35_37),V(NODE5_35_38),V(NODE5_35_39),V(NODE5_35_40),V(NODE5_35_41),V(NODE5_35_42),V(NODE5_35_43),V(NODE5_35_44),V(NODE5_35_45),V(NODE5_35_46),V(NODE5_35_47),V(NODE5_35_48),V(NODE5_35_49),V(NODE5_35_50),V(NODE5_35_51),V(NODE5_35_52),V(NODE5_35_53),V(NODE5_35_54),V(NODE5_35_55),V(NODE5_35_56),V(NODE5_35_57),V(NODE5_35_58),V(NODE5_35_59),V(NODE5_35_60),V(NODE5_35_61),V(NODE5_35_62),V(NODE5_35_63),V(NODE5_35_64),V(NODE5_35_65),V(NODE5_35_66),V(NODE5_35_67),V(NODE5_35_68),V(NODE5_35_69),V(NODE5_35_70),V(NODE5_35_71),V(NODE5_35_72),V(NODE5_35_73),V(NODE5_35_74),V(NODE5_35_75),V(NODE5_35_76),V(NODE5_35_77),V(NODE5_35_78),V(NODE5_35_79),V(NODE5_35_80),V(NODE5_35_81),V(NODE5_35_82),V(NODE5_35_83),V(NODE5_35_84),V(NODE5_35_85),V(NODE5_35_86),V(NODE5_35_87),V(NODE5_35_88),V(NODE5_35_89),V(NODE5_35_90),V(NODE5_35_91),V(NODE5_35_92),V(NODE5_35_93),V(NODE5_35_94),V(NODE5_35_95),V(NODE5_35_96),V(NODE5_35_97),V(NODE5_35_98),V(NODE5_35_99),V(NODE5_36_0),V(NODE5_36_1),V(NODE5_36_2),V(NODE5_36_3),V(NODE5_36_4),V(NODE5_36_5),V(NODE5_36_6),V(NODE5_36_7),V(NODE5_36_8),V(NODE5_36_9),V(NODE5_36_10),V(NODE5_36_11),V(NODE5_36_12),V(NODE5_36_13),V(NODE5_36_14),V(NODE5_36_15),V(NODE5_36_16),V(NODE5_36_17),V(NODE5_36_18),V(NODE5_36_19),V(NODE5_36_20),V(NODE5_36_21),V(NODE5_36_22),V(NODE5_36_23),V(NODE5_36_24),V(NODE5_36_25),V(NODE5_36_26),V(NODE5_36_27),V(NODE5_36_28),V(NODE5_36_29),V(NODE5_36_30),V(NODE5_36_31),V(NODE5_36_32),V(NODE5_36_33),V(NODE5_36_34),V(NODE5_36_35),V(NODE5_36_36),V(NODE5_36_37),V(NODE5_36_38),V(NODE5_36_39),V(NODE5_36_40),V(NODE5_36_41),V(NODE5_36_42),V(NODE5_36_43),V(NODE5_36_44),V(NODE5_36_45),V(NODE5_36_46),V(NODE5_36_47),V(NODE5_36_48),V(NODE5_36_49),V(NODE5_36_50),V(NODE5_36_51),V(NODE5_36_52),V(NODE5_36_53),V(NODE5_36_54),V(NODE5_36_55),V(NODE5_36_56),V(NODE5_36_57),V(NODE5_36_58),V(NODE5_36_59),V(NODE5_36_60),V(NODE5_36_61),V(NODE5_36_62),V(NODE5_36_63),V(NODE5_36_64),V(NODE5_36_65),V(NODE5_36_66),V(NODE5_36_67),V(NODE5_36_68),V(NODE5_36_69),V(NODE5_36_70),V(NODE5_36_71),V(NODE5_36_72),V(NODE5_36_73),V(NODE5_36_74),V(NODE5_36_75),V(NODE5_36_76),V(NODE5_36_77),V(NODE5_36_78),V(NODE5_36_79),V(NODE5_36_80),V(NODE5_36_81),V(NODE5_36_82),V(NODE5_36_83),V(NODE5_36_84),V(NODE5_36_85),V(NODE5_36_86),V(NODE5_36_87),V(NODE5_36_88),V(NODE5_36_89),V(NODE5_36_90),V(NODE5_36_91),V(NODE5_36_92),V(NODE5_36_93),V(NODE5_36_94),V(NODE5_36_95),V(NODE5_36_96),V(NODE5_36_97),V(NODE5_36_98),V(NODE5_36_99),V(NODE5_37_0),V(NODE5_37_1),V(NODE5_37_2),V(NODE5_37_3),V(NODE5_37_4),V(NODE5_37_5),V(NODE5_37_6),V(NODE5_37_7),V(NODE5_37_8),V(NODE5_37_9),V(NODE5_37_10),V(NODE5_37_11),V(NODE5_37_12),V(NODE5_37_13),V(NODE5_37_14),V(NODE5_37_15),V(NODE5_37_16),V(NODE5_37_17),V(NODE5_37_18),V(NODE5_37_19),V(NODE5_37_20),V(NODE5_37_21),V(NODE5_37_22),V(NODE5_37_23),V(NODE5_37_24),V(NODE5_37_25),V(NODE5_37_26),V(NODE5_37_27),V(NODE5_37_28),V(NODE5_37_29),V(NODE5_37_30),V(NODE5_37_31),V(NODE5_37_32),V(NODE5_37_33),V(NODE5_37_34),V(NODE5_37_35),V(NODE5_37_36),V(NODE5_37_37),V(NODE5_37_38),V(NODE5_37_39),V(NODE5_37_40),V(NODE5_37_41),V(NODE5_37_42),V(NODE5_37_43),V(NODE5_37_44),V(NODE5_37_45),V(NODE5_37_46),V(NODE5_37_47),V(NODE5_37_48),V(NODE5_37_49),V(NODE5_37_50),V(NODE5_37_51),V(NODE5_37_52),V(NODE5_37_53),V(NODE5_37_54),V(NODE5_37_55),V(NODE5_37_56),V(NODE5_37_57),V(NODE5_37_58),V(NODE5_37_59),V(NODE5_37_60),V(NODE5_37_61),V(NODE5_37_62),V(NODE5_37_63),V(NODE5_37_64),V(NODE5_37_65),V(NODE5_37_66),V(NODE5_37_67),V(NODE5_37_68),V(NODE5_37_69),V(NODE5_37_70),V(NODE5_37_71),V(NODE5_37_72),V(NODE5_37_73),V(NODE5_37_74),V(NODE5_37_75),V(NODE5_37_76),V(NODE5_37_77),V(NODE5_37_78),V(NODE5_37_79),V(NODE5_37_80),V(NODE5_37_81),V(NODE5_37_82),V(NODE5_37_83),V(NODE5_37_84),V(NODE5_37_85),V(NODE5_37_86),V(NODE5_37_87),V(NODE5_37_88),V(NODE5_37_89),V(NODE5_37_90),V(NODE5_37_91),V(NODE5_37_92),V(NODE5_37_93),V(NODE5_37_94),V(NODE5_37_95),V(NODE5_37_96),V(NODE5_37_97),V(NODE5_37_98),V(NODE5_37_99),V(NODE5_38_0),V(NODE5_38_1),V(NODE5_38_2),V(NODE5_38_3),V(NODE5_38_4),V(NODE5_38_5),V(NODE5_38_6),V(NODE5_38_7),V(NODE5_38_8),V(NODE5_38_9),V(NODE5_38_10),V(NODE5_38_11),V(NODE5_38_12),V(NODE5_38_13),V(NODE5_38_14),V(NODE5_38_15),V(NODE5_38_16),V(NODE5_38_17),V(NODE5_38_18),V(NODE5_38_19),V(NODE5_38_20),V(NODE5_38_21),V(NODE5_38_22),V(NODE5_38_23),V(NODE5_38_24),V(NODE5_38_25),V(NODE5_38_26),V(NODE5_38_27),V(NODE5_38_28),V(NODE5_38_29),V(NODE5_38_30),V(NODE5_38_31),V(NODE5_38_32),V(NODE5_38_33),V(NODE5_38_34),V(NODE5_38_35),V(NODE5_38_36),V(NODE5_38_37),V(NODE5_38_38),V(NODE5_38_39),V(NODE5_38_40),V(NODE5_38_41),V(NODE5_38_42),V(NODE5_38_43),V(NODE5_38_44),V(NODE5_38_45),V(NODE5_38_46),V(NODE5_38_47),V(NODE5_38_48),V(NODE5_38_49),V(NODE5_38_50),V(NODE5_38_51),V(NODE5_38_52),V(NODE5_38_53),V(NODE5_38_54),V(NODE5_38_55),V(NODE5_38_56),V(NODE5_38_57),V(NODE5_38_58),V(NODE5_38_59),V(NODE5_38_60),V(NODE5_38_61),V(NODE5_38_62),V(NODE5_38_63),V(NODE5_38_64),V(NODE5_38_65),V(NODE5_38_66),V(NODE5_38_67),V(NODE5_38_68),V(NODE5_38_69),V(NODE5_38_70),V(NODE5_38_71),V(NODE5_38_72),V(NODE5_38_73),V(NODE5_38_74),V(NODE5_38_75),V(NODE5_38_76),V(NODE5_38_77),V(NODE5_38_78),V(NODE5_38_79),V(NODE5_38_80),V(NODE5_38_81),V(NODE5_38_82),V(NODE5_38_83),V(NODE5_38_84),V(NODE5_38_85),V(NODE5_38_86),V(NODE5_38_87),V(NODE5_38_88),V(NODE5_38_89),V(NODE5_38_90),V(NODE5_38_91),V(NODE5_38_92),V(NODE5_38_93),V(NODE5_38_94),V(NODE5_38_95),V(NODE5_38_96),V(NODE5_38_97),V(NODE5_38_98),V(NODE5_38_99),V(NODE5_39_0),V(NODE5_39_1),V(NODE5_39_2),V(NODE5_39_3),V(NODE5_39_4),V(NODE5_39_5),V(NODE5_39_6),V(NODE5_39_7),V(NODE5_39_8),V(NODE5_39_9),V(NODE5_39_10),V(NODE5_39_11),V(NODE5_39_12),V(NODE5_39_13),V(NODE5_39_14),V(NODE5_39_15),V(NODE5_39_16),V(NODE5_39_17),V(NODE5_39_18),V(NODE5_39_19),V(NODE5_39_20),V(NODE5_39_21),V(NODE5_39_22),V(NODE5_39_23),V(NODE5_39_24),V(NODE5_39_25),V(NODE5_39_26),V(NODE5_39_27),V(NODE5_39_28),V(NODE5_39_29),V(NODE5_39_30),V(NODE5_39_31),V(NODE5_39_32),V(NODE5_39_33),V(NODE5_39_34),V(NODE5_39_35),V(NODE5_39_36),V(NODE5_39_37),V(NODE5_39_38),V(NODE5_39_39),V(NODE5_39_40),V(NODE5_39_41),V(NODE5_39_42),V(NODE5_39_43),V(NODE5_39_44),V(NODE5_39_45),V(NODE5_39_46),V(NODE5_39_47),V(NODE5_39_48),V(NODE5_39_49),V(NODE5_39_50),V(NODE5_39_51),V(NODE5_39_52),V(NODE5_39_53),V(NODE5_39_54),V(NODE5_39_55),V(NODE5_39_56),V(NODE5_39_57),V(NODE5_39_58),V(NODE5_39_59),V(NODE5_39_60),V(NODE5_39_61),V(NODE5_39_62),V(NODE5_39_63),V(NODE5_39_64),V(NODE5_39_65),V(NODE5_39_66),V(NODE5_39_67),V(NODE5_39_68),V(NODE5_39_69),V(NODE5_39_70),V(NODE5_39_71),V(NODE5_39_72),V(NODE5_39_73),V(NODE5_39_74),V(NODE5_39_75),V(NODE5_39_76),V(NODE5_39_77),V(NODE5_39_78),V(NODE5_39_79),V(NODE5_39_80),V(NODE5_39_81),V(NODE5_39_82),V(NODE5_39_83),V(NODE5_39_84),V(NODE5_39_85),V(NODE5_39_86),V(NODE5_39_87),V(NODE5_39_88),V(NODE5_39_89),V(NODE5_39_90),V(NODE5_39_91),V(NODE5_39_92),V(NODE5_39_93),V(NODE5_39_94),V(NODE5_39_95),V(NODE5_39_96),V(NODE5_39_97),V(NODE5_39_98),V(NODE5_39_99),V(NODE5_40_0),V(NODE5_40_1),V(NODE5_40_2),V(NODE5_40_3),V(NODE5_40_4),V(NODE5_40_5),V(NODE5_40_6),V(NODE5_40_7),V(NODE5_40_8),V(NODE5_40_9),V(NODE5_40_10),V(NODE5_40_11),V(NODE5_40_12),V(NODE5_40_13),V(NODE5_40_14),V(NODE5_40_15),V(NODE5_40_16),V(NODE5_40_17),V(NODE5_40_18),V(NODE5_40_19),V(NODE5_40_20),V(NODE5_40_21),V(NODE5_40_22),V(NODE5_40_23),V(NODE5_40_24),V(NODE5_40_25),V(NODE5_40_26),V(NODE5_40_27),V(NODE5_40_28),V(NODE5_40_29),V(NODE5_40_30),V(NODE5_40_31),V(NODE5_40_32),V(NODE5_40_33),V(NODE5_40_34),V(NODE5_40_35),V(NODE5_40_36),V(NODE5_40_37),V(NODE5_40_38),V(NODE5_40_39),V(NODE5_40_40),V(NODE5_40_41),V(NODE5_40_42),V(NODE5_40_43),V(NODE5_40_44),V(NODE5_40_45),V(NODE5_40_46),V(NODE5_40_47),V(NODE5_40_48),V(NODE5_40_49),V(NODE5_40_50),V(NODE5_40_51),V(NODE5_40_52),V(NODE5_40_53),V(NODE5_40_54),V(NODE5_40_55),V(NODE5_40_56),V(NODE5_40_57),V(NODE5_40_58),V(NODE5_40_59),V(NODE5_40_60),V(NODE5_40_61),V(NODE5_40_62),V(NODE5_40_63),V(NODE5_40_64),V(NODE5_40_65),V(NODE5_40_66),V(NODE5_40_67),V(NODE5_40_68),V(NODE5_40_69),V(NODE5_40_70),V(NODE5_40_71),V(NODE5_40_72),V(NODE5_40_73),V(NODE5_40_74),V(NODE5_40_75),V(NODE5_40_76),V(NODE5_40_77),V(NODE5_40_78),V(NODE5_40_79),V(NODE5_40_80),V(NODE5_40_81),V(NODE5_40_82),V(NODE5_40_83),V(NODE5_40_84),V(NODE5_40_85),V(NODE5_40_86),V(NODE5_40_87),V(NODE5_40_88),V(NODE5_40_89),V(NODE5_40_90),V(NODE5_40_91),V(NODE5_40_92),V(NODE5_40_93),V(NODE5_40_94),V(NODE5_40_95),V(NODE5_40_96),V(NODE5_40_97),V(NODE5_40_98),V(NODE5_40_99),V(NODE5_41_0),V(NODE5_41_1),V(NODE5_41_2),V(NODE5_41_3),V(NODE5_41_4),V(NODE5_41_5),V(NODE5_41_6),V(NODE5_41_7),V(NODE5_41_8),V(NODE5_41_9),V(NODE5_41_10),V(NODE5_41_11),V(NODE5_41_12),V(NODE5_41_13),V(NODE5_41_14),V(NODE5_41_15),V(NODE5_41_16),V(NODE5_41_17),V(NODE5_41_18),V(NODE5_41_19),V(NODE5_41_20),V(NODE5_41_21),V(NODE5_41_22),V(NODE5_41_23),V(NODE5_41_24),V(NODE5_41_25),V(NODE5_41_26),V(NODE5_41_27),V(NODE5_41_28),V(NODE5_41_29),V(NODE5_41_30),V(NODE5_41_31),V(NODE5_41_32),V(NODE5_41_33),V(NODE5_41_34),V(NODE5_41_35),V(NODE5_41_36),V(NODE5_41_37),V(NODE5_41_38),V(NODE5_41_39),V(NODE5_41_40),V(NODE5_41_41),V(NODE5_41_42),V(NODE5_41_43),V(NODE5_41_44),V(NODE5_41_45),V(NODE5_41_46),V(NODE5_41_47),V(NODE5_41_48),V(NODE5_41_49),V(NODE5_41_50),V(NODE5_41_51),V(NODE5_41_52),V(NODE5_41_53),V(NODE5_41_54),V(NODE5_41_55),V(NODE5_41_56),V(NODE5_41_57),V(NODE5_41_58),V(NODE5_41_59),V(NODE5_41_60),V(NODE5_41_61),V(NODE5_41_62),V(NODE5_41_63),V(NODE5_41_64),V(NODE5_41_65),V(NODE5_41_66),V(NODE5_41_67),V(NODE5_41_68),V(NODE5_41_69),V(NODE5_41_70),V(NODE5_41_71),V(NODE5_41_72),V(NODE5_41_73),V(NODE5_41_74),V(NODE5_41_75),V(NODE5_41_76),V(NODE5_41_77),V(NODE5_41_78),V(NODE5_41_79),V(NODE5_41_80),V(NODE5_41_81),V(NODE5_41_82),V(NODE5_41_83),V(NODE5_41_84),V(NODE5_41_85),V(NODE5_41_86),V(NODE5_41_87),V(NODE5_41_88),V(NODE5_41_89),V(NODE5_41_90),V(NODE5_41_91),V(NODE5_41_92),V(NODE5_41_93),V(NODE5_41_94),V(NODE5_41_95),V(NODE5_41_96),V(NODE5_41_97),V(NODE5_41_98),V(NODE5_41_99),V(NODE5_42_0),V(NODE5_42_1),V(NODE5_42_2),V(NODE5_42_3),V(NODE5_42_4),V(NODE5_42_5),V(NODE5_42_6),V(NODE5_42_7),V(NODE5_42_8),V(NODE5_42_9),V(NODE5_42_10),V(NODE5_42_11),V(NODE5_42_12),V(NODE5_42_13),V(NODE5_42_14),V(NODE5_42_15),V(NODE5_42_16),V(NODE5_42_17),V(NODE5_42_18),V(NODE5_42_19),V(NODE5_42_20),V(NODE5_42_21),V(NODE5_42_22),V(NODE5_42_23),V(NODE5_42_24),V(NODE5_42_25),V(NODE5_42_26),V(NODE5_42_27),V(NODE5_42_28),V(NODE5_42_29),V(NODE5_42_30),V(NODE5_42_31),V(NODE5_42_32),V(NODE5_42_33),V(NODE5_42_34),V(NODE5_42_35),V(NODE5_42_36),V(NODE5_42_37),V(NODE5_42_38),V(NODE5_42_39),V(NODE5_42_40),V(NODE5_42_41),V(NODE5_42_42),V(NODE5_42_43),V(NODE5_42_44),V(NODE5_42_45),V(NODE5_42_46),V(NODE5_42_47),V(NODE5_42_48),V(NODE5_42_49),V(NODE5_42_50),V(NODE5_42_51),V(NODE5_42_52),V(NODE5_42_53),V(NODE5_42_54),V(NODE5_42_55),V(NODE5_42_56),V(NODE5_42_57),V(NODE5_42_58),V(NODE5_42_59),V(NODE5_42_60),V(NODE5_42_61),V(NODE5_42_62),V(NODE5_42_63),V(NODE5_42_64),V(NODE5_42_65),V(NODE5_42_66),V(NODE5_42_67),V(NODE5_42_68),V(NODE5_42_69),V(NODE5_42_70),V(NODE5_42_71),V(NODE5_42_72),V(NODE5_42_73),V(NODE5_42_74),V(NODE5_42_75),V(NODE5_42_76),V(NODE5_42_77),V(NODE5_42_78),V(NODE5_42_79),V(NODE5_42_80),V(NODE5_42_81),V(NODE5_42_82),V(NODE5_42_83),V(NODE5_42_84),V(NODE5_42_85),V(NODE5_42_86),V(NODE5_42_87),V(NODE5_42_88),V(NODE5_42_89),V(NODE5_42_90),V(NODE5_42_91),V(NODE5_42_92),V(NODE5_42_93),V(NODE5_42_94),V(NODE5_42_95),V(NODE5_42_96),V(NODE5_42_97),V(NODE5_42_98),V(NODE5_42_99),V(NODE5_43_0),V(NODE5_43_1),V(NODE5_43_2),V(NODE5_43_3),V(NODE5_43_4),V(NODE5_43_5),V(NODE5_43_6),V(NODE5_43_7),V(NODE5_43_8),V(NODE5_43_9),V(NODE5_43_10),V(NODE5_43_11),V(NODE5_43_12),V(NODE5_43_13),V(NODE5_43_14),V(NODE5_43_15),V(NODE5_43_16),V(NODE5_43_17),V(NODE5_43_18),V(NODE5_43_19),V(NODE5_43_20),V(NODE5_43_21),V(NODE5_43_22),V(NODE5_43_23),V(NODE5_43_24),V(NODE5_43_25),V(NODE5_43_26),V(NODE5_43_27),V(NODE5_43_28),V(NODE5_43_29),V(NODE5_43_30),V(NODE5_43_31),V(NODE5_43_32),V(NODE5_43_33),V(NODE5_43_34),V(NODE5_43_35),V(NODE5_43_36),V(NODE5_43_37),V(NODE5_43_38),V(NODE5_43_39),V(NODE5_43_40),V(NODE5_43_41),V(NODE5_43_42),V(NODE5_43_43),V(NODE5_43_44),V(NODE5_43_45),V(NODE5_43_46),V(NODE5_43_47),V(NODE5_43_48),V(NODE5_43_49),V(NODE5_43_50),V(NODE5_43_51),V(NODE5_43_52),V(NODE5_43_53),V(NODE5_43_54),V(NODE5_43_55),V(NODE5_43_56),V(NODE5_43_57),V(NODE5_43_58),V(NODE5_43_59),V(NODE5_43_60),V(NODE5_43_61),V(NODE5_43_62),V(NODE5_43_63),V(NODE5_43_64),V(NODE5_43_65),V(NODE5_43_66),V(NODE5_43_67),V(NODE5_43_68),V(NODE5_43_69),V(NODE5_43_70),V(NODE5_43_71),V(NODE5_43_72),V(NODE5_43_73),V(NODE5_43_74),V(NODE5_43_75),V(NODE5_43_76),V(NODE5_43_77),V(NODE5_43_78),V(NODE5_43_79),V(NODE5_43_80),V(NODE5_43_81),V(NODE5_43_82),V(NODE5_43_83),V(NODE5_43_84),V(NODE5_43_85),V(NODE5_43_86),V(NODE5_43_87),V(NODE5_43_88),V(NODE5_43_89),V(NODE5_43_90),V(NODE5_43_91),V(NODE5_43_92),V(NODE5_43_93),V(NODE5_43_94),V(NODE5_43_95),V(NODE5_43_96),V(NODE5_43_97),V(NODE5_43_98),V(NODE5_43_99),V(NODE5_44_0),V(NODE5_44_1),V(NODE5_44_2),V(NODE5_44_3),V(NODE5_44_4),V(NODE5_44_5),V(NODE5_44_6),V(NODE5_44_7),V(NODE5_44_8),V(NODE5_44_9),V(NODE5_44_10),V(NODE5_44_11),V(NODE5_44_12),V(NODE5_44_13),V(NODE5_44_14),V(NODE5_44_15),V(NODE5_44_16),V(NODE5_44_17),V(NODE5_44_18),V(NODE5_44_19),V(NODE5_44_20),V(NODE5_44_21),V(NODE5_44_22),V(NODE5_44_23),V(NODE5_44_24),V(NODE5_44_25),V(NODE5_44_26),V(NODE5_44_27),V(NODE5_44_28),V(NODE5_44_29),V(NODE5_44_30),V(NODE5_44_31),V(NODE5_44_32),V(NODE5_44_33),V(NODE5_44_34),V(NODE5_44_35),V(NODE5_44_36),V(NODE5_44_37),V(NODE5_44_38),V(NODE5_44_39),V(NODE5_44_40),V(NODE5_44_41),V(NODE5_44_42),V(NODE5_44_43),V(NODE5_44_44),V(NODE5_44_45),V(NODE5_44_46),V(NODE5_44_47),V(NODE5_44_48),V(NODE5_44_49),V(NODE5_44_50),V(NODE5_44_51),V(NODE5_44_52),V(NODE5_44_53),V(NODE5_44_54),V(NODE5_44_55),V(NODE5_44_56),V(NODE5_44_57),V(NODE5_44_58),V(NODE5_44_59),V(NODE5_44_60),V(NODE5_44_61),V(NODE5_44_62),V(NODE5_44_63),V(NODE5_44_64),V(NODE5_44_65),V(NODE5_44_66),V(NODE5_44_67),V(NODE5_44_68),V(NODE5_44_69),V(NODE5_44_70),V(NODE5_44_71),V(NODE5_44_72),V(NODE5_44_73),V(NODE5_44_74),V(NODE5_44_75),V(NODE5_44_76),V(NODE5_44_77),V(NODE5_44_78),V(NODE5_44_79),V(NODE5_44_80),V(NODE5_44_81),V(NODE5_44_82),V(NODE5_44_83),V(NODE5_44_84),V(NODE5_44_85),V(NODE5_44_86),V(NODE5_44_87),V(NODE5_44_88),V(NODE5_44_89),V(NODE5_44_90),V(NODE5_44_91),V(NODE5_44_92),V(NODE5_44_93),V(NODE5_44_94),V(NODE5_44_95),V(NODE5_44_96),V(NODE5_44_97),V(NODE5_44_98),V(NODE5_44_99),V(NODE5_45_0),V(NODE5_45_1),V(NODE5_45_2),V(NODE5_45_3),V(NODE5_45_4),V(NODE5_45_5),V(NODE5_45_6),V(NODE5_45_7),V(NODE5_45_8),V(NODE5_45_9),V(NODE5_45_10),V(NODE5_45_11),V(NODE5_45_12),V(NODE5_45_13),V(NODE5_45_14),V(NODE5_45_15),V(NODE5_45_16),V(NODE5_45_17),V(NODE5_45_18),V(NODE5_45_19),V(NODE5_45_20),V(NODE5_45_21),V(NODE5_45_22),V(NODE5_45_23),V(NODE5_45_24),V(NODE5_45_25),V(NODE5_45_26),V(NODE5_45_27),V(NODE5_45_28),V(NODE5_45_29),V(NODE5_45_30),V(NODE5_45_31),V(NODE5_45_32),V(NODE5_45_33),V(NODE5_45_34),V(NODE5_45_35),V(NODE5_45_36),V(NODE5_45_37),V(NODE5_45_38),V(NODE5_45_39),V(NODE5_45_40),V(NODE5_45_41),V(NODE5_45_42),V(NODE5_45_43),V(NODE5_45_44),V(NODE5_45_45),V(NODE5_45_46),V(NODE5_45_47),V(NODE5_45_48),V(NODE5_45_49),V(NODE5_45_50),V(NODE5_45_51),V(NODE5_45_52),V(NODE5_45_53),V(NODE5_45_54),V(NODE5_45_55),V(NODE5_45_56),V(NODE5_45_57),V(NODE5_45_58),V(NODE5_45_59),V(NODE5_45_60),V(NODE5_45_61),V(NODE5_45_62),V(NODE5_45_63),V(NODE5_45_64),V(NODE5_45_65),V(NODE5_45_66),V(NODE5_45_67),V(NODE5_45_68),V(NODE5_45_69),V(NODE5_45_70),V(NODE5_45_71),V(NODE5_45_72),V(NODE5_45_73),V(NODE5_45_74),V(NODE5_45_75),V(NODE5_45_76),V(NODE5_45_77),V(NODE5_45_78),V(NODE5_45_79),V(NODE5_45_80),V(NODE5_45_81),V(NODE5_45_82),V(NODE5_45_83),V(NODE5_45_84),V(NODE5_45_85),V(NODE5_45_86),V(NODE5_45_87),V(NODE5_45_88),V(NODE5_45_89),V(NODE5_45_90),V(NODE5_45_91),V(NODE5_45_92),V(NODE5_45_93),V(NODE5_45_94),V(NODE5_45_95),V(NODE5_45_96),V(NODE5_45_97),V(NODE5_45_98),V(NODE5_45_99),V(NODE5_46_0),V(NODE5_46_1),V(NODE5_46_2),V(NODE5_46_3),V(NODE5_46_4),V(NODE5_46_5),V(NODE5_46_6),V(NODE5_46_7),V(NODE5_46_8),V(NODE5_46_9),V(NODE5_46_10),V(NODE5_46_11),V(NODE5_46_12),V(NODE5_46_13),V(NODE5_46_14),V(NODE5_46_15),V(NODE5_46_16),V(NODE5_46_17),V(NODE5_46_18),V(NODE5_46_19),V(NODE5_46_20),V(NODE5_46_21),V(NODE5_46_22),V(NODE5_46_23),V(NODE5_46_24),V(NODE5_46_25),V(NODE5_46_26),V(NODE5_46_27),V(NODE5_46_28),V(NODE5_46_29),V(NODE5_46_30),V(NODE5_46_31),V(NODE5_46_32),V(NODE5_46_33),V(NODE5_46_34),V(NODE5_46_35),V(NODE5_46_36),V(NODE5_46_37),V(NODE5_46_38),V(NODE5_46_39),V(NODE5_46_40),V(NODE5_46_41),V(NODE5_46_42),V(NODE5_46_43),V(NODE5_46_44),V(NODE5_46_45),V(NODE5_46_46),V(NODE5_46_47),V(NODE5_46_48),V(NODE5_46_49),V(NODE5_46_50),V(NODE5_46_51),V(NODE5_46_52),V(NODE5_46_53),V(NODE5_46_54),V(NODE5_46_55),V(NODE5_46_56),V(NODE5_46_57),V(NODE5_46_58),V(NODE5_46_59),V(NODE5_46_60),V(NODE5_46_61),V(NODE5_46_62),V(NODE5_46_63),V(NODE5_46_64),V(NODE5_46_65),V(NODE5_46_66),V(NODE5_46_67),V(NODE5_46_68),V(NODE5_46_69),V(NODE5_46_70),V(NODE5_46_71),V(NODE5_46_72),V(NODE5_46_73),V(NODE5_46_74),V(NODE5_46_75),V(NODE5_46_76),V(NODE5_46_77),V(NODE5_46_78),V(NODE5_46_79),V(NODE5_46_80),V(NODE5_46_81),V(NODE5_46_82),V(NODE5_46_83),V(NODE5_46_84),V(NODE5_46_85),V(NODE5_46_86),V(NODE5_46_87),V(NODE5_46_88),V(NODE5_46_89),V(NODE5_46_90),V(NODE5_46_91),V(NODE5_46_92),V(NODE5_46_93),V(NODE5_46_94),V(NODE5_46_95),V(NODE5_46_96),V(NODE5_46_97),V(NODE5_46_98),V(NODE5_46_99),V(NODE5_47_0),V(NODE5_47_1),V(NODE5_47_2),V(NODE5_47_3),V(NODE5_47_4),V(NODE5_47_5),V(NODE5_47_6),V(NODE5_47_7),V(NODE5_47_8),V(NODE5_47_9),V(NODE5_47_10),V(NODE5_47_11),V(NODE5_47_12),V(NODE5_47_13),V(NODE5_47_14),V(NODE5_47_15),V(NODE5_47_16),V(NODE5_47_17),V(NODE5_47_18),V(NODE5_47_19),V(NODE5_47_20),V(NODE5_47_21),V(NODE5_47_22),V(NODE5_47_23),V(NODE5_47_24),V(NODE5_47_25),V(NODE5_47_26),V(NODE5_47_27),V(NODE5_47_28),V(NODE5_47_29),V(NODE5_47_30),V(NODE5_47_31),V(NODE5_47_32),V(NODE5_47_33),V(NODE5_47_34),V(NODE5_47_35),V(NODE5_47_36),V(NODE5_47_37),V(NODE5_47_38),V(NODE5_47_39),V(NODE5_47_40),V(NODE5_47_41),V(NODE5_47_42),V(NODE5_47_43),V(NODE5_47_44),V(NODE5_47_45),V(NODE5_47_46),V(NODE5_47_47),V(NODE5_47_48),V(NODE5_47_49),V(NODE5_47_50),V(NODE5_47_51),V(NODE5_47_52),V(NODE5_47_53),V(NODE5_47_54),V(NODE5_47_55),V(NODE5_47_56),V(NODE5_47_57),V(NODE5_47_58),V(NODE5_47_59),V(NODE5_47_60),V(NODE5_47_61),V(NODE5_47_62),V(NODE5_47_63),V(NODE5_47_64),V(NODE5_47_65),V(NODE5_47_66),V(NODE5_47_67),V(NODE5_47_68),V(NODE5_47_69),V(NODE5_47_70),V(NODE5_47_71),V(NODE5_47_72),V(NODE5_47_73),V(NODE5_47_74),V(NODE5_47_75),V(NODE5_47_76),V(NODE5_47_77),V(NODE5_47_78),V(NODE5_47_79),V(NODE5_47_80),V(NODE5_47_81),V(NODE5_47_82),V(NODE5_47_83),V(NODE5_47_84),V(NODE5_47_85),V(NODE5_47_86),V(NODE5_47_87),V(NODE5_47_88),V(NODE5_47_89),V(NODE5_47_90),V(NODE5_47_91),V(NODE5_47_92),V(NODE5_47_93),V(NODE5_47_94),V(NODE5_47_95),V(NODE5_47_96),V(NODE5_47_97),V(NODE5_47_98),V(NODE5_47_99),V(NODE5_48_0),V(NODE5_48_1),V(NODE5_48_2),V(NODE5_48_3),V(NODE5_48_4),V(NODE5_48_5),V(NODE5_48_6),V(NODE5_48_7),V(NODE5_48_8),V(NODE5_48_9),V(NODE5_48_10),V(NODE5_48_11),V(NODE5_48_12),V(NODE5_48_13),V(NODE5_48_14),V(NODE5_48_15),V(NODE5_48_16),V(NODE5_48_17),V(NODE5_48_18),V(NODE5_48_19),V(NODE5_48_20),V(NODE5_48_21),V(NODE5_48_22),V(NODE5_48_23),V(NODE5_48_24),V(NODE5_48_25),V(NODE5_48_26),V(NODE5_48_27),V(NODE5_48_28),V(NODE5_48_29),V(NODE5_48_30),V(NODE5_48_31),V(NODE5_48_32),V(NODE5_48_33),V(NODE5_48_34),V(NODE5_48_35),V(NODE5_48_36),V(NODE5_48_37),V(NODE5_48_38),V(NODE5_48_39),V(NODE5_48_40),V(NODE5_48_41),V(NODE5_48_42),V(NODE5_48_43),V(NODE5_48_44),V(NODE5_48_45),V(NODE5_48_46),V(NODE5_48_47),V(NODE5_48_48),V(NODE5_48_49),V(NODE5_48_50),V(NODE5_48_51),V(NODE5_48_52),V(NODE5_48_53),V(NODE5_48_54),V(NODE5_48_55),V(NODE5_48_56),V(NODE5_48_57),V(NODE5_48_58),V(NODE5_48_59),V(NODE5_48_60),V(NODE5_48_61),V(NODE5_48_62),V(NODE5_48_63),V(NODE5_48_64),V(NODE5_48_65),V(NODE5_48_66),V(NODE5_48_67),V(NODE5_48_68),V(NODE5_48_69),V(NODE5_48_70),V(NODE5_48_71),V(NODE5_48_72),V(NODE5_48_73),V(NODE5_48_74),V(NODE5_48_75),V(NODE5_48_76),V(NODE5_48_77),V(NODE5_48_78),V(NODE5_48_79),V(NODE5_48_80),V(NODE5_48_81),V(NODE5_48_82),V(NODE5_48_83),V(NODE5_48_84),V(NODE5_48_85),V(NODE5_48_86),V(NODE5_48_87),V(NODE5_48_88),V(NODE5_48_89),V(NODE5_48_90),V(NODE5_48_91),V(NODE5_48_92),V(NODE5_48_93),V(NODE5_48_94),V(NODE5_48_95),V(NODE5_48_96),V(NODE5_48_97),V(NODE5_48_98),V(NODE5_48_99),V(NODE5_49_0),V(NODE5_49_1),V(NODE5_49_2),V(NODE5_49_3),V(NODE5_49_4),V(NODE5_49_5),V(NODE5_49_6),V(NODE5_49_7),V(NODE5_49_8),V(NODE5_49_9),V(NODE5_49_10),V(NODE5_49_11),V(NODE5_49_12),V(NODE5_49_13),V(NODE5_49_14),V(NODE5_49_15),V(NODE5_49_16),V(NODE5_49_17),V(NODE5_49_18),V(NODE5_49_19),V(NODE5_49_20),V(NODE5_49_21),V(NODE5_49_22),V(NODE5_49_23),V(NODE5_49_24),V(NODE5_49_25),V(NODE5_49_26),V(NODE5_49_27),V(NODE5_49_28),V(NODE5_49_29),V(NODE5_49_30),V(NODE5_49_31),V(NODE5_49_32),V(NODE5_49_33),V(NODE5_49_34),V(NODE5_49_35),V(NODE5_49_36),V(NODE5_49_37),V(NODE5_49_38),V(NODE5_49_39),V(NODE5_49_40),V(NODE5_49_41),V(NODE5_49_42),V(NODE5_49_43),V(NODE5_49_44),V(NODE5_49_45),V(NODE5_49_46),V(NODE5_49_47),V(NODE5_49_48),V(NODE5_49_49),V(NODE5_49_50),V(NODE5_49_51),V(NODE5_49_52),V(NODE5_49_53),V(NODE5_49_54),V(NODE5_49_55),V(NODE5_49_56),V(NODE5_49_57),V(NODE5_49_58),V(NODE5_49_59),V(NODE5_49_60),V(NODE5_49_61),V(NODE5_49_62),V(NODE5_49_63),V(NODE5_49_64),V(NODE5_49_65),V(NODE5_49_66),V(NODE5_49_67),V(NODE5_49_68),V(NODE5_49_69),V(NODE5_49_70),V(NODE5_49_71),V(NODE5_49_72),V(NODE5_49_73),V(NODE5_49_74),V(NODE5_49_75),V(NODE5_49_76),V(NODE5_49_77),V(NODE5_49_78),V(NODE5_49_79),V(NODE5_49_80),V(NODE5_49_81),V(NODE5_49_82),V(NODE5_49_83),V(NODE5_49_84),V(NODE5_49_85),V(NODE5_49_86),V(NODE5_49_87),V(NODE5_49_88),V(NODE5_49_89),V(NODE5_49_90),V(NODE5_49_91),V(NODE5_49_92),V(NODE5_49_93),V(NODE5_49_94),V(NODE5_49_95),V(NODE5_49_96),V(NODE5_49_97),V(NODE5_49_98),V(NODE5_49_99),V(NODE5_50_0),V(NODE5_50_1),V(NODE5_50_2),V(NODE5_50_3),V(NODE5_50_4),V(NODE5_50_5),V(NODE5_50_6),V(NODE5_50_7),V(NODE5_50_8),V(NODE5_50_9),V(NODE5_50_10),V(NODE5_50_11),V(NODE5_50_12),V(NODE5_50_13),V(NODE5_50_14),V(NODE5_50_15),V(NODE5_50_16),V(NODE5_50_17),V(NODE5_50_18),V(NODE5_50_19),V(NODE5_50_20),V(NODE5_50_21),V(NODE5_50_22),V(NODE5_50_23),V(NODE5_50_24),V(NODE5_50_25),V(NODE5_50_26),V(NODE5_50_27),V(NODE5_50_28),V(NODE5_50_29),V(NODE5_50_30),V(NODE5_50_31),V(NODE5_50_32),V(NODE5_50_33),V(NODE5_50_34),V(NODE5_50_35),V(NODE5_50_36),V(NODE5_50_37),V(NODE5_50_38),V(NODE5_50_39),V(NODE5_50_40),V(NODE5_50_41),V(NODE5_50_42),V(NODE5_50_43),V(NODE5_50_44),V(NODE5_50_45),V(NODE5_50_46),V(NODE5_50_47),V(NODE5_50_48),V(NODE5_50_49),V(NODE5_50_50),V(NODE5_50_51),V(NODE5_50_52),V(NODE5_50_53),V(NODE5_50_54),V(NODE5_50_55),V(NODE5_50_56),V(NODE5_50_57),V(NODE5_50_58),V(NODE5_50_59),V(NODE5_50_60),V(NODE5_50_61),V(NODE5_50_62),V(NODE5_50_63),V(NODE5_50_64),V(NODE5_50_65),V(NODE5_50_66),V(NODE5_50_67),V(NODE5_50_68),V(NODE5_50_69),V(NODE5_50_70),V(NODE5_50_71),V(NODE5_50_72),V(NODE5_50_73),V(NODE5_50_74),V(NODE5_50_75),V(NODE5_50_76),V(NODE5_50_77),V(NODE5_50_78),V(NODE5_50_79),V(NODE5_50_80),V(NODE5_50_81),V(NODE5_50_82),V(NODE5_50_83),V(NODE5_50_84),V(NODE5_50_85),V(NODE5_50_86),V(NODE5_50_87),V(NODE5_50_88),V(NODE5_50_89),V(NODE5_50_90),V(NODE5_50_91),V(NODE5_50_92),V(NODE5_50_93),V(NODE5_50_94),V(NODE5_50_95),V(NODE5_50_96),V(NODE5_50_97),V(NODE5_50_98),V(NODE5_50_99),V(NODE5_51_0),V(NODE5_51_1),V(NODE5_51_2),V(NODE5_51_3),V(NODE5_51_4),V(NODE5_51_5),V(NODE5_51_6),V(NODE5_51_7),V(NODE5_51_8),V(NODE5_51_9),V(NODE5_51_10),V(NODE5_51_11),V(NODE5_51_12),V(NODE5_51_13),V(NODE5_51_14),V(NODE5_51_15),V(NODE5_51_16),V(NODE5_51_17),V(NODE5_51_18),V(NODE5_51_19),V(NODE5_51_20),V(NODE5_51_21),V(NODE5_51_22),V(NODE5_51_23),V(NODE5_51_24),V(NODE5_51_25),V(NODE5_51_26),V(NODE5_51_27),V(NODE5_51_28),V(NODE5_51_29),V(NODE5_51_30),V(NODE5_51_31),V(NODE5_51_32),V(NODE5_51_33),V(NODE5_51_34),V(NODE5_51_35),V(NODE5_51_36),V(NODE5_51_37),V(NODE5_51_38),V(NODE5_51_39),V(NODE5_51_40),V(NODE5_51_41),V(NODE5_51_42),V(NODE5_51_43),V(NODE5_51_44),V(NODE5_51_45),V(NODE5_51_46),V(NODE5_51_47),V(NODE5_51_48),V(NODE5_51_49),V(NODE5_51_50),V(NODE5_51_51),V(NODE5_51_52),V(NODE5_51_53),V(NODE5_51_54),V(NODE5_51_55),V(NODE5_51_56),V(NODE5_51_57),V(NODE5_51_58),V(NODE5_51_59),V(NODE5_51_60),V(NODE5_51_61),V(NODE5_51_62),V(NODE5_51_63),V(NODE5_51_64),V(NODE5_51_65),V(NODE5_51_66),V(NODE5_51_67),V(NODE5_51_68),V(NODE5_51_69),V(NODE5_51_70),V(NODE5_51_71),V(NODE5_51_72),V(NODE5_51_73),V(NODE5_51_74),V(NODE5_51_75),V(NODE5_51_76),V(NODE5_51_77),V(NODE5_51_78),V(NODE5_51_79),V(NODE5_51_80),V(NODE5_51_81),V(NODE5_51_82),V(NODE5_51_83),V(NODE5_51_84),V(NODE5_51_85),V(NODE5_51_86),V(NODE5_51_87),V(NODE5_51_88),V(NODE5_51_89),V(NODE5_51_90),V(NODE5_51_91),V(NODE5_51_92),V(NODE5_51_93),V(NODE5_51_94),V(NODE5_51_95),V(NODE5_51_96),V(NODE5_51_97),V(NODE5_51_98),V(NODE5_51_99),V(NODE5_52_0),V(NODE5_52_1),V(NODE5_52_2),V(NODE5_52_3),V(NODE5_52_4),V(NODE5_52_5),V(NODE5_52_6),V(NODE5_52_7),V(NODE5_52_8),V(NODE5_52_9),V(NODE5_52_10),V(NODE5_52_11),V(NODE5_52_12),V(NODE5_52_13),V(NODE5_52_14),V(NODE5_52_15),V(NODE5_52_16),V(NODE5_52_17),V(NODE5_52_18),V(NODE5_52_19),V(NODE5_52_20),V(NODE5_52_21),V(NODE5_52_22),V(NODE5_52_23),V(NODE5_52_24),V(NODE5_52_25),V(NODE5_52_26),V(NODE5_52_27),V(NODE5_52_28),V(NODE5_52_29),V(NODE5_52_30),V(NODE5_52_31),V(NODE5_52_32),V(NODE5_52_33),V(NODE5_52_34),V(NODE5_52_35),V(NODE5_52_36),V(NODE5_52_37),V(NODE5_52_38),V(NODE5_52_39),V(NODE5_52_40),V(NODE5_52_41),V(NODE5_52_42),V(NODE5_52_43),V(NODE5_52_44),V(NODE5_52_45),V(NODE5_52_46),V(NODE5_52_47),V(NODE5_52_48),V(NODE5_52_49),V(NODE5_52_50),V(NODE5_52_51),V(NODE5_52_52),V(NODE5_52_53),V(NODE5_52_54),V(NODE5_52_55),V(NODE5_52_56),V(NODE5_52_57),V(NODE5_52_58),V(NODE5_52_59),V(NODE5_52_60),V(NODE5_52_61),V(NODE5_52_62),V(NODE5_52_63),V(NODE5_52_64),V(NODE5_52_65),V(NODE5_52_66),V(NODE5_52_67),V(NODE5_52_68),V(NODE5_52_69),V(NODE5_52_70),V(NODE5_52_71),V(NODE5_52_72),V(NODE5_52_73),V(NODE5_52_74),V(NODE5_52_75),V(NODE5_52_76),V(NODE5_52_77),V(NODE5_52_78),V(NODE5_52_79),V(NODE5_52_80),V(NODE5_52_81),V(NODE5_52_82),V(NODE5_52_83),V(NODE5_52_84),V(NODE5_52_85),V(NODE5_52_86),V(NODE5_52_87),V(NODE5_52_88),V(NODE5_52_89),V(NODE5_52_90),V(NODE5_52_91),V(NODE5_52_92),V(NODE5_52_93),V(NODE5_52_94),V(NODE5_52_95),V(NODE5_52_96),V(NODE5_52_97),V(NODE5_52_98),V(NODE5_52_99),V(NODE5_53_0),V(NODE5_53_1),V(NODE5_53_2),V(NODE5_53_3),V(NODE5_53_4),V(NODE5_53_5),V(NODE5_53_6),V(NODE5_53_7),V(NODE5_53_8),V(NODE5_53_9),V(NODE5_53_10),V(NODE5_53_11),V(NODE5_53_12),V(NODE5_53_13),V(NODE5_53_14),V(NODE5_53_15),V(NODE5_53_16),V(NODE5_53_17),V(NODE5_53_18),V(NODE5_53_19),V(NODE5_53_20),V(NODE5_53_21),V(NODE5_53_22),V(NODE5_53_23),V(NODE5_53_24),V(NODE5_53_25),V(NODE5_53_26),V(NODE5_53_27),V(NODE5_53_28),V(NODE5_53_29),V(NODE5_53_30),V(NODE5_53_31),V(NODE5_53_32),V(NODE5_53_33),V(NODE5_53_34),V(NODE5_53_35),V(NODE5_53_36),V(NODE5_53_37),V(NODE5_53_38),V(NODE5_53_39),V(NODE5_53_40),V(NODE5_53_41),V(NODE5_53_42),V(NODE5_53_43),V(NODE5_53_44),V(NODE5_53_45),V(NODE5_53_46),V(NODE5_53_47),V(NODE5_53_48),V(NODE5_53_49),V(NODE5_53_50),V(NODE5_53_51),V(NODE5_53_52),V(NODE5_53_53),V(NODE5_53_54),V(NODE5_53_55),V(NODE5_53_56),V(NODE5_53_57),V(NODE5_53_58),V(NODE5_53_59),V(NODE5_53_60),V(NODE5_53_61),V(NODE5_53_62),V(NODE5_53_63),V(NODE5_53_64),V(NODE5_53_65),V(NODE5_53_66),V(NODE5_53_67),V(NODE5_53_68),V(NODE5_53_69),V(NODE5_53_70),V(NODE5_53_71),V(NODE5_53_72),V(NODE5_53_73),V(NODE5_53_74),V(NODE5_53_75),V(NODE5_53_76),V(NODE5_53_77),V(NODE5_53_78),V(NODE5_53_79),V(NODE5_53_80),V(NODE5_53_81),V(NODE5_53_82),V(NODE5_53_83),V(NODE5_53_84),V(NODE5_53_85),V(NODE5_53_86),V(NODE5_53_87),V(NODE5_53_88),V(NODE5_53_89),V(NODE5_53_90),V(NODE5_53_91),V(NODE5_53_92),V(NODE5_53_93),V(NODE5_53_94),V(NODE5_53_95),V(NODE5_53_96),V(NODE5_53_97),V(NODE5_53_98),V(NODE5_53_99),V(NODE5_54_0),V(NODE5_54_1),V(NODE5_54_2),V(NODE5_54_3),V(NODE5_54_4),V(NODE5_54_5),V(NODE5_54_6),V(NODE5_54_7),V(NODE5_54_8),V(NODE5_54_9),V(NODE5_54_10),V(NODE5_54_11),V(NODE5_54_12),V(NODE5_54_13),V(NODE5_54_14),V(NODE5_54_15),V(NODE5_54_16),V(NODE5_54_17),V(NODE5_54_18),V(NODE5_54_19),V(NODE5_54_20),V(NODE5_54_21),V(NODE5_54_22),V(NODE5_54_23),V(NODE5_54_24),V(NODE5_54_25),V(NODE5_54_26),V(NODE5_54_27),V(NODE5_54_28),V(NODE5_54_29),V(NODE5_54_30),V(NODE5_54_31),V(NODE5_54_32),V(NODE5_54_33),V(NODE5_54_34),V(NODE5_54_35),V(NODE5_54_36),V(NODE5_54_37),V(NODE5_54_38),V(NODE5_54_39),V(NODE5_54_40),V(NODE5_54_41),V(NODE5_54_42),V(NODE5_54_43),V(NODE5_54_44),V(NODE5_54_45),V(NODE5_54_46),V(NODE5_54_47),V(NODE5_54_48),V(NODE5_54_49),V(NODE5_54_50),V(NODE5_54_51),V(NODE5_54_52),V(NODE5_54_53),V(NODE5_54_54),V(NODE5_54_55),V(NODE5_54_56),V(NODE5_54_57),V(NODE5_54_58),V(NODE5_54_59),V(NODE5_54_60),V(NODE5_54_61),V(NODE5_54_62),V(NODE5_54_63),V(NODE5_54_64),V(NODE5_54_65),V(NODE5_54_66),V(NODE5_54_67),V(NODE5_54_68),V(NODE5_54_69),V(NODE5_54_70),V(NODE5_54_71),V(NODE5_54_72),V(NODE5_54_73),V(NODE5_54_74),V(NODE5_54_75),V(NODE5_54_76),V(NODE5_54_77),V(NODE5_54_78),V(NODE5_54_79),V(NODE5_54_80),V(NODE5_54_81),V(NODE5_54_82),V(NODE5_54_83),V(NODE5_54_84),V(NODE5_54_85),V(NODE5_54_86),V(NODE5_54_87),V(NODE5_54_88),V(NODE5_54_89),V(NODE5_54_90),V(NODE5_54_91),V(NODE5_54_92),V(NODE5_54_93),V(NODE5_54_94),V(NODE5_54_95),V(NODE5_54_96),V(NODE5_54_97),V(NODE5_54_98),V(NODE5_54_99),V(NODE5_55_0),V(NODE5_55_1),V(NODE5_55_2),V(NODE5_55_3),V(NODE5_55_4),V(NODE5_55_5),V(NODE5_55_6),V(NODE5_55_7),V(NODE5_55_8),V(NODE5_55_9),V(NODE5_55_10),V(NODE5_55_11),V(NODE5_55_12),V(NODE5_55_13),V(NODE5_55_14),V(NODE5_55_15),V(NODE5_55_16),V(NODE5_55_17),V(NODE5_55_18),V(NODE5_55_19),V(NODE5_55_20),V(NODE5_55_21),V(NODE5_55_22),V(NODE5_55_23),V(NODE5_55_24),V(NODE5_55_25),V(NODE5_55_26),V(NODE5_55_27),V(NODE5_55_28),V(NODE5_55_29),V(NODE5_55_30),V(NODE5_55_31),V(NODE5_55_32),V(NODE5_55_33),V(NODE5_55_34),V(NODE5_55_35),V(NODE5_55_36),V(NODE5_55_37),V(NODE5_55_38),V(NODE5_55_39),V(NODE5_55_40),V(NODE5_55_41),V(NODE5_55_42),V(NODE5_55_43),V(NODE5_55_44),V(NODE5_55_45),V(NODE5_55_46),V(NODE5_55_47),V(NODE5_55_48),V(NODE5_55_49),V(NODE5_55_50),V(NODE5_55_51),V(NODE5_55_52),V(NODE5_55_53),V(NODE5_55_54),V(NODE5_55_55),V(NODE5_55_56),V(NODE5_55_57),V(NODE5_55_58),V(NODE5_55_59),V(NODE5_55_60),V(NODE5_55_61),V(NODE5_55_62),V(NODE5_55_63),V(NODE5_55_64),V(NODE5_55_65),V(NODE5_55_66),V(NODE5_55_67),V(NODE5_55_68),V(NODE5_55_69),V(NODE5_55_70),V(NODE5_55_71),V(NODE5_55_72),V(NODE5_55_73),V(NODE5_55_74),V(NODE5_55_75),V(NODE5_55_76),V(NODE5_55_77),V(NODE5_55_78),V(NODE5_55_79),V(NODE5_55_80),V(NODE5_55_81),V(NODE5_55_82),V(NODE5_55_83),V(NODE5_55_84),V(NODE5_55_85),V(NODE5_55_86),V(NODE5_55_87),V(NODE5_55_88),V(NODE5_55_89),V(NODE5_55_90),V(NODE5_55_91),V(NODE5_55_92),V(NODE5_55_93),V(NODE5_55_94),V(NODE5_55_95),V(NODE5_55_96),V(NODE5_55_97),V(NODE5_55_98),V(NODE5_55_99),V(NODE5_56_0),V(NODE5_56_1),V(NODE5_56_2),V(NODE5_56_3),V(NODE5_56_4),V(NODE5_56_5),V(NODE5_56_6),V(NODE5_56_7),V(NODE5_56_8),V(NODE5_56_9),V(NODE5_56_10),V(NODE5_56_11),V(NODE5_56_12),V(NODE5_56_13),V(NODE5_56_14),V(NODE5_56_15),V(NODE5_56_16),V(NODE5_56_17),V(NODE5_56_18),V(NODE5_56_19),V(NODE5_56_20),V(NODE5_56_21),V(NODE5_56_22),V(NODE5_56_23),V(NODE5_56_24),V(NODE5_56_25),V(NODE5_56_26),V(NODE5_56_27),V(NODE5_56_28),V(NODE5_56_29),V(NODE5_56_30),V(NODE5_56_31),V(NODE5_56_32),V(NODE5_56_33),V(NODE5_56_34),V(NODE5_56_35),V(NODE5_56_36),V(NODE5_56_37),V(NODE5_56_38),V(NODE5_56_39),V(NODE5_56_40),V(NODE5_56_41),V(NODE5_56_42),V(NODE5_56_43),V(NODE5_56_44),V(NODE5_56_45),V(NODE5_56_46),V(NODE5_56_47),V(NODE5_56_48),V(NODE5_56_49),V(NODE5_56_50),V(NODE5_56_51),V(NODE5_56_52),V(NODE5_56_53),V(NODE5_56_54),V(NODE5_56_55),V(NODE5_56_56),V(NODE5_56_57),V(NODE5_56_58),V(NODE5_56_59),V(NODE5_56_60),V(NODE5_56_61),V(NODE5_56_62),V(NODE5_56_63),V(NODE5_56_64),V(NODE5_56_65),V(NODE5_56_66),V(NODE5_56_67),V(NODE5_56_68),V(NODE5_56_69),V(NODE5_56_70),V(NODE5_56_71),V(NODE5_56_72),V(NODE5_56_73),V(NODE5_56_74),V(NODE5_56_75),V(NODE5_56_76),V(NODE5_56_77),V(NODE5_56_78),V(NODE5_56_79),V(NODE5_56_80),V(NODE5_56_81),V(NODE5_56_82),V(NODE5_56_83),V(NODE5_56_84),V(NODE5_56_85),V(NODE5_56_86),V(NODE5_56_87),V(NODE5_56_88),V(NODE5_56_89),V(NODE5_56_90),V(NODE5_56_91),V(NODE5_56_92),V(NODE5_56_93),V(NODE5_56_94),V(NODE5_56_95),V(NODE5_56_96),V(NODE5_56_97),V(NODE5_56_98),V(NODE5_56_99),V(NODE5_57_0),V(NODE5_57_1),V(NODE5_57_2),V(NODE5_57_3),V(NODE5_57_4),V(NODE5_57_5),V(NODE5_57_6),V(NODE5_57_7),V(NODE5_57_8),V(NODE5_57_9),V(NODE5_57_10),V(NODE5_57_11),V(NODE5_57_12),V(NODE5_57_13),V(NODE5_57_14),V(NODE5_57_15),V(NODE5_57_16),V(NODE5_57_17),V(NODE5_57_18),V(NODE5_57_19),V(NODE5_57_20),V(NODE5_57_21),V(NODE5_57_22),V(NODE5_57_23),V(NODE5_57_24),V(NODE5_57_25),V(NODE5_57_26),V(NODE5_57_27),V(NODE5_57_28),V(NODE5_57_29),V(NODE5_57_30),V(NODE5_57_31),V(NODE5_57_32),V(NODE5_57_33),V(NODE5_57_34),V(NODE5_57_35),V(NODE5_57_36),V(NODE5_57_37),V(NODE5_57_38),V(NODE5_57_39),V(NODE5_57_40),V(NODE5_57_41),V(NODE5_57_42),V(NODE5_57_43),V(NODE5_57_44),V(NODE5_57_45),V(NODE5_57_46),V(NODE5_57_47),V(NODE5_57_48),V(NODE5_57_49),V(NODE5_57_50),V(NODE5_57_51),V(NODE5_57_52),V(NODE5_57_53),V(NODE5_57_54),V(NODE5_57_55),V(NODE5_57_56),V(NODE5_57_57),V(NODE5_57_58),V(NODE5_57_59),V(NODE5_57_60),V(NODE5_57_61),V(NODE5_57_62),V(NODE5_57_63),V(NODE5_57_64),V(NODE5_57_65),V(NODE5_57_66),V(NODE5_57_67),V(NODE5_57_68),V(NODE5_57_69),V(NODE5_57_70),V(NODE5_57_71),V(NODE5_57_72),V(NODE5_57_73),V(NODE5_57_74),V(NODE5_57_75),V(NODE5_57_76),V(NODE5_57_77),V(NODE5_57_78),V(NODE5_57_79),V(NODE5_57_80),V(NODE5_57_81),V(NODE5_57_82),V(NODE5_57_83),V(NODE5_57_84),V(NODE5_57_85),V(NODE5_57_86),V(NODE5_57_87),V(NODE5_57_88),V(NODE5_57_89),V(NODE5_57_90),V(NODE5_57_91),V(NODE5_57_92),V(NODE5_57_93),V(NODE5_57_94),V(NODE5_57_95),V(NODE5_57_96),V(NODE5_57_97),V(NODE5_57_98),V(NODE5_57_99),V(NODE5_58_0),V(NODE5_58_1),V(NODE5_58_2),V(NODE5_58_3),V(NODE5_58_4),V(NODE5_58_5),V(NODE5_58_6),V(NODE5_58_7),V(NODE5_58_8),V(NODE5_58_9),V(NODE5_58_10),V(NODE5_58_11),V(NODE5_58_12),V(NODE5_58_13),V(NODE5_58_14),V(NODE5_58_15),V(NODE5_58_16),V(NODE5_58_17),V(NODE5_58_18),V(NODE5_58_19),V(NODE5_58_20),V(NODE5_58_21),V(NODE5_58_22),V(NODE5_58_23),V(NODE5_58_24),V(NODE5_58_25),V(NODE5_58_26),V(NODE5_58_27),V(NODE5_58_28),V(NODE5_58_29),V(NODE5_58_30),V(NODE5_58_31),V(NODE5_58_32),V(NODE5_58_33),V(NODE5_58_34),V(NODE5_58_35),V(NODE5_58_36),V(NODE5_58_37),V(NODE5_58_38),V(NODE5_58_39),V(NODE5_58_40),V(NODE5_58_41),V(NODE5_58_42),V(NODE5_58_43),V(NODE5_58_44),V(NODE5_58_45),V(NODE5_58_46),V(NODE5_58_47),V(NODE5_58_48),V(NODE5_58_49),V(NODE5_58_50),V(NODE5_58_51),V(NODE5_58_52),V(NODE5_58_53),V(NODE5_58_54),V(NODE5_58_55),V(NODE5_58_56),V(NODE5_58_57),V(NODE5_58_58),V(NODE5_58_59),V(NODE5_58_60),V(NODE5_58_61),V(NODE5_58_62),V(NODE5_58_63),V(NODE5_58_64),V(NODE5_58_65),V(NODE5_58_66),V(NODE5_58_67),V(NODE5_58_68),V(NODE5_58_69),V(NODE5_58_70),V(NODE5_58_71),V(NODE5_58_72),V(NODE5_58_73),V(NODE5_58_74),V(NODE5_58_75),V(NODE5_58_76),V(NODE5_58_77),V(NODE5_58_78),V(NODE5_58_79),V(NODE5_58_80),V(NODE5_58_81),V(NODE5_58_82),V(NODE5_58_83),V(NODE5_58_84),V(NODE5_58_85),V(NODE5_58_86),V(NODE5_58_87),V(NODE5_58_88),V(NODE5_58_89),V(NODE5_58_90),V(NODE5_58_91),V(NODE5_58_92),V(NODE5_58_93),V(NODE5_58_94),V(NODE5_58_95),V(NODE5_58_96),V(NODE5_58_97),V(NODE5_58_98),V(NODE5_58_99),V(NODE5_59_0),V(NODE5_59_1),V(NODE5_59_2),V(NODE5_59_3),V(NODE5_59_4),V(NODE5_59_5),V(NODE5_59_6),V(NODE5_59_7),V(NODE5_59_8),V(NODE5_59_9),V(NODE5_59_10),V(NODE5_59_11),V(NODE5_59_12),V(NODE5_59_13),V(NODE5_59_14),V(NODE5_59_15),V(NODE5_59_16),V(NODE5_59_17),V(NODE5_59_18),V(NODE5_59_19),V(NODE5_59_20),V(NODE5_59_21),V(NODE5_59_22),V(NODE5_59_23),V(NODE5_59_24),V(NODE5_59_25),V(NODE5_59_26),V(NODE5_59_27),V(NODE5_59_28),V(NODE5_59_29),V(NODE5_59_30),V(NODE5_59_31),V(NODE5_59_32),V(NODE5_59_33),V(NODE5_59_34),V(NODE5_59_35),V(NODE5_59_36),V(NODE5_59_37),V(NODE5_59_38),V(NODE5_59_39),V(NODE5_59_40),V(NODE5_59_41),V(NODE5_59_42),V(NODE5_59_43),V(NODE5_59_44),V(NODE5_59_45),V(NODE5_59_46),V(NODE5_59_47),V(NODE5_59_48),V(NODE5_59_49),V(NODE5_59_50),V(NODE5_59_51),V(NODE5_59_52),V(NODE5_59_53),V(NODE5_59_54),V(NODE5_59_55),V(NODE5_59_56),V(NODE5_59_57),V(NODE5_59_58),V(NODE5_59_59),V(NODE5_59_60),V(NODE5_59_61),V(NODE5_59_62),V(NODE5_59_63),V(NODE5_59_64),V(NODE5_59_65),V(NODE5_59_66),V(NODE5_59_67),V(NODE5_59_68),V(NODE5_59_69),V(NODE5_59_70),V(NODE5_59_71),V(NODE5_59_72),V(NODE5_59_73),V(NODE5_59_74),V(NODE5_59_75),V(NODE5_59_76),V(NODE5_59_77),V(NODE5_59_78),V(NODE5_59_79),V(NODE5_59_80),V(NODE5_59_81),V(NODE5_59_82),V(NODE5_59_83),V(NODE5_59_84),V(NODE5_59_85),V(NODE5_59_86),V(NODE5_59_87),V(NODE5_59_88),V(NODE5_59_89),V(NODE5_59_90),V(NODE5_59_91),V(NODE5_59_92),V(NODE5_59_93),V(NODE5_59_94),V(NODE5_59_95),V(NODE5_59_96),V(NODE5_59_97),V(NODE5_59_98),V(NODE5_59_99),V(NODE5_60_0),V(NODE5_60_1),V(NODE5_60_2),V(NODE5_60_3),V(NODE5_60_4),V(NODE5_60_5),V(NODE5_60_6),V(NODE5_60_7),V(NODE5_60_8),V(NODE5_60_9),V(NODE5_60_10),V(NODE5_60_11),V(NODE5_60_12),V(NODE5_60_13),V(NODE5_60_14),V(NODE5_60_15),V(NODE5_60_16),V(NODE5_60_17),V(NODE5_60_18),V(NODE5_60_19),V(NODE5_60_20),V(NODE5_60_21),V(NODE5_60_22),V(NODE5_60_23),V(NODE5_60_24),V(NODE5_60_25),V(NODE5_60_26),V(NODE5_60_27),V(NODE5_60_28),V(NODE5_60_29),V(NODE5_60_30),V(NODE5_60_31),V(NODE5_60_32),V(NODE5_60_33),V(NODE5_60_34),V(NODE5_60_35),V(NODE5_60_36),V(NODE5_60_37),V(NODE5_60_38),V(NODE5_60_39),V(NODE5_60_40),V(NODE5_60_41),V(NODE5_60_42),V(NODE5_60_43),V(NODE5_60_44),V(NODE5_60_45),V(NODE5_60_46),V(NODE5_60_47),V(NODE5_60_48),V(NODE5_60_49),V(NODE5_60_50),V(NODE5_60_51),V(NODE5_60_52),V(NODE5_60_53),V(NODE5_60_54),V(NODE5_60_55),V(NODE5_60_56),V(NODE5_60_57),V(NODE5_60_58),V(NODE5_60_59),V(NODE5_60_60),V(NODE5_60_61),V(NODE5_60_62),V(NODE5_60_63),V(NODE5_60_64),V(NODE5_60_65),V(NODE5_60_66),V(NODE5_60_67),V(NODE5_60_68),V(NODE5_60_69),V(NODE5_60_70),V(NODE5_60_71),V(NODE5_60_72),V(NODE5_60_73),V(NODE5_60_74),V(NODE5_60_75),V(NODE5_60_76),V(NODE5_60_77),V(NODE5_60_78),V(NODE5_60_79),V(NODE5_60_80),V(NODE5_60_81),V(NODE5_60_82),V(NODE5_60_83),V(NODE5_60_84),V(NODE5_60_85),V(NODE5_60_86),V(NODE5_60_87),V(NODE5_60_88),V(NODE5_60_89),V(NODE5_60_90),V(NODE5_60_91),V(NODE5_60_92),V(NODE5_60_93),V(NODE5_60_94),V(NODE5_60_95),V(NODE5_60_96),V(NODE5_60_97),V(NODE5_60_98),V(NODE5_60_99),V(NODE5_61_0),V(NODE5_61_1),V(NODE5_61_2),V(NODE5_61_3),V(NODE5_61_4),V(NODE5_61_5),V(NODE5_61_6),V(NODE5_61_7),V(NODE5_61_8),V(NODE5_61_9),V(NODE5_61_10),V(NODE5_61_11),V(NODE5_61_12),V(NODE5_61_13),V(NODE5_61_14),V(NODE5_61_15),V(NODE5_61_16),V(NODE5_61_17),V(NODE5_61_18),V(NODE5_61_19),V(NODE5_61_20),V(NODE5_61_21),V(NODE5_61_22),V(NODE5_61_23),V(NODE5_61_24),V(NODE5_61_25),V(NODE5_61_26),V(NODE5_61_27),V(NODE5_61_28),V(NODE5_61_29),V(NODE5_61_30),V(NODE5_61_31),V(NODE5_61_32),V(NODE5_61_33),V(NODE5_61_34),V(NODE5_61_35),V(NODE5_61_36),V(NODE5_61_37),V(NODE5_61_38),V(NODE5_61_39),V(NODE5_61_40),V(NODE5_61_41),V(NODE5_61_42),V(NODE5_61_43),V(NODE5_61_44),V(NODE5_61_45),V(NODE5_61_46),V(NODE5_61_47),V(NODE5_61_48),V(NODE5_61_49),V(NODE5_61_50),V(NODE5_61_51),V(NODE5_61_52),V(NODE5_61_53),V(NODE5_61_54),V(NODE5_61_55),V(NODE5_61_56),V(NODE5_61_57),V(NODE5_61_58),V(NODE5_61_59),V(NODE5_61_60),V(NODE5_61_61),V(NODE5_61_62),V(NODE5_61_63),V(NODE5_61_64),V(NODE5_61_65),V(NODE5_61_66),V(NODE5_61_67),V(NODE5_61_68),V(NODE5_61_69),V(NODE5_61_70),V(NODE5_61_71),V(NODE5_61_72),V(NODE5_61_73),V(NODE5_61_74),V(NODE5_61_75),V(NODE5_61_76),V(NODE5_61_77),V(NODE5_61_78),V(NODE5_61_79),V(NODE5_61_80),V(NODE5_61_81),V(NODE5_61_82),V(NODE5_61_83),V(NODE5_61_84),V(NODE5_61_85),V(NODE5_61_86),V(NODE5_61_87),V(NODE5_61_88),V(NODE5_61_89),V(NODE5_61_90),V(NODE5_61_91),V(NODE5_61_92),V(NODE5_61_93),V(NODE5_61_94),V(NODE5_61_95),V(NODE5_61_96),V(NODE5_61_97),V(NODE5_61_98),V(NODE5_61_99),V(NODE5_62_0),V(NODE5_62_1),V(NODE5_62_2),V(NODE5_62_3),V(NODE5_62_4),V(NODE5_62_5),V(NODE5_62_6),V(NODE5_62_7),V(NODE5_62_8),V(NODE5_62_9),V(NODE5_62_10),V(NODE5_62_11),V(NODE5_62_12),V(NODE5_62_13),V(NODE5_62_14),V(NODE5_62_15),V(NODE5_62_16),V(NODE5_62_17),V(NODE5_62_18),V(NODE5_62_19),V(NODE5_62_20),V(NODE5_62_21),V(NODE5_62_22),V(NODE5_62_23),V(NODE5_62_24),V(NODE5_62_25),V(NODE5_62_26),V(NODE5_62_27),V(NODE5_62_28),V(NODE5_62_29),V(NODE5_62_30),V(NODE5_62_31),V(NODE5_62_32),V(NODE5_62_33),V(NODE5_62_34),V(NODE5_62_35),V(NODE5_62_36),V(NODE5_62_37),V(NODE5_62_38),V(NODE5_62_39),V(NODE5_62_40),V(NODE5_62_41),V(NODE5_62_42),V(NODE5_62_43),V(NODE5_62_44),V(NODE5_62_45),V(NODE5_62_46),V(NODE5_62_47),V(NODE5_62_48),V(NODE5_62_49),V(NODE5_62_50),V(NODE5_62_51),V(NODE5_62_52),V(NODE5_62_53),V(NODE5_62_54),V(NODE5_62_55),V(NODE5_62_56),V(NODE5_62_57),V(NODE5_62_58),V(NODE5_62_59),V(NODE5_62_60),V(NODE5_62_61),V(NODE5_62_62),V(NODE5_62_63),V(NODE5_62_64),V(NODE5_62_65),V(NODE5_62_66),V(NODE5_62_67),V(NODE5_62_68),V(NODE5_62_69),V(NODE5_62_70),V(NODE5_62_71),V(NODE5_62_72),V(NODE5_62_73),V(NODE5_62_74),V(NODE5_62_75),V(NODE5_62_76),V(NODE5_62_77),V(NODE5_62_78),V(NODE5_62_79),V(NODE5_62_80),V(NODE5_62_81),V(NODE5_62_82),V(NODE5_62_83),V(NODE5_62_84),V(NODE5_62_85),V(NODE5_62_86),V(NODE5_62_87),V(NODE5_62_88),V(NODE5_62_89),V(NODE5_62_90),V(NODE5_62_91),V(NODE5_62_92),V(NODE5_62_93),V(NODE5_62_94),V(NODE5_62_95),V(NODE5_62_96),V(NODE5_62_97),V(NODE5_62_98),V(NODE5_62_99),V(NODE5_63_0),V(NODE5_63_1),V(NODE5_63_2),V(NODE5_63_3),V(NODE5_63_4),V(NODE5_63_5),V(NODE5_63_6),V(NODE5_63_7),V(NODE5_63_8),V(NODE5_63_9),V(NODE5_63_10),V(NODE5_63_11),V(NODE5_63_12),V(NODE5_63_13),V(NODE5_63_14),V(NODE5_63_15),V(NODE5_63_16),V(NODE5_63_17),V(NODE5_63_18),V(NODE5_63_19),V(NODE5_63_20),V(NODE5_63_21),V(NODE5_63_22),V(NODE5_63_23),V(NODE5_63_24),V(NODE5_63_25),V(NODE5_63_26),V(NODE5_63_27),V(NODE5_63_28),V(NODE5_63_29),V(NODE5_63_30),V(NODE5_63_31),V(NODE5_63_32),V(NODE5_63_33),V(NODE5_63_34),V(NODE5_63_35),V(NODE5_63_36),V(NODE5_63_37),V(NODE5_63_38),V(NODE5_63_39),V(NODE5_63_40),V(NODE5_63_41),V(NODE5_63_42),V(NODE5_63_43),V(NODE5_63_44),V(NODE5_63_45),V(NODE5_63_46),V(NODE5_63_47),V(NODE5_63_48),V(NODE5_63_49),V(NODE5_63_50),V(NODE5_63_51),V(NODE5_63_52),V(NODE5_63_53),V(NODE5_63_54),V(NODE5_63_55),V(NODE5_63_56),V(NODE5_63_57),V(NODE5_63_58),V(NODE5_63_59),V(NODE5_63_60),V(NODE5_63_61),V(NODE5_63_62),V(NODE5_63_63),V(NODE5_63_64),V(NODE5_63_65),V(NODE5_63_66),V(NODE5_63_67),V(NODE5_63_68),V(NODE5_63_69),V(NODE5_63_70),V(NODE5_63_71),V(NODE5_63_72),V(NODE5_63_73),V(NODE5_63_74),V(NODE5_63_75),V(NODE5_63_76),V(NODE5_63_77),V(NODE5_63_78),V(NODE5_63_79),V(NODE5_63_80),V(NODE5_63_81),V(NODE5_63_82),V(NODE5_63_83),V(NODE5_63_84),V(NODE5_63_85),V(NODE5_63_86),V(NODE5_63_87),V(NODE5_63_88),V(NODE5_63_89),V(NODE5_63_90),V(NODE5_63_91),V(NODE5_63_92),V(NODE5_63_93),V(NODE5_63_94),V(NODE5_63_95),V(NODE5_63_96),V(NODE5_63_97),V(NODE5_63_98),V(NODE5_63_99),V(NODE5_64_0),V(NODE5_64_1),V(NODE5_64_2),V(NODE5_64_3),V(NODE5_64_4),V(NODE5_64_5),V(NODE5_64_6),V(NODE5_64_7),V(NODE5_64_8),V(NODE5_64_9),V(NODE5_64_10),V(NODE5_64_11),V(NODE5_64_12),V(NODE5_64_13),V(NODE5_64_14),V(NODE5_64_15),V(NODE5_64_16),V(NODE5_64_17),V(NODE5_64_18),V(NODE5_64_19),V(NODE5_64_20),V(NODE5_64_21),V(NODE5_64_22),V(NODE5_64_23),V(NODE5_64_24),V(NODE5_64_25),V(NODE5_64_26),V(NODE5_64_27),V(NODE5_64_28),V(NODE5_64_29),V(NODE5_64_30),V(NODE5_64_31),V(NODE5_64_32),V(NODE5_64_33),V(NODE5_64_34),V(NODE5_64_35),V(NODE5_64_36),V(NODE5_64_37),V(NODE5_64_38),V(NODE5_64_39),V(NODE5_64_40),V(NODE5_64_41),V(NODE5_64_42),V(NODE5_64_43),V(NODE5_64_44),V(NODE5_64_45),V(NODE5_64_46),V(NODE5_64_47),V(NODE5_64_48),V(NODE5_64_49),V(NODE5_64_50),V(NODE5_64_51),V(NODE5_64_52),V(NODE5_64_53),V(NODE5_64_54),V(NODE5_64_55),V(NODE5_64_56),V(NODE5_64_57),V(NODE5_64_58),V(NODE5_64_59),V(NODE5_64_60),V(NODE5_64_61),V(NODE5_64_62),V(NODE5_64_63),V(NODE5_64_64),V(NODE5_64_65),V(NODE5_64_66),V(NODE5_64_67),V(NODE5_64_68),V(NODE5_64_69),V(NODE5_64_70),V(NODE5_64_71),V(NODE5_64_72),V(NODE5_64_73),V(NODE5_64_74),V(NODE5_64_75),V(NODE5_64_76),V(NODE5_64_77),V(NODE5_64_78),V(NODE5_64_79),V(NODE5_64_80),V(NODE5_64_81),V(NODE5_64_82),V(NODE5_64_83),V(NODE5_64_84),V(NODE5_64_85),V(NODE5_64_86),V(NODE5_64_87),V(NODE5_64_88),V(NODE5_64_89),V(NODE5_64_90),V(NODE5_64_91),V(NODE5_64_92),V(NODE5_64_93),V(NODE5_64_94),V(NODE5_64_95),V(NODE5_64_96),V(NODE5_64_97),V(NODE5_64_98),V(NODE5_64_99),V(NODE5_65_0),V(NODE5_65_1),V(NODE5_65_2),V(NODE5_65_3),V(NODE5_65_4),V(NODE5_65_5),V(NODE5_65_6),V(NODE5_65_7),V(NODE5_65_8),V(NODE5_65_9),V(NODE5_65_10),V(NODE5_65_11),V(NODE5_65_12),V(NODE5_65_13),V(NODE5_65_14),V(NODE5_65_15),V(NODE5_65_16),V(NODE5_65_17),V(NODE5_65_18),V(NODE5_65_19),V(NODE5_65_20),V(NODE5_65_21),V(NODE5_65_22),V(NODE5_65_23),V(NODE5_65_24),V(NODE5_65_25),V(NODE5_65_26),V(NODE5_65_27),V(NODE5_65_28),V(NODE5_65_29),V(NODE5_65_30),V(NODE5_65_31),V(NODE5_65_32),V(NODE5_65_33),V(NODE5_65_34),V(NODE5_65_35),V(NODE5_65_36),V(NODE5_65_37),V(NODE5_65_38),V(NODE5_65_39),V(NODE5_65_40),V(NODE5_65_41),V(NODE5_65_42),V(NODE5_65_43),V(NODE5_65_44),V(NODE5_65_45),V(NODE5_65_46),V(NODE5_65_47),V(NODE5_65_48),V(NODE5_65_49),V(NODE5_65_50),V(NODE5_65_51),V(NODE5_65_52),V(NODE5_65_53),V(NODE5_65_54),V(NODE5_65_55),V(NODE5_65_56),V(NODE5_65_57),V(NODE5_65_58),V(NODE5_65_59),V(NODE5_65_60),V(NODE5_65_61),V(NODE5_65_62),V(NODE5_65_63),V(NODE5_65_64),V(NODE5_65_65),V(NODE5_65_66),V(NODE5_65_67),V(NODE5_65_68),V(NODE5_65_69),V(NODE5_65_70),V(NODE5_65_71),V(NODE5_65_72),V(NODE5_65_73),V(NODE5_65_74),V(NODE5_65_75),V(NODE5_65_76),V(NODE5_65_77),V(NODE5_65_78),V(NODE5_65_79),V(NODE5_65_80),V(NODE5_65_81),V(NODE5_65_82),V(NODE5_65_83),V(NODE5_65_84),V(NODE5_65_85),V(NODE5_65_86),V(NODE5_65_87),V(NODE5_65_88),V(NODE5_65_89),V(NODE5_65_90),V(NODE5_65_91),V(NODE5_65_92),V(NODE5_65_93),V(NODE5_65_94),V(NODE5_65_95),V(NODE5_65_96),V(NODE5_65_97),V(NODE5_65_98),V(NODE5_65_99),V(NODE5_66_0),V(NODE5_66_1),V(NODE5_66_2),V(NODE5_66_3),V(NODE5_66_4),V(NODE5_66_5),V(NODE5_66_6),V(NODE5_66_7),V(NODE5_66_8),V(NODE5_66_9),V(NODE5_66_10),V(NODE5_66_11),V(NODE5_66_12),V(NODE5_66_13),V(NODE5_66_14),V(NODE5_66_15),V(NODE5_66_16),V(NODE5_66_17),V(NODE5_66_18),V(NODE5_66_19),V(NODE5_66_20),V(NODE5_66_21),V(NODE5_66_22),V(NODE5_66_23),V(NODE5_66_24),V(NODE5_66_25),V(NODE5_66_26),V(NODE5_66_27),V(NODE5_66_28),V(NODE5_66_29),V(NODE5_66_30),V(NODE5_66_31),V(NODE5_66_32),V(NODE5_66_33),V(NODE5_66_34),V(NODE5_66_35),V(NODE5_66_36),V(NODE5_66_37),V(NODE5_66_38),V(NODE5_66_39),V(NODE5_66_40),V(NODE5_66_41),V(NODE5_66_42),V(NODE5_66_43),V(NODE5_66_44),V(NODE5_66_45),V(NODE5_66_46),V(NODE5_66_47),V(NODE5_66_48),V(NODE5_66_49),V(NODE5_66_50),V(NODE5_66_51),V(NODE5_66_52),V(NODE5_66_53),V(NODE5_66_54),V(NODE5_66_55),V(NODE5_66_56),V(NODE5_66_57),V(NODE5_66_58),V(NODE5_66_59),V(NODE5_66_60),V(NODE5_66_61),V(NODE5_66_62),V(NODE5_66_63),V(NODE5_66_64),V(NODE5_66_65),V(NODE5_66_66),V(NODE5_66_67),V(NODE5_66_68),V(NODE5_66_69),V(NODE5_66_70),V(NODE5_66_71),V(NODE5_66_72),V(NODE5_66_73),V(NODE5_66_74),V(NODE5_66_75),V(NODE5_66_76),V(NODE5_66_77),V(NODE5_66_78),V(NODE5_66_79),V(NODE5_66_80),V(NODE5_66_81),V(NODE5_66_82),V(NODE5_66_83),V(NODE5_66_84),V(NODE5_66_85),V(NODE5_66_86),V(NODE5_66_87),V(NODE5_66_88),V(NODE5_66_89),V(NODE5_66_90),V(NODE5_66_91),V(NODE5_66_92),V(NODE5_66_93),V(NODE5_66_94),V(NODE5_66_95),V(NODE5_66_96),V(NODE5_66_97),V(NODE5_66_98),V(NODE5_66_99),V(NODE5_67_0),V(NODE5_67_1),V(NODE5_67_2),V(NODE5_67_3),V(NODE5_67_4),V(NODE5_67_5),V(NODE5_67_6),V(NODE5_67_7),V(NODE5_67_8),V(NODE5_67_9),V(NODE5_67_10),V(NODE5_67_11),V(NODE5_67_12),V(NODE5_67_13),V(NODE5_67_14),V(NODE5_67_15),V(NODE5_67_16),V(NODE5_67_17),V(NODE5_67_18),V(NODE5_67_19),V(NODE5_67_20),V(NODE5_67_21),V(NODE5_67_22),V(NODE5_67_23),V(NODE5_67_24),V(NODE5_67_25),V(NODE5_67_26),V(NODE5_67_27),V(NODE5_67_28),V(NODE5_67_29),V(NODE5_67_30),V(NODE5_67_31),V(NODE5_67_32),V(NODE5_67_33),V(NODE5_67_34),V(NODE5_67_35),V(NODE5_67_36),V(NODE5_67_37),V(NODE5_67_38),V(NODE5_67_39),V(NODE5_67_40),V(NODE5_67_41),V(NODE5_67_42),V(NODE5_67_43),V(NODE5_67_44),V(NODE5_67_45),V(NODE5_67_46),V(NODE5_67_47),V(NODE5_67_48),V(NODE5_67_49),V(NODE5_67_50),V(NODE5_67_51),V(NODE5_67_52),V(NODE5_67_53),V(NODE5_67_54),V(NODE5_67_55),V(NODE5_67_56),V(NODE5_67_57),V(NODE5_67_58),V(NODE5_67_59),V(NODE5_67_60),V(NODE5_67_61),V(NODE5_67_62),V(NODE5_67_63),V(NODE5_67_64),V(NODE5_67_65),V(NODE5_67_66),V(NODE5_67_67),V(NODE5_67_68),V(NODE5_67_69),V(NODE5_67_70),V(NODE5_67_71),V(NODE5_67_72),V(NODE5_67_73),V(NODE5_67_74),V(NODE5_67_75),V(NODE5_67_76),V(NODE5_67_77),V(NODE5_67_78),V(NODE5_67_79),V(NODE5_67_80),V(NODE5_67_81),V(NODE5_67_82),V(NODE5_67_83),V(NODE5_67_84),V(NODE5_67_85),V(NODE5_67_86),V(NODE5_67_87),V(NODE5_67_88),V(NODE5_67_89),V(NODE5_67_90),V(NODE5_67_91),V(NODE5_67_92),V(NODE5_67_93),V(NODE5_67_94),V(NODE5_67_95),V(NODE5_67_96),V(NODE5_67_97),V(NODE5_67_98),V(NODE5_67_99),V(NODE5_68_0),V(NODE5_68_1),V(NODE5_68_2),V(NODE5_68_3),V(NODE5_68_4),V(NODE5_68_5),V(NODE5_68_6),V(NODE5_68_7),V(NODE5_68_8),V(NODE5_68_9),V(NODE5_68_10),V(NODE5_68_11),V(NODE5_68_12),V(NODE5_68_13),V(NODE5_68_14),V(NODE5_68_15),V(NODE5_68_16),V(NODE5_68_17),V(NODE5_68_18),V(NODE5_68_19),V(NODE5_68_20),V(NODE5_68_21),V(NODE5_68_22),V(NODE5_68_23),V(NODE5_68_24),V(NODE5_68_25),V(NODE5_68_26),V(NODE5_68_27),V(NODE5_68_28),V(NODE5_68_29),V(NODE5_68_30),V(NODE5_68_31),V(NODE5_68_32),V(NODE5_68_33),V(NODE5_68_34),V(NODE5_68_35),V(NODE5_68_36),V(NODE5_68_37),V(NODE5_68_38),V(NODE5_68_39),V(NODE5_68_40),V(NODE5_68_41),V(NODE5_68_42),V(NODE5_68_43),V(NODE5_68_44),V(NODE5_68_45),V(NODE5_68_46),V(NODE5_68_47),V(NODE5_68_48),V(NODE5_68_49),V(NODE5_68_50),V(NODE5_68_51),V(NODE5_68_52),V(NODE5_68_53),V(NODE5_68_54),V(NODE5_68_55),V(NODE5_68_56),V(NODE5_68_57),V(NODE5_68_58),V(NODE5_68_59),V(NODE5_68_60),V(NODE5_68_61),V(NODE5_68_62),V(NODE5_68_63),V(NODE5_68_64),V(NODE5_68_65),V(NODE5_68_66),V(NODE5_68_67),V(NODE5_68_68),V(NODE5_68_69),V(NODE5_68_70),V(NODE5_68_71),V(NODE5_68_72),V(NODE5_68_73),V(NODE5_68_74),V(NODE5_68_75),V(NODE5_68_76),V(NODE5_68_77),V(NODE5_68_78),V(NODE5_68_79),V(NODE5_68_80),V(NODE5_68_81),V(NODE5_68_82),V(NODE5_68_83),V(NODE5_68_84),V(NODE5_68_85),V(NODE5_68_86),V(NODE5_68_87),V(NODE5_68_88),V(NODE5_68_89),V(NODE5_68_90),V(NODE5_68_91),V(NODE5_68_92),V(NODE5_68_93),V(NODE5_68_94),V(NODE5_68_95),V(NODE5_68_96),V(NODE5_68_97),V(NODE5_68_98),V(NODE5_68_99),V(NODE5_69_0),V(NODE5_69_1),V(NODE5_69_2),V(NODE5_69_3),V(NODE5_69_4),V(NODE5_69_5),V(NODE5_69_6),V(NODE5_69_7),V(NODE5_69_8),V(NODE5_69_9),V(NODE5_69_10),V(NODE5_69_11),V(NODE5_69_12),V(NODE5_69_13),V(NODE5_69_14),V(NODE5_69_15),V(NODE5_69_16),V(NODE5_69_17),V(NODE5_69_18),V(NODE5_69_19),V(NODE5_69_20),V(NODE5_69_21),V(NODE5_69_22),V(NODE5_69_23),V(NODE5_69_24),V(NODE5_69_25),V(NODE5_69_26),V(NODE5_69_27),V(NODE5_69_28),V(NODE5_69_29),V(NODE5_69_30),V(NODE5_69_31),V(NODE5_69_32),V(NODE5_69_33),V(NODE5_69_34),V(NODE5_69_35),V(NODE5_69_36),V(NODE5_69_37),V(NODE5_69_38),V(NODE5_69_39),V(NODE5_69_40),V(NODE5_69_41),V(NODE5_69_42),V(NODE5_69_43),V(NODE5_69_44),V(NODE5_69_45),V(NODE5_69_46),V(NODE5_69_47),V(NODE5_69_48),V(NODE5_69_49),V(NODE5_69_50),V(NODE5_69_51),V(NODE5_69_52),V(NODE5_69_53),V(NODE5_69_54),V(NODE5_69_55),V(NODE5_69_56),V(NODE5_69_57),V(NODE5_69_58),V(NODE5_69_59),V(NODE5_69_60),V(NODE5_69_61),V(NODE5_69_62),V(NODE5_69_63),V(NODE5_69_64),V(NODE5_69_65),V(NODE5_69_66),V(NODE5_69_67),V(NODE5_69_68),V(NODE5_69_69),V(NODE5_69_70),V(NODE5_69_71),V(NODE5_69_72),V(NODE5_69_73),V(NODE5_69_74),V(NODE5_69_75),V(NODE5_69_76),V(NODE5_69_77),V(NODE5_69_78),V(NODE5_69_79),V(NODE5_69_80),V(NODE5_69_81),V(NODE5_69_82),V(NODE5_69_83),V(NODE5_69_84),V(NODE5_69_85),V(NODE5_69_86),V(NODE5_69_87),V(NODE5_69_88),V(NODE5_69_89),V(NODE5_69_90),V(NODE5_69_91),V(NODE5_69_92),V(NODE5_69_93),V(NODE5_69_94),V(NODE5_69_95),V(NODE5_69_96),V(NODE5_69_97),V(NODE5_69_98),V(NODE5_69_99),V(NODE5_70_0),V(NODE5_70_1),V(NODE5_70_2),V(NODE5_70_3),V(NODE5_70_4),V(NODE5_70_5),V(NODE5_70_6),V(NODE5_70_7),V(NODE5_70_8),V(NODE5_70_9),V(NODE5_70_10),V(NODE5_70_11),V(NODE5_70_12),V(NODE5_70_13),V(NODE5_70_14),V(NODE5_70_15),V(NODE5_70_16),V(NODE5_70_17),V(NODE5_70_18),V(NODE5_70_19),V(NODE5_70_20),V(NODE5_70_21),V(NODE5_70_22),V(NODE5_70_23),V(NODE5_70_24),V(NODE5_70_25),V(NODE5_70_26),V(NODE5_70_27),V(NODE5_70_28),V(NODE5_70_29),V(NODE5_70_30),V(NODE5_70_31),V(NODE5_70_32),V(NODE5_70_33),V(NODE5_70_34),V(NODE5_70_35),V(NODE5_70_36),V(NODE5_70_37),V(NODE5_70_38),V(NODE5_70_39),V(NODE5_70_40),V(NODE5_70_41),V(NODE5_70_42),V(NODE5_70_43),V(NODE5_70_44),V(NODE5_70_45),V(NODE5_70_46),V(NODE5_70_47),V(NODE5_70_48),V(NODE5_70_49),V(NODE5_70_50),V(NODE5_70_51),V(NODE5_70_52),V(NODE5_70_53),V(NODE5_70_54),V(NODE5_70_55),V(NODE5_70_56),V(NODE5_70_57),V(NODE5_70_58),V(NODE5_70_59),V(NODE5_70_60),V(NODE5_70_61),V(NODE5_70_62),V(NODE5_70_63),V(NODE5_70_64),V(NODE5_70_65),V(NODE5_70_66),V(NODE5_70_67),V(NODE5_70_68),V(NODE5_70_69),V(NODE5_70_70),V(NODE5_70_71),V(NODE5_70_72),V(NODE5_70_73),V(NODE5_70_74),V(NODE5_70_75),V(NODE5_70_76),V(NODE5_70_77),V(NODE5_70_78),V(NODE5_70_79),V(NODE5_70_80),V(NODE5_70_81),V(NODE5_70_82),V(NODE5_70_83),V(NODE5_70_84),V(NODE5_70_85),V(NODE5_70_86),V(NODE5_70_87),V(NODE5_70_88),V(NODE5_70_89),V(NODE5_70_90),V(NODE5_70_91),V(NODE5_70_92),V(NODE5_70_93),V(NODE5_70_94),V(NODE5_70_95),V(NODE5_70_96),V(NODE5_70_97),V(NODE5_70_98),V(NODE5_70_99),V(NODE5_71_0),V(NODE5_71_1),V(NODE5_71_2),V(NODE5_71_3),V(NODE5_71_4),V(NODE5_71_5),V(NODE5_71_6),V(NODE5_71_7),V(NODE5_71_8),V(NODE5_71_9),V(NODE5_71_10),V(NODE5_71_11),V(NODE5_71_12),V(NODE5_71_13),V(NODE5_71_14),V(NODE5_71_15),V(NODE5_71_16),V(NODE5_71_17),V(NODE5_71_18),V(NODE5_71_19),V(NODE5_71_20),V(NODE5_71_21),V(NODE5_71_22),V(NODE5_71_23),V(NODE5_71_24),V(NODE5_71_25),V(NODE5_71_26),V(NODE5_71_27),V(NODE5_71_28),V(NODE5_71_29),V(NODE5_71_30),V(NODE5_71_31),V(NODE5_71_32),V(NODE5_71_33),V(NODE5_71_34),V(NODE5_71_35),V(NODE5_71_36),V(NODE5_71_37),V(NODE5_71_38),V(NODE5_71_39),V(NODE5_71_40),V(NODE5_71_41),V(NODE5_71_42),V(NODE5_71_43),V(NODE5_71_44),V(NODE5_71_45),V(NODE5_71_46),V(NODE5_71_47),V(NODE5_71_48),V(NODE5_71_49),V(NODE5_71_50),V(NODE5_71_51),V(NODE5_71_52),V(NODE5_71_53),V(NODE5_71_54),V(NODE5_71_55),V(NODE5_71_56),V(NODE5_71_57),V(NODE5_71_58),V(NODE5_71_59),V(NODE5_71_60),V(NODE5_71_61),V(NODE5_71_62),V(NODE5_71_63),V(NODE5_71_64),V(NODE5_71_65),V(NODE5_71_66),V(NODE5_71_67),V(NODE5_71_68),V(NODE5_71_69),V(NODE5_71_70),V(NODE5_71_71),V(NODE5_71_72),V(NODE5_71_73),V(NODE5_71_74),V(NODE5_71_75),V(NODE5_71_76),V(NODE5_71_77),V(NODE5_71_78),V(NODE5_71_79),V(NODE5_71_80),V(NODE5_71_81),V(NODE5_71_82),V(NODE5_71_83),V(NODE5_71_84),V(NODE5_71_85),V(NODE5_71_86),V(NODE5_71_87),V(NODE5_71_88),V(NODE5_71_89),V(NODE5_71_90),V(NODE5_71_91),V(NODE5_71_92),V(NODE5_71_93),V(NODE5_71_94),V(NODE5_71_95),V(NODE5_71_96),V(NODE5_71_97),V(NODE5_71_98),V(NODE5_71_99),V(NODE5_72_0),V(NODE5_72_1),V(NODE5_72_2),V(NODE5_72_3),V(NODE5_72_4),V(NODE5_72_5),V(NODE5_72_6),V(NODE5_72_7),V(NODE5_72_8),V(NODE5_72_9),V(NODE5_72_10),V(NODE5_72_11),V(NODE5_72_12),V(NODE5_72_13),V(NODE5_72_14),V(NODE5_72_15),V(NODE5_72_16),V(NODE5_72_17),V(NODE5_72_18),V(NODE5_72_19),V(NODE5_72_20),V(NODE5_72_21),V(NODE5_72_22),V(NODE5_72_23),V(NODE5_72_24),V(NODE5_72_25),V(NODE5_72_26),V(NODE5_72_27),V(NODE5_72_28),V(NODE5_72_29),V(NODE5_72_30),V(NODE5_72_31),V(NODE5_72_32),V(NODE5_72_33),V(NODE5_72_34),V(NODE5_72_35),V(NODE5_72_36),V(NODE5_72_37),V(NODE5_72_38),V(NODE5_72_39),V(NODE5_72_40),V(NODE5_72_41),V(NODE5_72_42),V(NODE5_72_43),V(NODE5_72_44),V(NODE5_72_45),V(NODE5_72_46),V(NODE5_72_47),V(NODE5_72_48),V(NODE5_72_49),V(NODE5_72_50),V(NODE5_72_51),V(NODE5_72_52),V(NODE5_72_53),V(NODE5_72_54),V(NODE5_72_55),V(NODE5_72_56),V(NODE5_72_57),V(NODE5_72_58),V(NODE5_72_59),V(NODE5_72_60),V(NODE5_72_61),V(NODE5_72_62),V(NODE5_72_63),V(NODE5_72_64),V(NODE5_72_65),V(NODE5_72_66),V(NODE5_72_67),V(NODE5_72_68),V(NODE5_72_69),V(NODE5_72_70),V(NODE5_72_71),V(NODE5_72_72),V(NODE5_72_73),V(NODE5_72_74),V(NODE5_72_75),V(NODE5_72_76),V(NODE5_72_77),V(NODE5_72_78),V(NODE5_72_79),V(NODE5_72_80),V(NODE5_72_81),V(NODE5_72_82),V(NODE5_72_83),V(NODE5_72_84),V(NODE5_72_85),V(NODE5_72_86),V(NODE5_72_87),V(NODE5_72_88),V(NODE5_72_89),V(NODE5_72_90),V(NODE5_72_91),V(NODE5_72_92),V(NODE5_72_93),V(NODE5_72_94),V(NODE5_72_95),V(NODE5_72_96),V(NODE5_72_97),V(NODE5_72_98),V(NODE5_72_99),V(NODE5_73_0),V(NODE5_73_1),V(NODE5_73_2),V(NODE5_73_3),V(NODE5_73_4),V(NODE5_73_5),V(NODE5_73_6),V(NODE5_73_7),V(NODE5_73_8),V(NODE5_73_9),V(NODE5_73_10),V(NODE5_73_11),V(NODE5_73_12),V(NODE5_73_13),V(NODE5_73_14),V(NODE5_73_15),V(NODE5_73_16),V(NODE5_73_17),V(NODE5_73_18),V(NODE5_73_19),V(NODE5_73_20),V(NODE5_73_21),V(NODE5_73_22),V(NODE5_73_23),V(NODE5_73_24),V(NODE5_73_25),V(NODE5_73_26),V(NODE5_73_27),V(NODE5_73_28),V(NODE5_73_29),V(NODE5_73_30),V(NODE5_73_31),V(NODE5_73_32),V(NODE5_73_33),V(NODE5_73_34),V(NODE5_73_35),V(NODE5_73_36),V(NODE5_73_37),V(NODE5_73_38),V(NODE5_73_39),V(NODE5_73_40),V(NODE5_73_41),V(NODE5_73_42),V(NODE5_73_43),V(NODE5_73_44),V(NODE5_73_45),V(NODE5_73_46),V(NODE5_73_47),V(NODE5_73_48),V(NODE5_73_49),V(NODE5_73_50),V(NODE5_73_51),V(NODE5_73_52),V(NODE5_73_53),V(NODE5_73_54),V(NODE5_73_55),V(NODE5_73_56),V(NODE5_73_57),V(NODE5_73_58),V(NODE5_73_59),V(NODE5_73_60),V(NODE5_73_61),V(NODE5_73_62),V(NODE5_73_63),V(NODE5_73_64),V(NODE5_73_65),V(NODE5_73_66),V(NODE5_73_67),V(NODE5_73_68),V(NODE5_73_69),V(NODE5_73_70),V(NODE5_73_71),V(NODE5_73_72),V(NODE5_73_73),V(NODE5_73_74),V(NODE5_73_75),V(NODE5_73_76),V(NODE5_73_77),V(NODE5_73_78),V(NODE5_73_79),V(NODE5_73_80),V(NODE5_73_81),V(NODE5_73_82),V(NODE5_73_83),V(NODE5_73_84),V(NODE5_73_85),V(NODE5_73_86),V(NODE5_73_87),V(NODE5_73_88),V(NODE5_73_89),V(NODE5_73_90),V(NODE5_73_91),V(NODE5_73_92),V(NODE5_73_93),V(NODE5_73_94),V(NODE5_73_95),V(NODE5_73_96),V(NODE5_73_97),V(NODE5_73_98),V(NODE5_73_99),V(NODE5_74_0),V(NODE5_74_1),V(NODE5_74_2),V(NODE5_74_3),V(NODE5_74_4),V(NODE5_74_5),V(NODE5_74_6),V(NODE5_74_7),V(NODE5_74_8),V(NODE5_74_9),V(NODE5_74_10),V(NODE5_74_11),V(NODE5_74_12),V(NODE5_74_13),V(NODE5_74_14),V(NODE5_74_15),V(NODE5_74_16),V(NODE5_74_17),V(NODE5_74_18),V(NODE5_74_19),V(NODE5_74_20),V(NODE5_74_21),V(NODE5_74_22),V(NODE5_74_23),V(NODE5_74_24),V(NODE5_74_25),V(NODE5_74_26),V(NODE5_74_27),V(NODE5_74_28),V(NODE5_74_29),V(NODE5_74_30),V(NODE5_74_31),V(NODE5_74_32),V(NODE5_74_33),V(NODE5_74_34),V(NODE5_74_35),V(NODE5_74_36),V(NODE5_74_37),V(NODE5_74_38),V(NODE5_74_39),V(NODE5_74_40),V(NODE5_74_41),V(NODE5_74_42),V(NODE5_74_43),V(NODE5_74_44),V(NODE5_74_45),V(NODE5_74_46),V(NODE5_74_47),V(NODE5_74_48),V(NODE5_74_49),V(NODE5_74_50),V(NODE5_74_51),V(NODE5_74_52),V(NODE5_74_53),V(NODE5_74_54),V(NODE5_74_55),V(NODE5_74_56),V(NODE5_74_57),V(NODE5_74_58),V(NODE5_74_59),V(NODE5_74_60),V(NODE5_74_61),V(NODE5_74_62),V(NODE5_74_63),V(NODE5_74_64),V(NODE5_74_65),V(NODE5_74_66),V(NODE5_74_67),V(NODE5_74_68),V(NODE5_74_69),V(NODE5_74_70),V(NODE5_74_71),V(NODE5_74_72),V(NODE5_74_73),V(NODE5_74_74),V(NODE5_74_75),V(NODE5_74_76),V(NODE5_74_77),V(NODE5_74_78),V(NODE5_74_79),V(NODE5_74_80),V(NODE5_74_81),V(NODE5_74_82),V(NODE5_74_83),V(NODE5_74_84),V(NODE5_74_85),V(NODE5_74_86),V(NODE5_74_87),V(NODE5_74_88),V(NODE5_74_89),V(NODE5_74_90),V(NODE5_74_91),V(NODE5_74_92),V(NODE5_74_93),V(NODE5_74_94),V(NODE5_74_95),V(NODE5_74_96),V(NODE5_74_97),V(NODE5_74_98),V(NODE5_74_99),V(NODE5_75_0),V(NODE5_75_1),V(NODE5_75_2),V(NODE5_75_3),V(NODE5_75_4),V(NODE5_75_5),V(NODE5_75_6),V(NODE5_75_7),V(NODE5_75_8),V(NODE5_75_9),V(NODE5_75_10),V(NODE5_75_11),V(NODE5_75_12),V(NODE5_75_13),V(NODE5_75_14),V(NODE5_75_15),V(NODE5_75_16),V(NODE5_75_17),V(NODE5_75_18),V(NODE5_75_19),V(NODE5_75_20),V(NODE5_75_21),V(NODE5_75_22),V(NODE5_75_23),V(NODE5_75_24),V(NODE5_75_25),V(NODE5_75_26),V(NODE5_75_27),V(NODE5_75_28),V(NODE5_75_29),V(NODE5_75_30),V(NODE5_75_31),V(NODE5_75_32),V(NODE5_75_33),V(NODE5_75_34),V(NODE5_75_35),V(NODE5_75_36),V(NODE5_75_37),V(NODE5_75_38),V(NODE5_75_39),V(NODE5_75_40),V(NODE5_75_41),V(NODE5_75_42),V(NODE5_75_43),V(NODE5_75_44),V(NODE5_75_45),V(NODE5_75_46),V(NODE5_75_47),V(NODE5_75_48),V(NODE5_75_49),V(NODE5_75_50),V(NODE5_75_51),V(NODE5_75_52),V(NODE5_75_53),V(NODE5_75_54),V(NODE5_75_55),V(NODE5_75_56),V(NODE5_75_57),V(NODE5_75_58),V(NODE5_75_59),V(NODE5_75_60),V(NODE5_75_61),V(NODE5_75_62),V(NODE5_75_63),V(NODE5_75_64),V(NODE5_75_65),V(NODE5_75_66),V(NODE5_75_67),V(NODE5_75_68),V(NODE5_75_69),V(NODE5_75_70),V(NODE5_75_71),V(NODE5_75_72),V(NODE5_75_73),V(NODE5_75_74),V(NODE5_75_75),V(NODE5_75_76),V(NODE5_75_77),V(NODE5_75_78),V(NODE5_75_79),V(NODE5_75_80),V(NODE5_75_81),V(NODE5_75_82),V(NODE5_75_83),V(NODE5_75_84),V(NODE5_75_85),V(NODE5_75_86),V(NODE5_75_87),V(NODE5_75_88),V(NODE5_75_89),V(NODE5_75_90),V(NODE5_75_91),V(NODE5_75_92),V(NODE5_75_93),V(NODE5_75_94),V(NODE5_75_95),V(NODE5_75_96),V(NODE5_75_97),V(NODE5_75_98),V(NODE5_75_99),V(NODE5_76_0),V(NODE5_76_1),V(NODE5_76_2),V(NODE5_76_3),V(NODE5_76_4),V(NODE5_76_5),V(NODE5_76_6),V(NODE5_76_7),V(NODE5_76_8),V(NODE5_76_9),V(NODE5_76_10),V(NODE5_76_11),V(NODE5_76_12),V(NODE5_76_13),V(NODE5_76_14),V(NODE5_76_15),V(NODE5_76_16),V(NODE5_76_17),V(NODE5_76_18),V(NODE5_76_19),V(NODE5_76_20),V(NODE5_76_21),V(NODE5_76_22),V(NODE5_76_23),V(NODE5_76_24),V(NODE5_76_25),V(NODE5_76_26),V(NODE5_76_27),V(NODE5_76_28),V(NODE5_76_29),V(NODE5_76_30),V(NODE5_76_31),V(NODE5_76_32),V(NODE5_76_33),V(NODE5_76_34),V(NODE5_76_35),V(NODE5_76_36),V(NODE5_76_37),V(NODE5_76_38),V(NODE5_76_39),V(NODE5_76_40),V(NODE5_76_41),V(NODE5_76_42),V(NODE5_76_43),V(NODE5_76_44),V(NODE5_76_45),V(NODE5_76_46),V(NODE5_76_47),V(NODE5_76_48),V(NODE5_76_49),V(NODE5_76_50),V(NODE5_76_51),V(NODE5_76_52),V(NODE5_76_53),V(NODE5_76_54),V(NODE5_76_55),V(NODE5_76_56),V(NODE5_76_57),V(NODE5_76_58),V(NODE5_76_59),V(NODE5_76_60),V(NODE5_76_61),V(NODE5_76_62),V(NODE5_76_63),V(NODE5_76_64),V(NODE5_76_65),V(NODE5_76_66),V(NODE5_76_67),V(NODE5_76_68),V(NODE5_76_69),V(NODE5_76_70),V(NODE5_76_71),V(NODE5_76_72),V(NODE5_76_73),V(NODE5_76_74),V(NODE5_76_75),V(NODE5_76_76),V(NODE5_76_77),V(NODE5_76_78),V(NODE5_76_79),V(NODE5_76_80),V(NODE5_76_81),V(NODE5_76_82),V(NODE5_76_83),V(NODE5_76_84),V(NODE5_76_85),V(NODE5_76_86),V(NODE5_76_87),V(NODE5_76_88),V(NODE5_76_89),V(NODE5_76_90),V(NODE5_76_91),V(NODE5_76_92),V(NODE5_76_93),V(NODE5_76_94),V(NODE5_76_95),V(NODE5_76_96),V(NODE5_76_97),V(NODE5_76_98),V(NODE5_76_99),V(NODE5_77_0),V(NODE5_77_1),V(NODE5_77_2),V(NODE5_77_3),V(NODE5_77_4),V(NODE5_77_5),V(NODE5_77_6),V(NODE5_77_7),V(NODE5_77_8),V(NODE5_77_9),V(NODE5_77_10),V(NODE5_77_11),V(NODE5_77_12),V(NODE5_77_13),V(NODE5_77_14),V(NODE5_77_15),V(NODE5_77_16),V(NODE5_77_17),V(NODE5_77_18),V(NODE5_77_19),V(NODE5_77_20),V(NODE5_77_21),V(NODE5_77_22),V(NODE5_77_23),V(NODE5_77_24),V(NODE5_77_25),V(NODE5_77_26),V(NODE5_77_27),V(NODE5_77_28),V(NODE5_77_29),V(NODE5_77_30),V(NODE5_77_31),V(NODE5_77_32),V(NODE5_77_33),V(NODE5_77_34),V(NODE5_77_35),V(NODE5_77_36),V(NODE5_77_37),V(NODE5_77_38),V(NODE5_77_39),V(NODE5_77_40),V(NODE5_77_41),V(NODE5_77_42),V(NODE5_77_43),V(NODE5_77_44),V(NODE5_77_45),V(NODE5_77_46),V(NODE5_77_47),V(NODE5_77_48),V(NODE5_77_49),V(NODE5_77_50),V(NODE5_77_51),V(NODE5_77_52),V(NODE5_77_53),V(NODE5_77_54),V(NODE5_77_55),V(NODE5_77_56),V(NODE5_77_57),V(NODE5_77_58),V(NODE5_77_59),V(NODE5_77_60),V(NODE5_77_61),V(NODE5_77_62),V(NODE5_77_63),V(NODE5_77_64),V(NODE5_77_65),V(NODE5_77_66),V(NODE5_77_67),V(NODE5_77_68),V(NODE5_77_69),V(NODE5_77_70),V(NODE5_77_71),V(NODE5_77_72),V(NODE5_77_73),V(NODE5_77_74),V(NODE5_77_75),V(NODE5_77_76),V(NODE5_77_77),V(NODE5_77_78),V(NODE5_77_79),V(NODE5_77_80),V(NODE5_77_81),V(NODE5_77_82),V(NODE5_77_83),V(NODE5_77_84),V(NODE5_77_85),V(NODE5_77_86),V(NODE5_77_87),V(NODE5_77_88),V(NODE5_77_89),V(NODE5_77_90),V(NODE5_77_91),V(NODE5_77_92),V(NODE5_77_93),V(NODE5_77_94),V(NODE5_77_95),V(NODE5_77_96),V(NODE5_77_97),V(NODE5_77_98),V(NODE5_77_99),V(NODE5_78_0),V(NODE5_78_1),V(NODE5_78_2),V(NODE5_78_3),V(NODE5_78_4),V(NODE5_78_5),V(NODE5_78_6),V(NODE5_78_7),V(NODE5_78_8),V(NODE5_78_9),V(NODE5_78_10),V(NODE5_78_11),V(NODE5_78_12),V(NODE5_78_13),V(NODE5_78_14),V(NODE5_78_15),V(NODE5_78_16),V(NODE5_78_17),V(NODE5_78_18),V(NODE5_78_19),V(NODE5_78_20),V(NODE5_78_21),V(NODE5_78_22),V(NODE5_78_23),V(NODE5_78_24),V(NODE5_78_25),V(NODE5_78_26),V(NODE5_78_27),V(NODE5_78_28),V(NODE5_78_29),V(NODE5_78_30),V(NODE5_78_31),V(NODE5_78_32),V(NODE5_78_33),V(NODE5_78_34),V(NODE5_78_35),V(NODE5_78_36),V(NODE5_78_37),V(NODE5_78_38),V(NODE5_78_39),V(NODE5_78_40),V(NODE5_78_41),V(NODE5_78_42),V(NODE5_78_43),V(NODE5_78_44),V(NODE5_78_45),V(NODE5_78_46),V(NODE5_78_47),V(NODE5_78_48),V(NODE5_78_49),V(NODE5_78_50),V(NODE5_78_51),V(NODE5_78_52),V(NODE5_78_53),V(NODE5_78_54),V(NODE5_78_55),V(NODE5_78_56),V(NODE5_78_57),V(NODE5_78_58),V(NODE5_78_59),V(NODE5_78_60),V(NODE5_78_61),V(NODE5_78_62),V(NODE5_78_63),V(NODE5_78_64),V(NODE5_78_65),V(NODE5_78_66),V(NODE5_78_67),V(NODE5_78_68),V(NODE5_78_69),V(NODE5_78_70),V(NODE5_78_71),V(NODE5_78_72),V(NODE5_78_73),V(NODE5_78_74),V(NODE5_78_75),V(NODE5_78_76),V(NODE5_78_77),V(NODE5_78_78),V(NODE5_78_79),V(NODE5_78_80),V(NODE5_78_81),V(NODE5_78_82),V(NODE5_78_83),V(NODE5_78_84),V(NODE5_78_85),V(NODE5_78_86),V(NODE5_78_87),V(NODE5_78_88),V(NODE5_78_89),V(NODE5_78_90),V(NODE5_78_91),V(NODE5_78_92),V(NODE5_78_93),V(NODE5_78_94),V(NODE5_78_95),V(NODE5_78_96),V(NODE5_78_97),V(NODE5_78_98),V(NODE5_78_99),V(NODE5_79_0),V(NODE5_79_1),V(NODE5_79_2),V(NODE5_79_3),V(NODE5_79_4),V(NODE5_79_5),V(NODE5_79_6),V(NODE5_79_7),V(NODE5_79_8),V(NODE5_79_9),V(NODE5_79_10),V(NODE5_79_11),V(NODE5_79_12),V(NODE5_79_13),V(NODE5_79_14),V(NODE5_79_15),V(NODE5_79_16),V(NODE5_79_17),V(NODE5_79_18),V(NODE5_79_19),V(NODE5_79_20),V(NODE5_79_21),V(NODE5_79_22),V(NODE5_79_23),V(NODE5_79_24),V(NODE5_79_25),V(NODE5_79_26),V(NODE5_79_27),V(NODE5_79_28),V(NODE5_79_29),V(NODE5_79_30),V(NODE5_79_31),V(NODE5_79_32),V(NODE5_79_33),V(NODE5_79_34),V(NODE5_79_35),V(NODE5_79_36),V(NODE5_79_37),V(NODE5_79_38),V(NODE5_79_39),V(NODE5_79_40),V(NODE5_79_41),V(NODE5_79_42),V(NODE5_79_43),V(NODE5_79_44),V(NODE5_79_45),V(NODE5_79_46),V(NODE5_79_47),V(NODE5_79_48),V(NODE5_79_49),V(NODE5_79_50),V(NODE5_79_51),V(NODE5_79_52),V(NODE5_79_53),V(NODE5_79_54),V(NODE5_79_55),V(NODE5_79_56),V(NODE5_79_57),V(NODE5_79_58),V(NODE5_79_59),V(NODE5_79_60),V(NODE5_79_61),V(NODE5_79_62),V(NODE5_79_63),V(NODE5_79_64),V(NODE5_79_65),V(NODE5_79_66),V(NODE5_79_67),V(NODE5_79_68),V(NODE5_79_69),V(NODE5_79_70),V(NODE5_79_71),V(NODE5_79_72),V(NODE5_79_73),V(NODE5_79_74),V(NODE5_79_75),V(NODE5_79_76),V(NODE5_79_77),V(NODE5_79_78),V(NODE5_79_79),V(NODE5_79_80),V(NODE5_79_81),V(NODE5_79_82),V(NODE5_79_83),V(NODE5_79_84),V(NODE5_79_85),V(NODE5_79_86),V(NODE5_79_87),V(NODE5_79_88),V(NODE5_79_89),V(NODE5_79_90),V(NODE5_79_91),V(NODE5_79_92),V(NODE5_79_93),V(NODE5_79_94),V(NODE5_79_95),V(NODE5_79_96),V(NODE5_79_97),V(NODE5_79_98),V(NODE5_79_99),V(NODE5_80_0),V(NODE5_80_1),V(NODE5_80_2),V(NODE5_80_3),V(NODE5_80_4),V(NODE5_80_5),V(NODE5_80_6),V(NODE5_80_7),V(NODE5_80_8),V(NODE5_80_9),V(NODE5_80_10),V(NODE5_80_11),V(NODE5_80_12),V(NODE5_80_13),V(NODE5_80_14),V(NODE5_80_15),V(NODE5_80_16),V(NODE5_80_17),V(NODE5_80_18),V(NODE5_80_19),V(NODE5_80_20),V(NODE5_80_21),V(NODE5_80_22),V(NODE5_80_23),V(NODE5_80_24),V(NODE5_80_25),V(NODE5_80_26),V(NODE5_80_27),V(NODE5_80_28),V(NODE5_80_29),V(NODE5_80_30),V(NODE5_80_31),V(NODE5_80_32),V(NODE5_80_33),V(NODE5_80_34),V(NODE5_80_35),V(NODE5_80_36),V(NODE5_80_37),V(NODE5_80_38),V(NODE5_80_39),V(NODE5_80_40),V(NODE5_80_41),V(NODE5_80_42),V(NODE5_80_43),V(NODE5_80_44),V(NODE5_80_45),V(NODE5_80_46),V(NODE5_80_47),V(NODE5_80_48),V(NODE5_80_49),V(NODE5_80_50),V(NODE5_80_51),V(NODE5_80_52),V(NODE5_80_53),V(NODE5_80_54),V(NODE5_80_55),V(NODE5_80_56),V(NODE5_80_57),V(NODE5_80_58),V(NODE5_80_59),V(NODE5_80_60),V(NODE5_80_61),V(NODE5_80_62),V(NODE5_80_63),V(NODE5_80_64),V(NODE5_80_65),V(NODE5_80_66),V(NODE5_80_67),V(NODE5_80_68),V(NODE5_80_69),V(NODE5_80_70),V(NODE5_80_71),V(NODE5_80_72),V(NODE5_80_73),V(NODE5_80_74),V(NODE5_80_75),V(NODE5_80_76),V(NODE5_80_77),V(NODE5_80_78),V(NODE5_80_79),V(NODE5_80_80),V(NODE5_80_81),V(NODE5_80_82),V(NODE5_80_83),V(NODE5_80_84),V(NODE5_80_85),V(NODE5_80_86),V(NODE5_80_87),V(NODE5_80_88),V(NODE5_80_89),V(NODE5_80_90),V(NODE5_80_91),V(NODE5_80_92),V(NODE5_80_93),V(NODE5_80_94),V(NODE5_80_95),V(NODE5_80_96),V(NODE5_80_97),V(NODE5_80_98),V(NODE5_80_99),V(NODE5_81_0),V(NODE5_81_1),V(NODE5_81_2),V(NODE5_81_3),V(NODE5_81_4),V(NODE5_81_5),V(NODE5_81_6),V(NODE5_81_7),V(NODE5_81_8),V(NODE5_81_9),V(NODE5_81_10),V(NODE5_81_11),V(NODE5_81_12),V(NODE5_81_13),V(NODE5_81_14),V(NODE5_81_15),V(NODE5_81_16),V(NODE5_81_17),V(NODE5_81_18),V(NODE5_81_19),V(NODE5_81_20),V(NODE5_81_21),V(NODE5_81_22),V(NODE5_81_23),V(NODE5_81_24),V(NODE5_81_25),V(NODE5_81_26),V(NODE5_81_27),V(NODE5_81_28),V(NODE5_81_29),V(NODE5_81_30),V(NODE5_81_31),V(NODE5_81_32),V(NODE5_81_33),V(NODE5_81_34),V(NODE5_81_35),V(NODE5_81_36),V(NODE5_81_37),V(NODE5_81_38),V(NODE5_81_39),V(NODE5_81_40),V(NODE5_81_41),V(NODE5_81_42),V(NODE5_81_43),V(NODE5_81_44),V(NODE5_81_45),V(NODE5_81_46),V(NODE5_81_47),V(NODE5_81_48),V(NODE5_81_49),V(NODE5_81_50),V(NODE5_81_51),V(NODE5_81_52),V(NODE5_81_53),V(NODE5_81_54),V(NODE5_81_55),V(NODE5_81_56),V(NODE5_81_57),V(NODE5_81_58),V(NODE5_81_59),V(NODE5_81_60),V(NODE5_81_61),V(NODE5_81_62),V(NODE5_81_63),V(NODE5_81_64),V(NODE5_81_65),V(NODE5_81_66),V(NODE5_81_67),V(NODE5_81_68),V(NODE5_81_69),V(NODE5_81_70),V(NODE5_81_71),V(NODE5_81_72),V(NODE5_81_73),V(NODE5_81_74),V(NODE5_81_75),V(NODE5_81_76),V(NODE5_81_77),V(NODE5_81_78),V(NODE5_81_79),V(NODE5_81_80),V(NODE5_81_81),V(NODE5_81_82),V(NODE5_81_83),V(NODE5_81_84),V(NODE5_81_85),V(NODE5_81_86),V(NODE5_81_87),V(NODE5_81_88),V(NODE5_81_89),V(NODE5_81_90),V(NODE5_81_91),V(NODE5_81_92),V(NODE5_81_93),V(NODE5_81_94),V(NODE5_81_95),V(NODE5_81_96),V(NODE5_81_97),V(NODE5_81_98),V(NODE5_81_99),V(NODE5_82_0),V(NODE5_82_1),V(NODE5_82_2),V(NODE5_82_3),V(NODE5_82_4),V(NODE5_82_5),V(NODE5_82_6),V(NODE5_82_7),V(NODE5_82_8),V(NODE5_82_9),V(NODE5_82_10),V(NODE5_82_11),V(NODE5_82_12),V(NODE5_82_13),V(NODE5_82_14),V(NODE5_82_15),V(NODE5_82_16),V(NODE5_82_17),V(NODE5_82_18),V(NODE5_82_19),V(NODE5_82_20),V(NODE5_82_21),V(NODE5_82_22),V(NODE5_82_23),V(NODE5_82_24),V(NODE5_82_25),V(NODE5_82_26),V(NODE5_82_27),V(NODE5_82_28),V(NODE5_82_29),V(NODE5_82_30),V(NODE5_82_31),V(NODE5_82_32),V(NODE5_82_33),V(NODE5_82_34),V(NODE5_82_35),V(NODE5_82_36),V(NODE5_82_37),V(NODE5_82_38),V(NODE5_82_39),V(NODE5_82_40),V(NODE5_82_41),V(NODE5_82_42),V(NODE5_82_43),V(NODE5_82_44),V(NODE5_82_45),V(NODE5_82_46),V(NODE5_82_47),V(NODE5_82_48),V(NODE5_82_49),V(NODE5_82_50),V(NODE5_82_51),V(NODE5_82_52),V(NODE5_82_53),V(NODE5_82_54),V(NODE5_82_55),V(NODE5_82_56),V(NODE5_82_57),V(NODE5_82_58),V(NODE5_82_59),V(NODE5_82_60),V(NODE5_82_61),V(NODE5_82_62),V(NODE5_82_63),V(NODE5_82_64),V(NODE5_82_65),V(NODE5_82_66),V(NODE5_82_67),V(NODE5_82_68),V(NODE5_82_69),V(NODE5_82_70),V(NODE5_82_71),V(NODE5_82_72),V(NODE5_82_73),V(NODE5_82_74),V(NODE5_82_75),V(NODE5_82_76),V(NODE5_82_77),V(NODE5_82_78),V(NODE5_82_79),V(NODE5_82_80),V(NODE5_82_81),V(NODE5_82_82),V(NODE5_82_83),V(NODE5_82_84),V(NODE5_82_85),V(NODE5_82_86),V(NODE5_82_87),V(NODE5_82_88),V(NODE5_82_89),V(NODE5_82_90),V(NODE5_82_91),V(NODE5_82_92),V(NODE5_82_93),V(NODE5_82_94),V(NODE5_82_95),V(NODE5_82_96),V(NODE5_82_97),V(NODE5_82_98),V(NODE5_82_99),V(NODE5_83_0),V(NODE5_83_1),V(NODE5_83_2),V(NODE5_83_3),V(NODE5_83_4),V(NODE5_83_5),V(NODE5_83_6),V(NODE5_83_7),V(NODE5_83_8),V(NODE5_83_9),V(NODE5_83_10),V(NODE5_83_11),V(NODE5_83_12),V(NODE5_83_13),V(NODE5_83_14),V(NODE5_83_15),V(NODE5_83_16),V(NODE5_83_17),V(NODE5_83_18),V(NODE5_83_19),V(NODE5_83_20),V(NODE5_83_21),V(NODE5_83_22),V(NODE5_83_23),V(NODE5_83_24),V(NODE5_83_25),V(NODE5_83_26),V(NODE5_83_27),V(NODE5_83_28),V(NODE5_83_29),V(NODE5_83_30),V(NODE5_83_31),V(NODE5_83_32),V(NODE5_83_33),V(NODE5_83_34),V(NODE5_83_35),V(NODE5_83_36),V(NODE5_83_37),V(NODE5_83_38),V(NODE5_83_39),V(NODE5_83_40),V(NODE5_83_41),V(NODE5_83_42),V(NODE5_83_43),V(NODE5_83_44),V(NODE5_83_45),V(NODE5_83_46),V(NODE5_83_47),V(NODE5_83_48),V(NODE5_83_49),V(NODE5_83_50),V(NODE5_83_51),V(NODE5_83_52),V(NODE5_83_53),V(NODE5_83_54),V(NODE5_83_55),V(NODE5_83_56),V(NODE5_83_57),V(NODE5_83_58),V(NODE5_83_59),V(NODE5_83_60),V(NODE5_83_61),V(NODE5_83_62),V(NODE5_83_63),V(NODE5_83_64),V(NODE5_83_65),V(NODE5_83_66),V(NODE5_83_67),V(NODE5_83_68),V(NODE5_83_69),V(NODE5_83_70),V(NODE5_83_71),V(NODE5_83_72),V(NODE5_83_73),V(NODE5_83_74),V(NODE5_83_75),V(NODE5_83_76),V(NODE5_83_77),V(NODE5_83_78),V(NODE5_83_79),V(NODE5_83_80),V(NODE5_83_81),V(NODE5_83_82),V(NODE5_83_83),V(NODE5_83_84),V(NODE5_83_85),V(NODE5_83_86),V(NODE5_83_87),V(NODE5_83_88),V(NODE5_83_89),V(NODE5_83_90),V(NODE5_83_91),V(NODE5_83_92),V(NODE5_83_93),V(NODE5_83_94),V(NODE5_83_95),V(NODE5_83_96),V(NODE5_83_97),V(NODE5_83_98),V(NODE5_83_99),V(NODE5_84_0),V(NODE5_84_1),V(NODE5_84_2),V(NODE5_84_3),V(NODE5_84_4),V(NODE5_84_5),V(NODE5_84_6),V(NODE5_84_7),V(NODE5_84_8),V(NODE5_84_9),V(NODE5_84_10),V(NODE5_84_11),V(NODE5_84_12),V(NODE5_84_13),V(NODE5_84_14),V(NODE5_84_15),V(NODE5_84_16),V(NODE5_84_17),V(NODE5_84_18),V(NODE5_84_19),V(NODE5_84_20),V(NODE5_84_21),V(NODE5_84_22),V(NODE5_84_23),V(NODE5_84_24),V(NODE5_84_25),V(NODE5_84_26),V(NODE5_84_27),V(NODE5_84_28),V(NODE5_84_29),V(NODE5_84_30),V(NODE5_84_31),V(NODE5_84_32),V(NODE5_84_33),V(NODE5_84_34),V(NODE5_84_35),V(NODE5_84_36),V(NODE5_84_37),V(NODE5_84_38),V(NODE5_84_39),V(NODE5_84_40),V(NODE5_84_41),V(NODE5_84_42),V(NODE5_84_43),V(NODE5_84_44),V(NODE5_84_45),V(NODE5_84_46),V(NODE5_84_47),V(NODE5_84_48),V(NODE5_84_49),V(NODE5_84_50),V(NODE5_84_51),V(NODE5_84_52),V(NODE5_84_53),V(NODE5_84_54),V(NODE5_84_55),V(NODE5_84_56),V(NODE5_84_57),V(NODE5_84_58),V(NODE5_84_59),V(NODE5_84_60),V(NODE5_84_61),V(NODE5_84_62),V(NODE5_84_63),V(NODE5_84_64),V(NODE5_84_65),V(NODE5_84_66),V(NODE5_84_67),V(NODE5_84_68),V(NODE5_84_69),V(NODE5_84_70),V(NODE5_84_71),V(NODE5_84_72),V(NODE5_84_73),V(NODE5_84_74),V(NODE5_84_75),V(NODE5_84_76),V(NODE5_84_77),V(NODE5_84_78),V(NODE5_84_79),V(NODE5_84_80),V(NODE5_84_81),V(NODE5_84_82),V(NODE5_84_83),V(NODE5_84_84),V(NODE5_84_85),V(NODE5_84_86),V(NODE5_84_87),V(NODE5_84_88),V(NODE5_84_89),V(NODE5_84_90),V(NODE5_84_91),V(NODE5_84_92),V(NODE5_84_93),V(NODE5_84_94),V(NODE5_84_95),V(NODE5_84_96),V(NODE5_84_97),V(NODE5_84_98),V(NODE5_84_99),V(NODE5_85_0),V(NODE5_85_1),V(NODE5_85_2),V(NODE5_85_3),V(NODE5_85_4),V(NODE5_85_5),V(NODE5_85_6),V(NODE5_85_7),V(NODE5_85_8),V(NODE5_85_9),V(NODE5_85_10),V(NODE5_85_11),V(NODE5_85_12),V(NODE5_85_13),V(NODE5_85_14),V(NODE5_85_15),V(NODE5_85_16),V(NODE5_85_17),V(NODE5_85_18),V(NODE5_85_19),V(NODE5_85_20),V(NODE5_85_21),V(NODE5_85_22),V(NODE5_85_23),V(NODE5_85_24),V(NODE5_85_25),V(NODE5_85_26),V(NODE5_85_27),V(NODE5_85_28),V(NODE5_85_29),V(NODE5_85_30),V(NODE5_85_31),V(NODE5_85_32),V(NODE5_85_33),V(NODE5_85_34),V(NODE5_85_35),V(NODE5_85_36),V(NODE5_85_37),V(NODE5_85_38),V(NODE5_85_39),V(NODE5_85_40),V(NODE5_85_41),V(NODE5_85_42),V(NODE5_85_43),V(NODE5_85_44),V(NODE5_85_45),V(NODE5_85_46),V(NODE5_85_47),V(NODE5_85_48),V(NODE5_85_49),V(NODE5_85_50),V(NODE5_85_51),V(NODE5_85_52),V(NODE5_85_53),V(NODE5_85_54),V(NODE5_85_55),V(NODE5_85_56),V(NODE5_85_57),V(NODE5_85_58),V(NODE5_85_59),V(NODE5_85_60),V(NODE5_85_61),V(NODE5_85_62),V(NODE5_85_63),V(NODE5_85_64),V(NODE5_85_65),V(NODE5_85_66),V(NODE5_85_67),V(NODE5_85_68),V(NODE5_85_69),V(NODE5_85_70),V(NODE5_85_71),V(NODE5_85_72),V(NODE5_85_73),V(NODE5_85_74),V(NODE5_85_75),V(NODE5_85_76),V(NODE5_85_77),V(NODE5_85_78),V(NODE5_85_79),V(NODE5_85_80),V(NODE5_85_81),V(NODE5_85_82),V(NODE5_85_83),V(NODE5_85_84),V(NODE5_85_85),V(NODE5_85_86),V(NODE5_85_87),V(NODE5_85_88),V(NODE5_85_89),V(NODE5_85_90),V(NODE5_85_91),V(NODE5_85_92),V(NODE5_85_93),V(NODE5_85_94),V(NODE5_85_95),V(NODE5_85_96),V(NODE5_85_97),V(NODE5_85_98),V(NODE5_85_99),V(NODE5_86_0),V(NODE5_86_1),V(NODE5_86_2),V(NODE5_86_3),V(NODE5_86_4),V(NODE5_86_5),V(NODE5_86_6),V(NODE5_86_7),V(NODE5_86_8),V(NODE5_86_9),V(NODE5_86_10),V(NODE5_86_11),V(NODE5_86_12),V(NODE5_86_13),V(NODE5_86_14),V(NODE5_86_15),V(NODE5_86_16),V(NODE5_86_17),V(NODE5_86_18),V(NODE5_86_19),V(NODE5_86_20),V(NODE5_86_21),V(NODE5_86_22),V(NODE5_86_23),V(NODE5_86_24),V(NODE5_86_25),V(NODE5_86_26),V(NODE5_86_27),V(NODE5_86_28),V(NODE5_86_29),V(NODE5_86_30),V(NODE5_86_31),V(NODE5_86_32),V(NODE5_86_33),V(NODE5_86_34),V(NODE5_86_35),V(NODE5_86_36),V(NODE5_86_37),V(NODE5_86_38),V(NODE5_86_39),V(NODE5_86_40),V(NODE5_86_41),V(NODE5_86_42),V(NODE5_86_43),V(NODE5_86_44),V(NODE5_86_45),V(NODE5_86_46),V(NODE5_86_47),V(NODE5_86_48),V(NODE5_86_49),V(NODE5_86_50),V(NODE5_86_51),V(NODE5_86_52),V(NODE5_86_53),V(NODE5_86_54),V(NODE5_86_55),V(NODE5_86_56),V(NODE5_86_57),V(NODE5_86_58),V(NODE5_86_59),V(NODE5_86_60),V(NODE5_86_61),V(NODE5_86_62),V(NODE5_86_63),V(NODE5_86_64),V(NODE5_86_65),V(NODE5_86_66),V(NODE5_86_67),V(NODE5_86_68),V(NODE5_86_69),V(NODE5_86_70),V(NODE5_86_71),V(NODE5_86_72),V(NODE5_86_73),V(NODE5_86_74),V(NODE5_86_75),V(NODE5_86_76),V(NODE5_86_77),V(NODE5_86_78),V(NODE5_86_79),V(NODE5_86_80),V(NODE5_86_81),V(NODE5_86_82),V(NODE5_86_83),V(NODE5_86_84),V(NODE5_86_85),V(NODE5_86_86),V(NODE5_86_87),V(NODE5_86_88),V(NODE5_86_89),V(NODE5_86_90),V(NODE5_86_91),V(NODE5_86_92),V(NODE5_86_93),V(NODE5_86_94),V(NODE5_86_95),V(NODE5_86_96),V(NODE5_86_97),V(NODE5_86_98),V(NODE5_86_99),V(NODE5_87_0),V(NODE5_87_1),V(NODE5_87_2),V(NODE5_87_3),V(NODE5_87_4),V(NODE5_87_5),V(NODE5_87_6),V(NODE5_87_7),V(NODE5_87_8),V(NODE5_87_9),V(NODE5_87_10),V(NODE5_87_11),V(NODE5_87_12),V(NODE5_87_13),V(NODE5_87_14),V(NODE5_87_15),V(NODE5_87_16),V(NODE5_87_17),V(NODE5_87_18),V(NODE5_87_19),V(NODE5_87_20),V(NODE5_87_21),V(NODE5_87_22),V(NODE5_87_23),V(NODE5_87_24),V(NODE5_87_25),V(NODE5_87_26),V(NODE5_87_27),V(NODE5_87_28),V(NODE5_87_29),V(NODE5_87_30),V(NODE5_87_31),V(NODE5_87_32),V(NODE5_87_33),V(NODE5_87_34),V(NODE5_87_35),V(NODE5_87_36),V(NODE5_87_37),V(NODE5_87_38),V(NODE5_87_39),V(NODE5_87_40),V(NODE5_87_41),V(NODE5_87_42),V(NODE5_87_43),V(NODE5_87_44),V(NODE5_87_45),V(NODE5_87_46),V(NODE5_87_47),V(NODE5_87_48),V(NODE5_87_49),V(NODE5_87_50),V(NODE5_87_51),V(NODE5_87_52),V(NODE5_87_53),V(NODE5_87_54),V(NODE5_87_55),V(NODE5_87_56),V(NODE5_87_57),V(NODE5_87_58),V(NODE5_87_59),V(NODE5_87_60),V(NODE5_87_61),V(NODE5_87_62),V(NODE5_87_63),V(NODE5_87_64),V(NODE5_87_65),V(NODE5_87_66),V(NODE5_87_67),V(NODE5_87_68),V(NODE5_87_69),V(NODE5_87_70),V(NODE5_87_71),V(NODE5_87_72),V(NODE5_87_73),V(NODE5_87_74),V(NODE5_87_75),V(NODE5_87_76),V(NODE5_87_77),V(NODE5_87_78),V(NODE5_87_79),V(NODE5_87_80),V(NODE5_87_81),V(NODE5_87_82),V(NODE5_87_83),V(NODE5_87_84),V(NODE5_87_85),V(NODE5_87_86),V(NODE5_87_87),V(NODE5_87_88),V(NODE5_87_89),V(NODE5_87_90),V(NODE5_87_91),V(NODE5_87_92),V(NODE5_87_93),V(NODE5_87_94),V(NODE5_87_95),V(NODE5_87_96),V(NODE5_87_97),V(NODE5_87_98),V(NODE5_87_99),V(NODE5_88_0),V(NODE5_88_1),V(NODE5_88_2),V(NODE5_88_3),V(NODE5_88_4),V(NODE5_88_5),V(NODE5_88_6),V(NODE5_88_7),V(NODE5_88_8),V(NODE5_88_9),V(NODE5_88_10),V(NODE5_88_11),V(NODE5_88_12),V(NODE5_88_13),V(NODE5_88_14),V(NODE5_88_15),V(NODE5_88_16),V(NODE5_88_17),V(NODE5_88_18),V(NODE5_88_19),V(NODE5_88_20),V(NODE5_88_21),V(NODE5_88_22),V(NODE5_88_23),V(NODE5_88_24),V(NODE5_88_25),V(NODE5_88_26),V(NODE5_88_27),V(NODE5_88_28),V(NODE5_88_29),V(NODE5_88_30),V(NODE5_88_31),V(NODE5_88_32),V(NODE5_88_33),V(NODE5_88_34),V(NODE5_88_35),V(NODE5_88_36),V(NODE5_88_37),V(NODE5_88_38),V(NODE5_88_39),V(NODE5_88_40),V(NODE5_88_41),V(NODE5_88_42),V(NODE5_88_43),V(NODE5_88_44),V(NODE5_88_45),V(NODE5_88_46),V(NODE5_88_47),V(NODE5_88_48),V(NODE5_88_49),V(NODE5_88_50),V(NODE5_88_51),V(NODE5_88_52),V(NODE5_88_53),V(NODE5_88_54),V(NODE5_88_55),V(NODE5_88_56),V(NODE5_88_57),V(NODE5_88_58),V(NODE5_88_59),V(NODE5_88_60),V(NODE5_88_61),V(NODE5_88_62),V(NODE5_88_63),V(NODE5_88_64),V(NODE5_88_65),V(NODE5_88_66),V(NODE5_88_67),V(NODE5_88_68),V(NODE5_88_69),V(NODE5_88_70),V(NODE5_88_71),V(NODE5_88_72),V(NODE5_88_73),V(NODE5_88_74),V(NODE5_88_75),V(NODE5_88_76),V(NODE5_88_77),V(NODE5_88_78),V(NODE5_88_79),V(NODE5_88_80),V(NODE5_88_81),V(NODE5_88_82),V(NODE5_88_83),V(NODE5_88_84),V(NODE5_88_85),V(NODE5_88_86),V(NODE5_88_87),V(NODE5_88_88),V(NODE5_88_89),V(NODE5_88_90),V(NODE5_88_91),V(NODE5_88_92),V(NODE5_88_93),V(NODE5_88_94),V(NODE5_88_95),V(NODE5_88_96),V(NODE5_88_97),V(NODE5_88_98),V(NODE5_88_99),V(NODE5_89_0),V(NODE5_89_1),V(NODE5_89_2),V(NODE5_89_3),V(NODE5_89_4),V(NODE5_89_5),V(NODE5_89_6),V(NODE5_89_7),V(NODE5_89_8),V(NODE5_89_9),V(NODE5_89_10),V(NODE5_89_11),V(NODE5_89_12),V(NODE5_89_13),V(NODE5_89_14),V(NODE5_89_15),V(NODE5_89_16),V(NODE5_89_17),V(NODE5_89_18),V(NODE5_89_19),V(NODE5_89_20),V(NODE5_89_21),V(NODE5_89_22),V(NODE5_89_23),V(NODE5_89_24),V(NODE5_89_25),V(NODE5_89_26),V(NODE5_89_27),V(NODE5_89_28),V(NODE5_89_29),V(NODE5_89_30),V(NODE5_89_31),V(NODE5_89_32),V(NODE5_89_33),V(NODE5_89_34),V(NODE5_89_35),V(NODE5_89_36),V(NODE5_89_37),V(NODE5_89_38),V(NODE5_89_39),V(NODE5_89_40),V(NODE5_89_41),V(NODE5_89_42),V(NODE5_89_43),V(NODE5_89_44),V(NODE5_89_45),V(NODE5_89_46),V(NODE5_89_47),V(NODE5_89_48),V(NODE5_89_49),V(NODE5_89_50),V(NODE5_89_51),V(NODE5_89_52),V(NODE5_89_53),V(NODE5_89_54),V(NODE5_89_55),V(NODE5_89_56),V(NODE5_89_57),V(NODE5_89_58),V(NODE5_89_59),V(NODE5_89_60),V(NODE5_89_61),V(NODE5_89_62),V(NODE5_89_63),V(NODE5_89_64),V(NODE5_89_65),V(NODE5_89_66),V(NODE5_89_67),V(NODE5_89_68),V(NODE5_89_69),V(NODE5_89_70),V(NODE5_89_71),V(NODE5_89_72),V(NODE5_89_73),V(NODE5_89_74),V(NODE5_89_75),V(NODE5_89_76),V(NODE5_89_77),V(NODE5_89_78),V(NODE5_89_79),V(NODE5_89_80),V(NODE5_89_81),V(NODE5_89_82),V(NODE5_89_83),V(NODE5_89_84),V(NODE5_89_85),V(NODE5_89_86),V(NODE5_89_87),V(NODE5_89_88),V(NODE5_89_89),V(NODE5_89_90),V(NODE5_89_91),V(NODE5_89_92),V(NODE5_89_93),V(NODE5_89_94),V(NODE5_89_95),V(NODE5_89_96),V(NODE5_89_97),V(NODE5_89_98),V(NODE5_89_99),V(NODE5_90_0),V(NODE5_90_1),V(NODE5_90_2),V(NODE5_90_3),V(NODE5_90_4),V(NODE5_90_5),V(NODE5_90_6),V(NODE5_90_7),V(NODE5_90_8),V(NODE5_90_9),V(NODE5_90_10),V(NODE5_90_11),V(NODE5_90_12),V(NODE5_90_13),V(NODE5_90_14),V(NODE5_90_15),V(NODE5_90_16),V(NODE5_90_17),V(NODE5_90_18),V(NODE5_90_19),V(NODE5_90_20),V(NODE5_90_21),V(NODE5_90_22),V(NODE5_90_23),V(NODE5_90_24),V(NODE5_90_25),V(NODE5_90_26),V(NODE5_90_27),V(NODE5_90_28),V(NODE5_90_29),V(NODE5_90_30),V(NODE5_90_31),V(NODE5_90_32),V(NODE5_90_33),V(NODE5_90_34),V(NODE5_90_35),V(NODE5_90_36),V(NODE5_90_37),V(NODE5_90_38),V(NODE5_90_39),V(NODE5_90_40),V(NODE5_90_41),V(NODE5_90_42),V(NODE5_90_43),V(NODE5_90_44),V(NODE5_90_45),V(NODE5_90_46),V(NODE5_90_47),V(NODE5_90_48),V(NODE5_90_49),V(NODE5_90_50),V(NODE5_90_51),V(NODE5_90_52),V(NODE5_90_53),V(NODE5_90_54),V(NODE5_90_55),V(NODE5_90_56),V(NODE5_90_57),V(NODE5_90_58),V(NODE5_90_59),V(NODE5_90_60),V(NODE5_90_61),V(NODE5_90_62),V(NODE5_90_63),V(NODE5_90_64),V(NODE5_90_65),V(NODE5_90_66),V(NODE5_90_67),V(NODE5_90_68),V(NODE5_90_69),V(NODE5_90_70),V(NODE5_90_71),V(NODE5_90_72),V(NODE5_90_73),V(NODE5_90_74),V(NODE5_90_75),V(NODE5_90_76),V(NODE5_90_77),V(NODE5_90_78),V(NODE5_90_79),V(NODE5_90_80),V(NODE5_90_81),V(NODE5_90_82),V(NODE5_90_83),V(NODE5_90_84),V(NODE5_90_85),V(NODE5_90_86),V(NODE5_90_87),V(NODE5_90_88),V(NODE5_90_89),V(NODE5_90_90),V(NODE5_90_91),V(NODE5_90_92),V(NODE5_90_93),V(NODE5_90_94),V(NODE5_90_95),V(NODE5_90_96),V(NODE5_90_97),V(NODE5_90_98),V(NODE5_90_99),V(NODE5_91_0),V(NODE5_91_1),V(NODE5_91_2),V(NODE5_91_3),V(NODE5_91_4),V(NODE5_91_5),V(NODE5_91_6),V(NODE5_91_7),V(NODE5_91_8),V(NODE5_91_9),V(NODE5_91_10),V(NODE5_91_11),V(NODE5_91_12),V(NODE5_91_13),V(NODE5_91_14),V(NODE5_91_15),V(NODE5_91_16),V(NODE5_91_17),V(NODE5_91_18),V(NODE5_91_19),V(NODE5_91_20),V(NODE5_91_21),V(NODE5_91_22),V(NODE5_91_23),V(NODE5_91_24),V(NODE5_91_25),V(NODE5_91_26),V(NODE5_91_27),V(NODE5_91_28),V(NODE5_91_29),V(NODE5_91_30),V(NODE5_91_31),V(NODE5_91_32),V(NODE5_91_33),V(NODE5_91_34),V(NODE5_91_35),V(NODE5_91_36),V(NODE5_91_37),V(NODE5_91_38),V(NODE5_91_39),V(NODE5_91_40),V(NODE5_91_41),V(NODE5_91_42),V(NODE5_91_43),V(NODE5_91_44),V(NODE5_91_45),V(NODE5_91_46),V(NODE5_91_47),V(NODE5_91_48),V(NODE5_91_49),V(NODE5_91_50),V(NODE5_91_51),V(NODE5_91_52),V(NODE5_91_53),V(NODE5_91_54),V(NODE5_91_55),V(NODE5_91_56),V(NODE5_91_57),V(NODE5_91_58),V(NODE5_91_59),V(NODE5_91_60),V(NODE5_91_61),V(NODE5_91_62),V(NODE5_91_63),V(NODE5_91_64),V(NODE5_91_65),V(NODE5_91_66),V(NODE5_91_67),V(NODE5_91_68),V(NODE5_91_69),V(NODE5_91_70),V(NODE5_91_71),V(NODE5_91_72),V(NODE5_91_73),V(NODE5_91_74),V(NODE5_91_75),V(NODE5_91_76),V(NODE5_91_77),V(NODE5_91_78),V(NODE5_91_79),V(NODE5_91_80),V(NODE5_91_81),V(NODE5_91_82),V(NODE5_91_83),V(NODE5_91_84),V(NODE5_91_85),V(NODE5_91_86),V(NODE5_91_87),V(NODE5_91_88),V(NODE5_91_89),V(NODE5_91_90),V(NODE5_91_91),V(NODE5_91_92),V(NODE5_91_93),V(NODE5_91_94),V(NODE5_91_95),V(NODE5_91_96),V(NODE5_91_97),V(NODE5_91_98),V(NODE5_91_99),V(NODE5_92_0),V(NODE5_92_1),V(NODE5_92_2),V(NODE5_92_3),V(NODE5_92_4),V(NODE5_92_5),V(NODE5_92_6),V(NODE5_92_7),V(NODE5_92_8),V(NODE5_92_9),V(NODE5_92_10),V(NODE5_92_11),V(NODE5_92_12),V(NODE5_92_13),V(NODE5_92_14),V(NODE5_92_15),V(NODE5_92_16),V(NODE5_92_17),V(NODE5_92_18),V(NODE5_92_19),V(NODE5_92_20),V(NODE5_92_21),V(NODE5_92_22),V(NODE5_92_23),V(NODE5_92_24),V(NODE5_92_25),V(NODE5_92_26),V(NODE5_92_27),V(NODE5_92_28),V(NODE5_92_29),V(NODE5_92_30),V(NODE5_92_31),V(NODE5_92_32),V(NODE5_92_33),V(NODE5_92_34),V(NODE5_92_35),V(NODE5_92_36),V(NODE5_92_37),V(NODE5_92_38),V(NODE5_92_39),V(NODE5_92_40),V(NODE5_92_41),V(NODE5_92_42),V(NODE5_92_43),V(NODE5_92_44),V(NODE5_92_45),V(NODE5_92_46),V(NODE5_92_47),V(NODE5_92_48),V(NODE5_92_49),V(NODE5_92_50),V(NODE5_92_51),V(NODE5_92_52),V(NODE5_92_53),V(NODE5_92_54),V(NODE5_92_55),V(NODE5_92_56),V(NODE5_92_57),V(NODE5_92_58),V(NODE5_92_59),V(NODE5_92_60),V(NODE5_92_61),V(NODE5_92_62),V(NODE5_92_63),V(NODE5_92_64),V(NODE5_92_65),V(NODE5_92_66),V(NODE5_92_67),V(NODE5_92_68),V(NODE5_92_69),V(NODE5_92_70),V(NODE5_92_71),V(NODE5_92_72),V(NODE5_92_73),V(NODE5_92_74),V(NODE5_92_75),V(NODE5_92_76),V(NODE5_92_77),V(NODE5_92_78),V(NODE5_92_79),V(NODE5_92_80),V(NODE5_92_81),V(NODE5_92_82),V(NODE5_92_83),V(NODE5_92_84),V(NODE5_92_85),V(NODE5_92_86),V(NODE5_92_87),V(NODE5_92_88),V(NODE5_92_89),V(NODE5_92_90),V(NODE5_92_91),V(NODE5_92_92),V(NODE5_92_93),V(NODE5_92_94),V(NODE5_92_95),V(NODE5_92_96),V(NODE5_92_97),V(NODE5_92_98),V(NODE5_92_99),V(NODE5_93_0),V(NODE5_93_1),V(NODE5_93_2),V(NODE5_93_3),V(NODE5_93_4),V(NODE5_93_5),V(NODE5_93_6),V(NODE5_93_7),V(NODE5_93_8),V(NODE5_93_9),V(NODE5_93_10),V(NODE5_93_11),V(NODE5_93_12),V(NODE5_93_13),V(NODE5_93_14),V(NODE5_93_15),V(NODE5_93_16),V(NODE5_93_17),V(NODE5_93_18),V(NODE5_93_19),V(NODE5_93_20),V(NODE5_93_21),V(NODE5_93_22),V(NODE5_93_23),V(NODE5_93_24),V(NODE5_93_25),V(NODE5_93_26),V(NODE5_93_27),V(NODE5_93_28),V(NODE5_93_29),V(NODE5_93_30),V(NODE5_93_31),V(NODE5_93_32),V(NODE5_93_33),V(NODE5_93_34),V(NODE5_93_35),V(NODE5_93_36),V(NODE5_93_37),V(NODE5_93_38),V(NODE5_93_39),V(NODE5_93_40),V(NODE5_93_41),V(NODE5_93_42),V(NODE5_93_43),V(NODE5_93_44),V(NODE5_93_45),V(NODE5_93_46),V(NODE5_93_47),V(NODE5_93_48),V(NODE5_93_49),V(NODE5_93_50),V(NODE5_93_51),V(NODE5_93_52),V(NODE5_93_53),V(NODE5_93_54),V(NODE5_93_55),V(NODE5_93_56),V(NODE5_93_57),V(NODE5_93_58),V(NODE5_93_59),V(NODE5_93_60),V(NODE5_93_61),V(NODE5_93_62),V(NODE5_93_63),V(NODE5_93_64),V(NODE5_93_65),V(NODE5_93_66),V(NODE5_93_67),V(NODE5_93_68),V(NODE5_93_69),V(NODE5_93_70),V(NODE5_93_71),V(NODE5_93_72),V(NODE5_93_73),V(NODE5_93_74),V(NODE5_93_75),V(NODE5_93_76),V(NODE5_93_77),V(NODE5_93_78),V(NODE5_93_79),V(NODE5_93_80),V(NODE5_93_81),V(NODE5_93_82),V(NODE5_93_83),V(NODE5_93_84),V(NODE5_93_85),V(NODE5_93_86),V(NODE5_93_87),V(NODE5_93_88),V(NODE5_93_89),V(NODE5_93_90),V(NODE5_93_91),V(NODE5_93_92),V(NODE5_93_93),V(NODE5_93_94),V(NODE5_93_95),V(NODE5_93_96),V(NODE5_93_97),V(NODE5_93_98),V(NODE5_93_99),V(NODE5_94_0),V(NODE5_94_1),V(NODE5_94_2),V(NODE5_94_3),V(NODE5_94_4),V(NODE5_94_5),V(NODE5_94_6),V(NODE5_94_7),V(NODE5_94_8),V(NODE5_94_9),V(NODE5_94_10),V(NODE5_94_11),V(NODE5_94_12),V(NODE5_94_13),V(NODE5_94_14),V(NODE5_94_15),V(NODE5_94_16),V(NODE5_94_17),V(NODE5_94_18),V(NODE5_94_19),V(NODE5_94_20),V(NODE5_94_21),V(NODE5_94_22),V(NODE5_94_23),V(NODE5_94_24),V(NODE5_94_25),V(NODE5_94_26),V(NODE5_94_27),V(NODE5_94_28),V(NODE5_94_29),V(NODE5_94_30),V(NODE5_94_31),V(NODE5_94_32),V(NODE5_94_33),V(NODE5_94_34),V(NODE5_94_35),V(NODE5_94_36),V(NODE5_94_37),V(NODE5_94_38),V(NODE5_94_39),V(NODE5_94_40),V(NODE5_94_41),V(NODE5_94_42),V(NODE5_94_43),V(NODE5_94_44),V(NODE5_94_45),V(NODE5_94_46),V(NODE5_94_47),V(NODE5_94_48),V(NODE5_94_49),V(NODE5_94_50),V(NODE5_94_51),V(NODE5_94_52),V(NODE5_94_53),V(NODE5_94_54),V(NODE5_94_55),V(NODE5_94_56),V(NODE5_94_57),V(NODE5_94_58),V(NODE5_94_59),V(NODE5_94_60),V(NODE5_94_61),V(NODE5_94_62),V(NODE5_94_63),V(NODE5_94_64),V(NODE5_94_65),V(NODE5_94_66),V(NODE5_94_67),V(NODE5_94_68),V(NODE5_94_69),V(NODE5_94_70),V(NODE5_94_71),V(NODE5_94_72),V(NODE5_94_73),V(NODE5_94_74),V(NODE5_94_75),V(NODE5_94_76),V(NODE5_94_77),V(NODE5_94_78),V(NODE5_94_79),V(NODE5_94_80),V(NODE5_94_81),V(NODE5_94_82),V(NODE5_94_83),V(NODE5_94_84),V(NODE5_94_85),V(NODE5_94_86),V(NODE5_94_87),V(NODE5_94_88),V(NODE5_94_89),V(NODE5_94_90),V(NODE5_94_91),V(NODE5_94_92),V(NODE5_94_93),V(NODE5_94_94),V(NODE5_94_95),V(NODE5_94_96),V(NODE5_94_97),V(NODE5_94_98),V(NODE5_94_99),V(NODE5_95_0),V(NODE5_95_1),V(NODE5_95_2),V(NODE5_95_3),V(NODE5_95_4),V(NODE5_95_5),V(NODE5_95_6),V(NODE5_95_7),V(NODE5_95_8),V(NODE5_95_9),V(NODE5_95_10),V(NODE5_95_11),V(NODE5_95_12),V(NODE5_95_13),V(NODE5_95_14),V(NODE5_95_15),V(NODE5_95_16),V(NODE5_95_17),V(NODE5_95_18),V(NODE5_95_19),V(NODE5_95_20),V(NODE5_95_21),V(NODE5_95_22),V(NODE5_95_23),V(NODE5_95_24),V(NODE5_95_25),V(NODE5_95_26),V(NODE5_95_27),V(NODE5_95_28),V(NODE5_95_29),V(NODE5_95_30),V(NODE5_95_31),V(NODE5_95_32),V(NODE5_95_33),V(NODE5_95_34),V(NODE5_95_35),V(NODE5_95_36),V(NODE5_95_37),V(NODE5_95_38),V(NODE5_95_39),V(NODE5_95_40),V(NODE5_95_41),V(NODE5_95_42),V(NODE5_95_43),V(NODE5_95_44),V(NODE5_95_45),V(NODE5_95_46),V(NODE5_95_47),V(NODE5_95_48),V(NODE5_95_49),V(NODE5_95_50),V(NODE5_95_51),V(NODE5_95_52),V(NODE5_95_53),V(NODE5_95_54),V(NODE5_95_55),V(NODE5_95_56),V(NODE5_95_57),V(NODE5_95_58),V(NODE5_95_59),V(NODE5_95_60),V(NODE5_95_61),V(NODE5_95_62),V(NODE5_95_63),V(NODE5_95_64),V(NODE5_95_65),V(NODE5_95_66),V(NODE5_95_67),V(NODE5_95_68),V(NODE5_95_69),V(NODE5_95_70),V(NODE5_95_71),V(NODE5_95_72),V(NODE5_95_73),V(NODE5_95_74),V(NODE5_95_75),V(NODE5_95_76),V(NODE5_95_77),V(NODE5_95_78),V(NODE5_95_79),V(NODE5_95_80),V(NODE5_95_81),V(NODE5_95_82),V(NODE5_95_83),V(NODE5_95_84),V(NODE5_95_85),V(NODE5_95_86),V(NODE5_95_87),V(NODE5_95_88),V(NODE5_95_89),V(NODE5_95_90),V(NODE5_95_91),V(NODE5_95_92),V(NODE5_95_93),V(NODE5_95_94),V(NODE5_95_95),V(NODE5_95_96),V(NODE5_95_97),V(NODE5_95_98),V(NODE5_95_99),V(NODE5_96_0),V(NODE5_96_1),V(NODE5_96_2),V(NODE5_96_3),V(NODE5_96_4),V(NODE5_96_5),V(NODE5_96_6),V(NODE5_96_7),V(NODE5_96_8),V(NODE5_96_9),V(NODE5_96_10),V(NODE5_96_11),V(NODE5_96_12),V(NODE5_96_13),V(NODE5_96_14),V(NODE5_96_15),V(NODE5_96_16),V(NODE5_96_17),V(NODE5_96_18),V(NODE5_96_19),V(NODE5_96_20),V(NODE5_96_21),V(NODE5_96_22),V(NODE5_96_23),V(NODE5_96_24),V(NODE5_96_25),V(NODE5_96_26),V(NODE5_96_27),V(NODE5_96_28),V(NODE5_96_29),V(NODE5_96_30),V(NODE5_96_31),V(NODE5_96_32),V(NODE5_96_33),V(NODE5_96_34),V(NODE5_96_35),V(NODE5_96_36),V(NODE5_96_37),V(NODE5_96_38),V(NODE5_96_39),V(NODE5_96_40),V(NODE5_96_41),V(NODE5_96_42),V(NODE5_96_43),V(NODE5_96_44),V(NODE5_96_45),V(NODE5_96_46),V(NODE5_96_47),V(NODE5_96_48),V(NODE5_96_49),V(NODE5_96_50),V(NODE5_96_51),V(NODE5_96_52),V(NODE5_96_53),V(NODE5_96_54),V(NODE5_96_55),V(NODE5_96_56),V(NODE5_96_57),V(NODE5_96_58),V(NODE5_96_59),V(NODE5_96_60),V(NODE5_96_61),V(NODE5_96_62),V(NODE5_96_63),V(NODE5_96_64),V(NODE5_96_65),V(NODE5_96_66),V(NODE5_96_67),V(NODE5_96_68),V(NODE5_96_69),V(NODE5_96_70),V(NODE5_96_71),V(NODE5_96_72),V(NODE5_96_73),V(NODE5_96_74),V(NODE5_96_75),V(NODE5_96_76),V(NODE5_96_77),V(NODE5_96_78),V(NODE5_96_79),V(NODE5_96_80),V(NODE5_96_81),V(NODE5_96_82),V(NODE5_96_83),V(NODE5_96_84),V(NODE5_96_85),V(NODE5_96_86),V(NODE5_96_87),V(NODE5_96_88),V(NODE5_96_89),V(NODE5_96_90),V(NODE5_96_91),V(NODE5_96_92),V(NODE5_96_93),V(NODE5_96_94),V(NODE5_96_95),V(NODE5_96_96),V(NODE5_96_97),V(NODE5_96_98),V(NODE5_96_99),V(NODE5_97_0),V(NODE5_97_1),V(NODE5_97_2),V(NODE5_97_3),V(NODE5_97_4),V(NODE5_97_5),V(NODE5_97_6),V(NODE5_97_7),V(NODE5_97_8),V(NODE5_97_9),V(NODE5_97_10),V(NODE5_97_11),V(NODE5_97_12),V(NODE5_97_13),V(NODE5_97_14),V(NODE5_97_15),V(NODE5_97_16),V(NODE5_97_17),V(NODE5_97_18),V(NODE5_97_19),V(NODE5_97_20),V(NODE5_97_21),V(NODE5_97_22),V(NODE5_97_23),V(NODE5_97_24),V(NODE5_97_25),V(NODE5_97_26),V(NODE5_97_27),V(NODE5_97_28),V(NODE5_97_29),V(NODE5_97_30),V(NODE5_97_31),V(NODE5_97_32),V(NODE5_97_33),V(NODE5_97_34),V(NODE5_97_35),V(NODE5_97_36),V(NODE5_97_37),V(NODE5_97_38),V(NODE5_97_39),V(NODE5_97_40),V(NODE5_97_41),V(NODE5_97_42),V(NODE5_97_43),V(NODE5_97_44),V(NODE5_97_45),V(NODE5_97_46),V(NODE5_97_47),V(NODE5_97_48),V(NODE5_97_49),V(NODE5_97_50),V(NODE5_97_51),V(NODE5_97_52),V(NODE5_97_53),V(NODE5_97_54),V(NODE5_97_55),V(NODE5_97_56),V(NODE5_97_57),V(NODE5_97_58),V(NODE5_97_59),V(NODE5_97_60),V(NODE5_97_61),V(NODE5_97_62),V(NODE5_97_63),V(NODE5_97_64),V(NODE5_97_65),V(NODE5_97_66),V(NODE5_97_67),V(NODE5_97_68),V(NODE5_97_69),V(NODE5_97_70),V(NODE5_97_71),V(NODE5_97_72),V(NODE5_97_73),V(NODE5_97_74),V(NODE5_97_75),V(NODE5_97_76),V(NODE5_97_77),V(NODE5_97_78),V(NODE5_97_79),V(NODE5_97_80),V(NODE5_97_81),V(NODE5_97_82),V(NODE5_97_83),V(NODE5_97_84),V(NODE5_97_85),V(NODE5_97_86),V(NODE5_97_87),V(NODE5_97_88),V(NODE5_97_89),V(NODE5_97_90),V(NODE5_97_91),V(NODE5_97_92),V(NODE5_97_93),V(NODE5_97_94),V(NODE5_97_95),V(NODE5_97_96),V(NODE5_97_97),V(NODE5_97_98),V(NODE5_97_99),V(NODE5_98_0),V(NODE5_98_1),V(NODE5_98_2),V(NODE5_98_3),V(NODE5_98_4),V(NODE5_98_5),V(NODE5_98_6),V(NODE5_98_7),V(NODE5_98_8),V(NODE5_98_9),V(NODE5_98_10),V(NODE5_98_11),V(NODE5_98_12),V(NODE5_98_13),V(NODE5_98_14),V(NODE5_98_15),V(NODE5_98_16),V(NODE5_98_17),V(NODE5_98_18),V(NODE5_98_19),V(NODE5_98_20),V(NODE5_98_21),V(NODE5_98_22),V(NODE5_98_23),V(NODE5_98_24),V(NODE5_98_25),V(NODE5_98_26),V(NODE5_98_27),V(NODE5_98_28),V(NODE5_98_29),V(NODE5_98_30),V(NODE5_98_31),V(NODE5_98_32),V(NODE5_98_33),V(NODE5_98_34),V(NODE5_98_35),V(NODE5_98_36),V(NODE5_98_37),V(NODE5_98_38),V(NODE5_98_39),V(NODE5_98_40),V(NODE5_98_41),V(NODE5_98_42),V(NODE5_98_43),V(NODE5_98_44),V(NODE5_98_45),V(NODE5_98_46),V(NODE5_98_47),V(NODE5_98_48),V(NODE5_98_49),V(NODE5_98_50),V(NODE5_98_51),V(NODE5_98_52),V(NODE5_98_53),V(NODE5_98_54),V(NODE5_98_55),V(NODE5_98_56),V(NODE5_98_57),V(NODE5_98_58),V(NODE5_98_59),V(NODE5_98_60),V(NODE5_98_61),V(NODE5_98_62),V(NODE5_98_63),V(NODE5_98_64),V(NODE5_98_65),V(NODE5_98_66),V(NODE5_98_67),V(NODE5_98_68),V(NODE5_98_69),V(NODE5_98_70),V(NODE5_98_71),V(NODE5_98_72),V(NODE5_98_73),V(NODE5_98_74),V(NODE5_98_75),V(NODE5_98_76),V(NODE5_98_77),V(NODE5_98_78),V(NODE5_98_79),V(NODE5_98_80),V(NODE5_98_81),V(NODE5_98_82),V(NODE5_98_83),V(NODE5_98_84),V(NODE5_98_85),V(NODE5_98_86),V(NODE5_98_87),V(NODE5_98_88),V(NODE5_98_89),V(NODE5_98_90),V(NODE5_98_91),V(NODE5_98_92),V(NODE5_98_93),V(NODE5_98_94),V(NODE5_98_95),V(NODE5_98_96),V(NODE5_98_97),V(NODE5_98_98),V(NODE5_98_99),V(NODE5_99_0),V(NODE5_99_1),V(NODE5_99_2),V(NODE5_99_3),V(NODE5_99_4),V(NODE5_99_5),V(NODE5_99_6),V(NODE5_99_7),V(NODE5_99_8),V(NODE5_99_9),V(NODE5_99_10),V(NODE5_99_11),V(NODE5_99_12),V(NODE5_99_13),V(NODE5_99_14),V(NODE5_99_15),V(NODE5_99_16),V(NODE5_99_17),V(NODE5_99_18),V(NODE5_99_19),V(NODE5_99_20),V(NODE5_99_21),V(NODE5_99_22),V(NODE5_99_23),V(NODE5_99_24),V(NODE5_99_25),V(NODE5_99_26),V(NODE5_99_27),V(NODE5_99_28),V(NODE5_99_29),V(NODE5_99_30),V(NODE5_99_31),V(NODE5_99_32),V(NODE5_99_33),V(NODE5_99_34),V(NODE5_99_35),V(NODE5_99_36),V(NODE5_99_37),V(NODE5_99_38),V(NODE5_99_39),V(NODE5_99_40),V(NODE5_99_41),V(NODE5_99_42),V(NODE5_99_43),V(NODE5_99_44),V(NODE5_99_45),V(NODE5_99_46),V(NODE5_99_47),V(NODE5_99_48),V(NODE5_99_49),V(NODE5_99_50),V(NODE5_99_51),V(NODE5_99_52),V(NODE5_99_53),V(NODE5_99_54),V(NODE5_99_55),V(NODE5_99_56),V(NODE5_99_57),V(NODE5_99_58),V(NODE5_99_59),V(NODE5_99_60),V(NODE5_99_61),V(NODE5_99_62),V(NODE5_99_63),V(NODE5_99_64),V(NODE5_99_65),V(NODE5_99_66),V(NODE5_99_67),V(NODE5_99_68),V(NODE5_99_69),V(NODE5_99_70),V(NODE5_99_71),V(NODE5_99_72),V(NODE5_99_73),V(NODE5_99_74),V(NODE5_99_75),V(NODE5_99_76),V(NODE5_99_77),V(NODE5_99_78),V(NODE5_99_79),V(NODE5_99_80),V(NODE5_99_81),V(NODE5_99_82),V(NODE5_99_83),V(NODE5_99_84),V(NODE5_99_85),V(NODE5_99_86),V(NODE5_99_87),V(NODE5_99_88),V(NODE5_99_89),V(NODE5_99_90),V(NODE5_99_91),V(NODE5_99_92),V(NODE5_99_93),V(NODE5_99_94),V(NODE5_99_95),V(NODE5_99_96),V(NODE5_99_97),V(NODE5_99_98),V(NODE5_99_99),V(NODE6_0_0),V(NODE6_0_1),V(NODE6_0_2),V(NODE6_0_3),V(NODE6_0_4),V(NODE6_0_5),V(NODE6_0_6),V(NODE6_0_7),V(NODE6_0_8),V(NODE6_0_9),V(NODE6_0_10),V(NODE6_0_11),V(NODE6_0_12),V(NODE6_0_13),V(NODE6_0_14),V(NODE6_0_15),V(NODE6_0_16),V(NODE6_0_17),V(NODE6_0_18),V(NODE6_0_19),V(NODE6_0_20),V(NODE6_0_21),V(NODE6_0_22),V(NODE6_0_23),V(NODE6_0_24),V(NODE6_0_25),V(NODE6_0_26),V(NODE6_0_27),V(NODE6_0_28),V(NODE6_0_29),V(NODE6_0_30),V(NODE6_0_31),V(NODE6_0_32),V(NODE6_0_33),V(NODE6_0_34),V(NODE6_0_35),V(NODE6_0_36),V(NODE6_0_37),V(NODE6_0_38),V(NODE6_0_39),V(NODE6_0_40),V(NODE6_0_41),V(NODE6_0_42),V(NODE6_0_43),V(NODE6_0_44),V(NODE6_0_45),V(NODE6_0_46),V(NODE6_0_47),V(NODE6_0_48),V(NODE6_0_49),V(NODE6_0_50),V(NODE6_0_51),V(NODE6_0_52),V(NODE6_0_53),V(NODE6_0_54),V(NODE6_0_55),V(NODE6_0_56),V(NODE6_0_57),V(NODE6_0_58),V(NODE6_0_59),V(NODE6_0_60),V(NODE6_0_61),V(NODE6_0_62),V(NODE6_0_63),V(NODE6_0_64),V(NODE6_0_65),V(NODE6_0_66),V(NODE6_0_67),V(NODE6_0_68),V(NODE6_0_69),V(NODE6_0_70),V(NODE6_0_71),V(NODE6_0_72),V(NODE6_0_73),V(NODE6_0_74),V(NODE6_0_75),V(NODE6_0_76),V(NODE6_0_77),V(NODE6_0_78),V(NODE6_0_79),V(NODE6_0_80),V(NODE6_0_81),V(NODE6_0_82),V(NODE6_0_83),V(NODE6_0_84),V(NODE6_0_85),V(NODE6_0_86),V(NODE6_0_87),V(NODE6_0_88),V(NODE6_0_89),V(NODE6_0_90),V(NODE6_0_91),V(NODE6_0_92),V(NODE6_0_93),V(NODE6_0_94),V(NODE6_0_95),V(NODE6_0_96),V(NODE6_0_97),V(NODE6_0_98),V(NODE6_0_99),V(NODE6_1_0),V(NODE6_1_1),V(NODE6_1_2),V(NODE6_1_3),V(NODE6_1_4),V(NODE6_1_5),V(NODE6_1_6),V(NODE6_1_7),V(NODE6_1_8),V(NODE6_1_9),V(NODE6_1_10),V(NODE6_1_11),V(NODE6_1_12),V(NODE6_1_13),V(NODE6_1_14),V(NODE6_1_15),V(NODE6_1_16),V(NODE6_1_17),V(NODE6_1_18),V(NODE6_1_19),V(NODE6_1_20),V(NODE6_1_21),V(NODE6_1_22),V(NODE6_1_23),V(NODE6_1_24),V(NODE6_1_25),V(NODE6_1_26),V(NODE6_1_27),V(NODE6_1_28),V(NODE6_1_29),V(NODE6_1_30),V(NODE6_1_31),V(NODE6_1_32),V(NODE6_1_33),V(NODE6_1_34),V(NODE6_1_35),V(NODE6_1_36),V(NODE6_1_37),V(NODE6_1_38),V(NODE6_1_39),V(NODE6_1_40),V(NODE6_1_41),V(NODE6_1_42),V(NODE6_1_43),V(NODE6_1_44),V(NODE6_1_45),V(NODE6_1_46),V(NODE6_1_47),V(NODE6_1_48),V(NODE6_1_49),V(NODE6_1_50),V(NODE6_1_51),V(NODE6_1_52),V(NODE6_1_53),V(NODE6_1_54),V(NODE6_1_55),V(NODE6_1_56),V(NODE6_1_57),V(NODE6_1_58),V(NODE6_1_59),V(NODE6_1_60),V(NODE6_1_61),V(NODE6_1_62),V(NODE6_1_63),V(NODE6_1_64),V(NODE6_1_65),V(NODE6_1_66),V(NODE6_1_67),V(NODE6_1_68),V(NODE6_1_69),V(NODE6_1_70),V(NODE6_1_71),V(NODE6_1_72),V(NODE6_1_73),V(NODE6_1_74),V(NODE6_1_75),V(NODE6_1_76),V(NODE6_1_77),V(NODE6_1_78),V(NODE6_1_79),V(NODE6_1_80),V(NODE6_1_81),V(NODE6_1_82),V(NODE6_1_83),V(NODE6_1_84),V(NODE6_1_85),V(NODE6_1_86),V(NODE6_1_87),V(NODE6_1_88),V(NODE6_1_89),V(NODE6_1_90),V(NODE6_1_91),V(NODE6_1_92),V(NODE6_1_93),V(NODE6_1_94),V(NODE6_1_95),V(NODE6_1_96),V(NODE6_1_97),V(NODE6_1_98),V(NODE6_1_99),V(NODE6_2_0),V(NODE6_2_1),V(NODE6_2_2),V(NODE6_2_3),V(NODE6_2_4),V(NODE6_2_5),V(NODE6_2_6),V(NODE6_2_7),V(NODE6_2_8),V(NODE6_2_9),V(NODE6_2_10),V(NODE6_2_11),V(NODE6_2_12),V(NODE6_2_13),V(NODE6_2_14),V(NODE6_2_15),V(NODE6_2_16),V(NODE6_2_17),V(NODE6_2_18),V(NODE6_2_19),V(NODE6_2_20),V(NODE6_2_21),V(NODE6_2_22),V(NODE6_2_23),V(NODE6_2_24),V(NODE6_2_25),V(NODE6_2_26),V(NODE6_2_27),V(NODE6_2_28),V(NODE6_2_29),V(NODE6_2_30),V(NODE6_2_31),V(NODE6_2_32),V(NODE6_2_33),V(NODE6_2_34),V(NODE6_2_35),V(NODE6_2_36),V(NODE6_2_37),V(NODE6_2_38),V(NODE6_2_39),V(NODE6_2_40),V(NODE6_2_41),V(NODE6_2_42),V(NODE6_2_43),V(NODE6_2_44),V(NODE6_2_45),V(NODE6_2_46),V(NODE6_2_47),V(NODE6_2_48),V(NODE6_2_49),V(NODE6_2_50),V(NODE6_2_51),V(NODE6_2_52),V(NODE6_2_53),V(NODE6_2_54),V(NODE6_2_55),V(NODE6_2_56),V(NODE6_2_57),V(NODE6_2_58),V(NODE6_2_59),V(NODE6_2_60),V(NODE6_2_61),V(NODE6_2_62),V(NODE6_2_63),V(NODE6_2_64),V(NODE6_2_65),V(NODE6_2_66),V(NODE6_2_67),V(NODE6_2_68),V(NODE6_2_69),V(NODE6_2_70),V(NODE6_2_71),V(NODE6_2_72),V(NODE6_2_73),V(NODE6_2_74),V(NODE6_2_75),V(NODE6_2_76),V(NODE6_2_77),V(NODE6_2_78),V(NODE6_2_79),V(NODE6_2_80),V(NODE6_2_81),V(NODE6_2_82),V(NODE6_2_83),V(NODE6_2_84),V(NODE6_2_85),V(NODE6_2_86),V(NODE6_2_87),V(NODE6_2_88),V(NODE6_2_89),V(NODE6_2_90),V(NODE6_2_91),V(NODE6_2_92),V(NODE6_2_93),V(NODE6_2_94),V(NODE6_2_95),V(NODE6_2_96),V(NODE6_2_97),V(NODE6_2_98),V(NODE6_2_99),V(NODE6_3_0),V(NODE6_3_1),V(NODE6_3_2),V(NODE6_3_3),V(NODE6_3_4),V(NODE6_3_5),V(NODE6_3_6),V(NODE6_3_7),V(NODE6_3_8),V(NODE6_3_9),V(NODE6_3_10),V(NODE6_3_11),V(NODE6_3_12),V(NODE6_3_13),V(NODE6_3_14),V(NODE6_3_15),V(NODE6_3_16),V(NODE6_3_17),V(NODE6_3_18),V(NODE6_3_19),V(NODE6_3_20),V(NODE6_3_21),V(NODE6_3_22),V(NODE6_3_23),V(NODE6_3_24),V(NODE6_3_25),V(NODE6_3_26),V(NODE6_3_27),V(NODE6_3_28),V(NODE6_3_29),V(NODE6_3_30),V(NODE6_3_31),V(NODE6_3_32),V(NODE6_3_33),V(NODE6_3_34),V(NODE6_3_35),V(NODE6_3_36),V(NODE6_3_37),V(NODE6_3_38),V(NODE6_3_39),V(NODE6_3_40),V(NODE6_3_41),V(NODE6_3_42),V(NODE6_3_43),V(NODE6_3_44),V(NODE6_3_45),V(NODE6_3_46),V(NODE6_3_47),V(NODE6_3_48),V(NODE6_3_49),V(NODE6_3_50),V(NODE6_3_51),V(NODE6_3_52),V(NODE6_3_53),V(NODE6_3_54),V(NODE6_3_55),V(NODE6_3_56),V(NODE6_3_57),V(NODE6_3_58),V(NODE6_3_59),V(NODE6_3_60),V(NODE6_3_61),V(NODE6_3_62),V(NODE6_3_63),V(NODE6_3_64),V(NODE6_3_65),V(NODE6_3_66),V(NODE6_3_67),V(NODE6_3_68),V(NODE6_3_69),V(NODE6_3_70),V(NODE6_3_71),V(NODE6_3_72),V(NODE6_3_73),V(NODE6_3_74),V(NODE6_3_75),V(NODE6_3_76),V(NODE6_3_77),V(NODE6_3_78),V(NODE6_3_79),V(NODE6_3_80),V(NODE6_3_81),V(NODE6_3_82),V(NODE6_3_83),V(NODE6_3_84),V(NODE6_3_85),V(NODE6_3_86),V(NODE6_3_87),V(NODE6_3_88),V(NODE6_3_89),V(NODE6_3_90),V(NODE6_3_91),V(NODE6_3_92),V(NODE6_3_93),V(NODE6_3_94),V(NODE6_3_95),V(NODE6_3_96),V(NODE6_3_97),V(NODE6_3_98),V(NODE6_3_99),V(NODE6_4_0),V(NODE6_4_1),V(NODE6_4_2),V(NODE6_4_3),V(NODE6_4_4),V(NODE6_4_5),V(NODE6_4_6),V(NODE6_4_7),V(NODE6_4_8),V(NODE6_4_9),V(NODE6_4_10),V(NODE6_4_11),V(NODE6_4_12),V(NODE6_4_13),V(NODE6_4_14),V(NODE6_4_15),V(NODE6_4_16),V(NODE6_4_17),V(NODE6_4_18),V(NODE6_4_19),V(NODE6_4_20),V(NODE6_4_21),V(NODE6_4_22),V(NODE6_4_23),V(NODE6_4_24),V(NODE6_4_25),V(NODE6_4_26),V(NODE6_4_27),V(NODE6_4_28),V(NODE6_4_29),V(NODE6_4_30),V(NODE6_4_31),V(NODE6_4_32),V(NODE6_4_33),V(NODE6_4_34),V(NODE6_4_35),V(NODE6_4_36),V(NODE6_4_37),V(NODE6_4_38),V(NODE6_4_39),V(NODE6_4_40),V(NODE6_4_41),V(NODE6_4_42),V(NODE6_4_43),V(NODE6_4_44),V(NODE6_4_45),V(NODE6_4_46),V(NODE6_4_47),V(NODE6_4_48),V(NODE6_4_49),V(NODE6_4_50),V(NODE6_4_51),V(NODE6_4_52),V(NODE6_4_53),V(NODE6_4_54),V(NODE6_4_55),V(NODE6_4_56),V(NODE6_4_57),V(NODE6_4_58),V(NODE6_4_59),V(NODE6_4_60),V(NODE6_4_61),V(NODE6_4_62),V(NODE6_4_63),V(NODE6_4_64),V(NODE6_4_65),V(NODE6_4_66),V(NODE6_4_67),V(NODE6_4_68),V(NODE6_4_69),V(NODE6_4_70),V(NODE6_4_71),V(NODE6_4_72),V(NODE6_4_73),V(NODE6_4_74),V(NODE6_4_75),V(NODE6_4_76),V(NODE6_4_77),V(NODE6_4_78),V(NODE6_4_79),V(NODE6_4_80),V(NODE6_4_81),V(NODE6_4_82),V(NODE6_4_83),V(NODE6_4_84),V(NODE6_4_85),V(NODE6_4_86),V(NODE6_4_87),V(NODE6_4_88),V(NODE6_4_89),V(NODE6_4_90),V(NODE6_4_91),V(NODE6_4_92),V(NODE6_4_93),V(NODE6_4_94),V(NODE6_4_95),V(NODE6_4_96),V(NODE6_4_97),V(NODE6_4_98),V(NODE6_4_99),V(NODE6_5_0),V(NODE6_5_1),V(NODE6_5_2),V(NODE6_5_3),V(NODE6_5_4),V(NODE6_5_5),V(NODE6_5_6),V(NODE6_5_7),V(NODE6_5_8),V(NODE6_5_9),V(NODE6_5_10),V(NODE6_5_11),V(NODE6_5_12),V(NODE6_5_13),V(NODE6_5_14),V(NODE6_5_15),V(NODE6_5_16),V(NODE6_5_17),V(NODE6_5_18),V(NODE6_5_19),V(NODE6_5_20),V(NODE6_5_21),V(NODE6_5_22),V(NODE6_5_23),V(NODE6_5_24),V(NODE6_5_25),V(NODE6_5_26),V(NODE6_5_27),V(NODE6_5_28),V(NODE6_5_29),V(NODE6_5_30),V(NODE6_5_31),V(NODE6_5_32),V(NODE6_5_33),V(NODE6_5_34),V(NODE6_5_35),V(NODE6_5_36),V(NODE6_5_37),V(NODE6_5_38),V(NODE6_5_39),V(NODE6_5_40),V(NODE6_5_41),V(NODE6_5_42),V(NODE6_5_43),V(NODE6_5_44),V(NODE6_5_45),V(NODE6_5_46),V(NODE6_5_47),V(NODE6_5_48),V(NODE6_5_49),V(NODE6_5_50),V(NODE6_5_51),V(NODE6_5_52),V(NODE6_5_53),V(NODE6_5_54),V(NODE6_5_55),V(NODE6_5_56),V(NODE6_5_57),V(NODE6_5_58),V(NODE6_5_59),V(NODE6_5_60),V(NODE6_5_61),V(NODE6_5_62),V(NODE6_5_63),V(NODE6_5_64),V(NODE6_5_65),V(NODE6_5_66),V(NODE6_5_67),V(NODE6_5_68),V(NODE6_5_69),V(NODE6_5_70),V(NODE6_5_71),V(NODE6_5_72),V(NODE6_5_73),V(NODE6_5_74),V(NODE6_5_75),V(NODE6_5_76),V(NODE6_5_77),V(NODE6_5_78),V(NODE6_5_79),V(NODE6_5_80),V(NODE6_5_81),V(NODE6_5_82),V(NODE6_5_83),V(NODE6_5_84),V(NODE6_5_85),V(NODE6_5_86),V(NODE6_5_87),V(NODE6_5_88),V(NODE6_5_89),V(NODE6_5_90),V(NODE6_5_91),V(NODE6_5_92),V(NODE6_5_93),V(NODE6_5_94),V(NODE6_5_95),V(NODE6_5_96),V(NODE6_5_97),V(NODE6_5_98),V(NODE6_5_99),V(NODE6_6_0),V(NODE6_6_1),V(NODE6_6_2),V(NODE6_6_3),V(NODE6_6_4),V(NODE6_6_5),V(NODE6_6_6),V(NODE6_6_7),V(NODE6_6_8),V(NODE6_6_9),V(NODE6_6_10),V(NODE6_6_11),V(NODE6_6_12),V(NODE6_6_13),V(NODE6_6_14),V(NODE6_6_15),V(NODE6_6_16),V(NODE6_6_17),V(NODE6_6_18),V(NODE6_6_19),V(NODE6_6_20),V(NODE6_6_21),V(NODE6_6_22),V(NODE6_6_23),V(NODE6_6_24),V(NODE6_6_25),V(NODE6_6_26),V(NODE6_6_27),V(NODE6_6_28),V(NODE6_6_29),V(NODE6_6_30),V(NODE6_6_31),V(NODE6_6_32),V(NODE6_6_33),V(NODE6_6_34),V(NODE6_6_35),V(NODE6_6_36),V(NODE6_6_37),V(NODE6_6_38),V(NODE6_6_39),V(NODE6_6_40),V(NODE6_6_41),V(NODE6_6_42),V(NODE6_6_43),V(NODE6_6_44),V(NODE6_6_45),V(NODE6_6_46),V(NODE6_6_47),V(NODE6_6_48),V(NODE6_6_49),V(NODE6_6_50),V(NODE6_6_51),V(NODE6_6_52),V(NODE6_6_53),V(NODE6_6_54),V(NODE6_6_55),V(NODE6_6_56),V(NODE6_6_57),V(NODE6_6_58),V(NODE6_6_59),V(NODE6_6_60),V(NODE6_6_61),V(NODE6_6_62),V(NODE6_6_63),V(NODE6_6_64),V(NODE6_6_65),V(NODE6_6_66),V(NODE6_6_67),V(NODE6_6_68),V(NODE6_6_69),V(NODE6_6_70),V(NODE6_6_71),V(NODE6_6_72),V(NODE6_6_73),V(NODE6_6_74),V(NODE6_6_75),V(NODE6_6_76),V(NODE6_6_77),V(NODE6_6_78),V(NODE6_6_79),V(NODE6_6_80),V(NODE6_6_81),V(NODE6_6_82),V(NODE6_6_83),V(NODE6_6_84),V(NODE6_6_85),V(NODE6_6_86),V(NODE6_6_87),V(NODE6_6_88),V(NODE6_6_89),V(NODE6_6_90),V(NODE6_6_91),V(NODE6_6_92),V(NODE6_6_93),V(NODE6_6_94),V(NODE6_6_95),V(NODE6_6_96),V(NODE6_6_97),V(NODE6_6_98),V(NODE6_6_99),V(NODE6_7_0),V(NODE6_7_1),V(NODE6_7_2),V(NODE6_7_3),V(NODE6_7_4),V(NODE6_7_5),V(NODE6_7_6),V(NODE6_7_7),V(NODE6_7_8),V(NODE6_7_9),V(NODE6_7_10),V(NODE6_7_11),V(NODE6_7_12),V(NODE6_7_13),V(NODE6_7_14),V(NODE6_7_15),V(NODE6_7_16),V(NODE6_7_17),V(NODE6_7_18),V(NODE6_7_19),V(NODE6_7_20),V(NODE6_7_21),V(NODE6_7_22),V(NODE6_7_23),V(NODE6_7_24),V(NODE6_7_25),V(NODE6_7_26),V(NODE6_7_27),V(NODE6_7_28),V(NODE6_7_29),V(NODE6_7_30),V(NODE6_7_31),V(NODE6_7_32),V(NODE6_7_33),V(NODE6_7_34),V(NODE6_7_35),V(NODE6_7_36),V(NODE6_7_37),V(NODE6_7_38),V(NODE6_7_39),V(NODE6_7_40),V(NODE6_7_41),V(NODE6_7_42),V(NODE6_7_43),V(NODE6_7_44),V(NODE6_7_45),V(NODE6_7_46),V(NODE6_7_47),V(NODE6_7_48),V(NODE6_7_49),V(NODE6_7_50),V(NODE6_7_51),V(NODE6_7_52),V(NODE6_7_53),V(NODE6_7_54),V(NODE6_7_55),V(NODE6_7_56),V(NODE6_7_57),V(NODE6_7_58),V(NODE6_7_59),V(NODE6_7_60),V(NODE6_7_61),V(NODE6_7_62),V(NODE6_7_63),V(NODE6_7_64),V(NODE6_7_65),V(NODE6_7_66),V(NODE6_7_67),V(NODE6_7_68),V(NODE6_7_69),V(NODE6_7_70),V(NODE6_7_71),V(NODE6_7_72),V(NODE6_7_73),V(NODE6_7_74),V(NODE6_7_75),V(NODE6_7_76),V(NODE6_7_77),V(NODE6_7_78),V(NODE6_7_79),V(NODE6_7_80),V(NODE6_7_81),V(NODE6_7_82),V(NODE6_7_83),V(NODE6_7_84),V(NODE6_7_85),V(NODE6_7_86),V(NODE6_7_87),V(NODE6_7_88),V(NODE6_7_89),V(NODE6_7_90),V(NODE6_7_91),V(NODE6_7_92),V(NODE6_7_93),V(NODE6_7_94),V(NODE6_7_95),V(NODE6_7_96),V(NODE6_7_97),V(NODE6_7_98),V(NODE6_7_99),V(NODE6_8_0),V(NODE6_8_1),V(NODE6_8_2),V(NODE6_8_3),V(NODE6_8_4),V(NODE6_8_5),V(NODE6_8_6),V(NODE6_8_7),V(NODE6_8_8),V(NODE6_8_9),V(NODE6_8_10),V(NODE6_8_11),V(NODE6_8_12),V(NODE6_8_13),V(NODE6_8_14),V(NODE6_8_15),V(NODE6_8_16),V(NODE6_8_17),V(NODE6_8_18),V(NODE6_8_19),V(NODE6_8_20),V(NODE6_8_21),V(NODE6_8_22),V(NODE6_8_23),V(NODE6_8_24),V(NODE6_8_25),V(NODE6_8_26),V(NODE6_8_27),V(NODE6_8_28),V(NODE6_8_29),V(NODE6_8_30),V(NODE6_8_31),V(NODE6_8_32),V(NODE6_8_33),V(NODE6_8_34),V(NODE6_8_35),V(NODE6_8_36),V(NODE6_8_37),V(NODE6_8_38),V(NODE6_8_39),V(NODE6_8_40),V(NODE6_8_41),V(NODE6_8_42),V(NODE6_8_43),V(NODE6_8_44),V(NODE6_8_45),V(NODE6_8_46),V(NODE6_8_47),V(NODE6_8_48),V(NODE6_8_49),V(NODE6_8_50),V(NODE6_8_51),V(NODE6_8_52),V(NODE6_8_53),V(NODE6_8_54),V(NODE6_8_55),V(NODE6_8_56),V(NODE6_8_57),V(NODE6_8_58),V(NODE6_8_59),V(NODE6_8_60),V(NODE6_8_61),V(NODE6_8_62),V(NODE6_8_63),V(NODE6_8_64),V(NODE6_8_65),V(NODE6_8_66),V(NODE6_8_67),V(NODE6_8_68),V(NODE6_8_69),V(NODE6_8_70),V(NODE6_8_71),V(NODE6_8_72),V(NODE6_8_73),V(NODE6_8_74),V(NODE6_8_75),V(NODE6_8_76),V(NODE6_8_77),V(NODE6_8_78),V(NODE6_8_79),V(NODE6_8_80),V(NODE6_8_81),V(NODE6_8_82),V(NODE6_8_83),V(NODE6_8_84),V(NODE6_8_85),V(NODE6_8_86),V(NODE6_8_87),V(NODE6_8_88),V(NODE6_8_89),V(NODE6_8_90),V(NODE6_8_91),V(NODE6_8_92),V(NODE6_8_93),V(NODE6_8_94),V(NODE6_8_95),V(NODE6_8_96),V(NODE6_8_97),V(NODE6_8_98),V(NODE6_8_99),V(NODE6_9_0),V(NODE6_9_1),V(NODE6_9_2),V(NODE6_9_3),V(NODE6_9_4),V(NODE6_9_5),V(NODE6_9_6),V(NODE6_9_7),V(NODE6_9_8),V(NODE6_9_9),V(NODE6_9_10),V(NODE6_9_11),V(NODE6_9_12),V(NODE6_9_13),V(NODE6_9_14),V(NODE6_9_15),V(NODE6_9_16),V(NODE6_9_17),V(NODE6_9_18),V(NODE6_9_19),V(NODE6_9_20),V(NODE6_9_21),V(NODE6_9_22),V(NODE6_9_23),V(NODE6_9_24),V(NODE6_9_25),V(NODE6_9_26),V(NODE6_9_27),V(NODE6_9_28),V(NODE6_9_29),V(NODE6_9_30),V(NODE6_9_31),V(NODE6_9_32),V(NODE6_9_33),V(NODE6_9_34),V(NODE6_9_35),V(NODE6_9_36),V(NODE6_9_37),V(NODE6_9_38),V(NODE6_9_39),V(NODE6_9_40),V(NODE6_9_41),V(NODE6_9_42),V(NODE6_9_43),V(NODE6_9_44),V(NODE6_9_45),V(NODE6_9_46),V(NODE6_9_47),V(NODE6_9_48),V(NODE6_9_49),V(NODE6_9_50),V(NODE6_9_51),V(NODE6_9_52),V(NODE6_9_53),V(NODE6_9_54),V(NODE6_9_55),V(NODE6_9_56),V(NODE6_9_57),V(NODE6_9_58),V(NODE6_9_59),V(NODE6_9_60),V(NODE6_9_61),V(NODE6_9_62),V(NODE6_9_63),V(NODE6_9_64),V(NODE6_9_65),V(NODE6_9_66),V(NODE6_9_67),V(NODE6_9_68),V(NODE6_9_69),V(NODE6_9_70),V(NODE6_9_71),V(NODE6_9_72),V(NODE6_9_73),V(NODE6_9_74),V(NODE6_9_75),V(NODE6_9_76),V(NODE6_9_77),V(NODE6_9_78),V(NODE6_9_79),V(NODE6_9_80),V(NODE6_9_81),V(NODE6_9_82),V(NODE6_9_83),V(NODE6_9_84),V(NODE6_9_85),V(NODE6_9_86),V(NODE6_9_87),V(NODE6_9_88),V(NODE6_9_89),V(NODE6_9_90),V(NODE6_9_91),V(NODE6_9_92),V(NODE6_9_93),V(NODE6_9_94),V(NODE6_9_95),V(NODE6_9_96),V(NODE6_9_97),V(NODE6_9_98),V(NODE6_9_99),V(NODE6_10_0),V(NODE6_10_1),V(NODE6_10_2),V(NODE6_10_3),V(NODE6_10_4),V(NODE6_10_5),V(NODE6_10_6),V(NODE6_10_7),V(NODE6_10_8),V(NODE6_10_9),V(NODE6_10_10),V(NODE6_10_11),V(NODE6_10_12),V(NODE6_10_13),V(NODE6_10_14),V(NODE6_10_15),V(NODE6_10_16),V(NODE6_10_17),V(NODE6_10_18),V(NODE6_10_19),V(NODE6_10_20),V(NODE6_10_21),V(NODE6_10_22),V(NODE6_10_23),V(NODE6_10_24),V(NODE6_10_25),V(NODE6_10_26),V(NODE6_10_27),V(NODE6_10_28),V(NODE6_10_29),V(NODE6_10_30),V(NODE6_10_31),V(NODE6_10_32),V(NODE6_10_33),V(NODE6_10_34),V(NODE6_10_35),V(NODE6_10_36),V(NODE6_10_37),V(NODE6_10_38),V(NODE6_10_39),V(NODE6_10_40),V(NODE6_10_41),V(NODE6_10_42),V(NODE6_10_43),V(NODE6_10_44),V(NODE6_10_45),V(NODE6_10_46),V(NODE6_10_47),V(NODE6_10_48),V(NODE6_10_49),V(NODE6_10_50),V(NODE6_10_51),V(NODE6_10_52),V(NODE6_10_53),V(NODE6_10_54),V(NODE6_10_55),V(NODE6_10_56),V(NODE6_10_57),V(NODE6_10_58),V(NODE6_10_59),V(NODE6_10_60),V(NODE6_10_61),V(NODE6_10_62),V(NODE6_10_63),V(NODE6_10_64),V(NODE6_10_65),V(NODE6_10_66),V(NODE6_10_67),V(NODE6_10_68),V(NODE6_10_69),V(NODE6_10_70),V(NODE6_10_71),V(NODE6_10_72),V(NODE6_10_73),V(NODE6_10_74),V(NODE6_10_75),V(NODE6_10_76),V(NODE6_10_77),V(NODE6_10_78),V(NODE6_10_79),V(NODE6_10_80),V(NODE6_10_81),V(NODE6_10_82),V(NODE6_10_83),V(NODE6_10_84),V(NODE6_10_85),V(NODE6_10_86),V(NODE6_10_87),V(NODE6_10_88),V(NODE6_10_89),V(NODE6_10_90),V(NODE6_10_91),V(NODE6_10_92),V(NODE6_10_93),V(NODE6_10_94),V(NODE6_10_95),V(NODE6_10_96),V(NODE6_10_97),V(NODE6_10_98),V(NODE6_10_99),V(NODE6_11_0),V(NODE6_11_1),V(NODE6_11_2),V(NODE6_11_3),V(NODE6_11_4),V(NODE6_11_5),V(NODE6_11_6),V(NODE6_11_7),V(NODE6_11_8),V(NODE6_11_9),V(NODE6_11_10),V(NODE6_11_11),V(NODE6_11_12),V(NODE6_11_13),V(NODE6_11_14),V(NODE6_11_15),V(NODE6_11_16),V(NODE6_11_17),V(NODE6_11_18),V(NODE6_11_19),V(NODE6_11_20),V(NODE6_11_21),V(NODE6_11_22),V(NODE6_11_23),V(NODE6_11_24),V(NODE6_11_25),V(NODE6_11_26),V(NODE6_11_27),V(NODE6_11_28),V(NODE6_11_29),V(NODE6_11_30),V(NODE6_11_31),V(NODE6_11_32),V(NODE6_11_33),V(NODE6_11_34),V(NODE6_11_35),V(NODE6_11_36),V(NODE6_11_37),V(NODE6_11_38),V(NODE6_11_39),V(NODE6_11_40),V(NODE6_11_41),V(NODE6_11_42),V(NODE6_11_43),V(NODE6_11_44),V(NODE6_11_45),V(NODE6_11_46),V(NODE6_11_47),V(NODE6_11_48),V(NODE6_11_49),V(NODE6_11_50),V(NODE6_11_51),V(NODE6_11_52),V(NODE6_11_53),V(NODE6_11_54),V(NODE6_11_55),V(NODE6_11_56),V(NODE6_11_57),V(NODE6_11_58),V(NODE6_11_59),V(NODE6_11_60),V(NODE6_11_61),V(NODE6_11_62),V(NODE6_11_63),V(NODE6_11_64),V(NODE6_11_65),V(NODE6_11_66),V(NODE6_11_67),V(NODE6_11_68),V(NODE6_11_69),V(NODE6_11_70),V(NODE6_11_71),V(NODE6_11_72),V(NODE6_11_73),V(NODE6_11_74),V(NODE6_11_75),V(NODE6_11_76),V(NODE6_11_77),V(NODE6_11_78),V(NODE6_11_79),V(NODE6_11_80),V(NODE6_11_81),V(NODE6_11_82),V(NODE6_11_83),V(NODE6_11_84),V(NODE6_11_85),V(NODE6_11_86),V(NODE6_11_87),V(NODE6_11_88),V(NODE6_11_89),V(NODE6_11_90),V(NODE6_11_91),V(NODE6_11_92),V(NODE6_11_93),V(NODE6_11_94),V(NODE6_11_95),V(NODE6_11_96),V(NODE6_11_97),V(NODE6_11_98),V(NODE6_11_99),V(NODE6_12_0),V(NODE6_12_1),V(NODE6_12_2),V(NODE6_12_3),V(NODE6_12_4),V(NODE6_12_5),V(NODE6_12_6),V(NODE6_12_7),V(NODE6_12_8),V(NODE6_12_9),V(NODE6_12_10),V(NODE6_12_11),V(NODE6_12_12),V(NODE6_12_13),V(NODE6_12_14),V(NODE6_12_15),V(NODE6_12_16),V(NODE6_12_17),V(NODE6_12_18),V(NODE6_12_19),V(NODE6_12_20),V(NODE6_12_21),V(NODE6_12_22),V(NODE6_12_23),V(NODE6_12_24),V(NODE6_12_25),V(NODE6_12_26),V(NODE6_12_27),V(NODE6_12_28),V(NODE6_12_29),V(NODE6_12_30),V(NODE6_12_31),V(NODE6_12_32),V(NODE6_12_33),V(NODE6_12_34),V(NODE6_12_35),V(NODE6_12_36),V(NODE6_12_37),V(NODE6_12_38),V(NODE6_12_39),V(NODE6_12_40),V(NODE6_12_41),V(NODE6_12_42),V(NODE6_12_43),V(NODE6_12_44),V(NODE6_12_45),V(NODE6_12_46),V(NODE6_12_47),V(NODE6_12_48),V(NODE6_12_49),V(NODE6_12_50),V(NODE6_12_51),V(NODE6_12_52),V(NODE6_12_53),V(NODE6_12_54),V(NODE6_12_55),V(NODE6_12_56),V(NODE6_12_57),V(NODE6_12_58),V(NODE6_12_59),V(NODE6_12_60),V(NODE6_12_61),V(NODE6_12_62),V(NODE6_12_63),V(NODE6_12_64),V(NODE6_12_65),V(NODE6_12_66),V(NODE6_12_67),V(NODE6_12_68),V(NODE6_12_69),V(NODE6_12_70),V(NODE6_12_71),V(NODE6_12_72),V(NODE6_12_73),V(NODE6_12_74),V(NODE6_12_75),V(NODE6_12_76),V(NODE6_12_77),V(NODE6_12_78),V(NODE6_12_79),V(NODE6_12_80),V(NODE6_12_81),V(NODE6_12_82),V(NODE6_12_83),V(NODE6_12_84),V(NODE6_12_85),V(NODE6_12_86),V(NODE6_12_87),V(NODE6_12_88),V(NODE6_12_89),V(NODE6_12_90),V(NODE6_12_91),V(NODE6_12_92),V(NODE6_12_93),V(NODE6_12_94),V(NODE6_12_95),V(NODE6_12_96),V(NODE6_12_97),V(NODE6_12_98),V(NODE6_12_99),V(NODE6_13_0),V(NODE6_13_1),V(NODE6_13_2),V(NODE6_13_3),V(NODE6_13_4),V(NODE6_13_5),V(NODE6_13_6),V(NODE6_13_7),V(NODE6_13_8),V(NODE6_13_9),V(NODE6_13_10),V(NODE6_13_11),V(NODE6_13_12),V(NODE6_13_13),V(NODE6_13_14),V(NODE6_13_15),V(NODE6_13_16),V(NODE6_13_17),V(NODE6_13_18),V(NODE6_13_19),V(NODE6_13_20),V(NODE6_13_21),V(NODE6_13_22),V(NODE6_13_23),V(NODE6_13_24),V(NODE6_13_25),V(NODE6_13_26),V(NODE6_13_27),V(NODE6_13_28),V(NODE6_13_29),V(NODE6_13_30),V(NODE6_13_31),V(NODE6_13_32),V(NODE6_13_33),V(NODE6_13_34),V(NODE6_13_35),V(NODE6_13_36),V(NODE6_13_37),V(NODE6_13_38),V(NODE6_13_39),V(NODE6_13_40),V(NODE6_13_41),V(NODE6_13_42),V(NODE6_13_43),V(NODE6_13_44),V(NODE6_13_45),V(NODE6_13_46),V(NODE6_13_47),V(NODE6_13_48),V(NODE6_13_49),V(NODE6_13_50),V(NODE6_13_51),V(NODE6_13_52),V(NODE6_13_53),V(NODE6_13_54),V(NODE6_13_55),V(NODE6_13_56),V(NODE6_13_57),V(NODE6_13_58),V(NODE6_13_59),V(NODE6_13_60),V(NODE6_13_61),V(NODE6_13_62),V(NODE6_13_63),V(NODE6_13_64),V(NODE6_13_65),V(NODE6_13_66),V(NODE6_13_67),V(NODE6_13_68),V(NODE6_13_69),V(NODE6_13_70),V(NODE6_13_71),V(NODE6_13_72),V(NODE6_13_73),V(NODE6_13_74),V(NODE6_13_75),V(NODE6_13_76),V(NODE6_13_77),V(NODE6_13_78),V(NODE6_13_79),V(NODE6_13_80),V(NODE6_13_81),V(NODE6_13_82),V(NODE6_13_83),V(NODE6_13_84),V(NODE6_13_85),V(NODE6_13_86),V(NODE6_13_87),V(NODE6_13_88),V(NODE6_13_89),V(NODE6_13_90),V(NODE6_13_91),V(NODE6_13_92),V(NODE6_13_93),V(NODE6_13_94),V(NODE6_13_95),V(NODE6_13_96),V(NODE6_13_97),V(NODE6_13_98),V(NODE6_13_99),V(NODE6_14_0),V(NODE6_14_1),V(NODE6_14_2),V(NODE6_14_3),V(NODE6_14_4),V(NODE6_14_5),V(NODE6_14_6),V(NODE6_14_7),V(NODE6_14_8),V(NODE6_14_9),V(NODE6_14_10),V(NODE6_14_11),V(NODE6_14_12),V(NODE6_14_13),V(NODE6_14_14),V(NODE6_14_15),V(NODE6_14_16),V(NODE6_14_17),V(NODE6_14_18),V(NODE6_14_19),V(NODE6_14_20),V(NODE6_14_21),V(NODE6_14_22),V(NODE6_14_23),V(NODE6_14_24),V(NODE6_14_25),V(NODE6_14_26),V(NODE6_14_27),V(NODE6_14_28),V(NODE6_14_29),V(NODE6_14_30),V(NODE6_14_31),V(NODE6_14_32),V(NODE6_14_33),V(NODE6_14_34),V(NODE6_14_35),V(NODE6_14_36),V(NODE6_14_37),V(NODE6_14_38),V(NODE6_14_39),V(NODE6_14_40),V(NODE6_14_41),V(NODE6_14_42),V(NODE6_14_43),V(NODE6_14_44),V(NODE6_14_45),V(NODE6_14_46),V(NODE6_14_47),V(NODE6_14_48),V(NODE6_14_49),V(NODE6_14_50),V(NODE6_14_51),V(NODE6_14_52),V(NODE6_14_53),V(NODE6_14_54),V(NODE6_14_55),V(NODE6_14_56),V(NODE6_14_57),V(NODE6_14_58),V(NODE6_14_59),V(NODE6_14_60),V(NODE6_14_61),V(NODE6_14_62),V(NODE6_14_63),V(NODE6_14_64),V(NODE6_14_65),V(NODE6_14_66),V(NODE6_14_67),V(NODE6_14_68),V(NODE6_14_69),V(NODE6_14_70),V(NODE6_14_71),V(NODE6_14_72),V(NODE6_14_73),V(NODE6_14_74),V(NODE6_14_75),V(NODE6_14_76),V(NODE6_14_77),V(NODE6_14_78),V(NODE6_14_79),V(NODE6_14_80),V(NODE6_14_81),V(NODE6_14_82),V(NODE6_14_83),V(NODE6_14_84),V(NODE6_14_85),V(NODE6_14_86),V(NODE6_14_87),V(NODE6_14_88),V(NODE6_14_89),V(NODE6_14_90),V(NODE6_14_91),V(NODE6_14_92),V(NODE6_14_93),V(NODE6_14_94),V(NODE6_14_95),V(NODE6_14_96),V(NODE6_14_97),V(NODE6_14_98),V(NODE6_14_99),V(NODE6_15_0),V(NODE6_15_1),V(NODE6_15_2),V(NODE6_15_3),V(NODE6_15_4),V(NODE6_15_5),V(NODE6_15_6),V(NODE6_15_7),V(NODE6_15_8),V(NODE6_15_9),V(NODE6_15_10),V(NODE6_15_11),V(NODE6_15_12),V(NODE6_15_13),V(NODE6_15_14),V(NODE6_15_15),V(NODE6_15_16),V(NODE6_15_17),V(NODE6_15_18),V(NODE6_15_19),V(NODE6_15_20),V(NODE6_15_21),V(NODE6_15_22),V(NODE6_15_23),V(NODE6_15_24),V(NODE6_15_25),V(NODE6_15_26),V(NODE6_15_27),V(NODE6_15_28),V(NODE6_15_29),V(NODE6_15_30),V(NODE6_15_31),V(NODE6_15_32),V(NODE6_15_33),V(NODE6_15_34),V(NODE6_15_35),V(NODE6_15_36),V(NODE6_15_37),V(NODE6_15_38),V(NODE6_15_39),V(NODE6_15_40),V(NODE6_15_41),V(NODE6_15_42),V(NODE6_15_43),V(NODE6_15_44),V(NODE6_15_45),V(NODE6_15_46),V(NODE6_15_47),V(NODE6_15_48),V(NODE6_15_49),V(NODE6_15_50),V(NODE6_15_51),V(NODE6_15_52),V(NODE6_15_53),V(NODE6_15_54),V(NODE6_15_55),V(NODE6_15_56),V(NODE6_15_57),V(NODE6_15_58),V(NODE6_15_59),V(NODE6_15_60),V(NODE6_15_61),V(NODE6_15_62),V(NODE6_15_63),V(NODE6_15_64),V(NODE6_15_65),V(NODE6_15_66),V(NODE6_15_67),V(NODE6_15_68),V(NODE6_15_69),V(NODE6_15_70),V(NODE6_15_71),V(NODE6_15_72),V(NODE6_15_73),V(NODE6_15_74),V(NODE6_15_75),V(NODE6_15_76),V(NODE6_15_77),V(NODE6_15_78),V(NODE6_15_79),V(NODE6_15_80),V(NODE6_15_81),V(NODE6_15_82),V(NODE6_15_83),V(NODE6_15_84),V(NODE6_15_85),V(NODE6_15_86),V(NODE6_15_87),V(NODE6_15_88),V(NODE6_15_89),V(NODE6_15_90),V(NODE6_15_91),V(NODE6_15_92),V(NODE6_15_93),V(NODE6_15_94),V(NODE6_15_95),V(NODE6_15_96),V(NODE6_15_97),V(NODE6_15_98),V(NODE6_15_99),V(NODE6_16_0),V(NODE6_16_1),V(NODE6_16_2),V(NODE6_16_3),V(NODE6_16_4),V(NODE6_16_5),V(NODE6_16_6),V(NODE6_16_7),V(NODE6_16_8),V(NODE6_16_9),V(NODE6_16_10),V(NODE6_16_11),V(NODE6_16_12),V(NODE6_16_13),V(NODE6_16_14),V(NODE6_16_15),V(NODE6_16_16),V(NODE6_16_17),V(NODE6_16_18),V(NODE6_16_19),V(NODE6_16_20),V(NODE6_16_21),V(NODE6_16_22),V(NODE6_16_23),V(NODE6_16_24),V(NODE6_16_25),V(NODE6_16_26),V(NODE6_16_27),V(NODE6_16_28),V(NODE6_16_29),V(NODE6_16_30),V(NODE6_16_31),V(NODE6_16_32),V(NODE6_16_33),V(NODE6_16_34),V(NODE6_16_35),V(NODE6_16_36),V(NODE6_16_37),V(NODE6_16_38),V(NODE6_16_39),V(NODE6_16_40),V(NODE6_16_41),V(NODE6_16_42),V(NODE6_16_43),V(NODE6_16_44),V(NODE6_16_45),V(NODE6_16_46),V(NODE6_16_47),V(NODE6_16_48),V(NODE6_16_49),V(NODE6_16_50),V(NODE6_16_51),V(NODE6_16_52),V(NODE6_16_53),V(NODE6_16_54),V(NODE6_16_55),V(NODE6_16_56),V(NODE6_16_57),V(NODE6_16_58),V(NODE6_16_59),V(NODE6_16_60),V(NODE6_16_61),V(NODE6_16_62),V(NODE6_16_63),V(NODE6_16_64),V(NODE6_16_65),V(NODE6_16_66),V(NODE6_16_67),V(NODE6_16_68),V(NODE6_16_69),V(NODE6_16_70),V(NODE6_16_71),V(NODE6_16_72),V(NODE6_16_73),V(NODE6_16_74),V(NODE6_16_75),V(NODE6_16_76),V(NODE6_16_77),V(NODE6_16_78),V(NODE6_16_79),V(NODE6_16_80),V(NODE6_16_81),V(NODE6_16_82),V(NODE6_16_83),V(NODE6_16_84),V(NODE6_16_85),V(NODE6_16_86),V(NODE6_16_87),V(NODE6_16_88),V(NODE6_16_89),V(NODE6_16_90),V(NODE6_16_91),V(NODE6_16_92),V(NODE6_16_93),V(NODE6_16_94),V(NODE6_16_95),V(NODE6_16_96),V(NODE6_16_97),V(NODE6_16_98),V(NODE6_16_99),V(NODE6_17_0),V(NODE6_17_1),V(NODE6_17_2),V(NODE6_17_3),V(NODE6_17_4),V(NODE6_17_5),V(NODE6_17_6),V(NODE6_17_7),V(NODE6_17_8),V(NODE6_17_9),V(NODE6_17_10),V(NODE6_17_11),V(NODE6_17_12),V(NODE6_17_13),V(NODE6_17_14),V(NODE6_17_15),V(NODE6_17_16),V(NODE6_17_17),V(NODE6_17_18),V(NODE6_17_19),V(NODE6_17_20),V(NODE6_17_21),V(NODE6_17_22),V(NODE6_17_23),V(NODE6_17_24),V(NODE6_17_25),V(NODE6_17_26),V(NODE6_17_27),V(NODE6_17_28),V(NODE6_17_29),V(NODE6_17_30),V(NODE6_17_31),V(NODE6_17_32),V(NODE6_17_33),V(NODE6_17_34),V(NODE6_17_35),V(NODE6_17_36),V(NODE6_17_37),V(NODE6_17_38),V(NODE6_17_39),V(NODE6_17_40),V(NODE6_17_41),V(NODE6_17_42),V(NODE6_17_43),V(NODE6_17_44),V(NODE6_17_45),V(NODE6_17_46),V(NODE6_17_47),V(NODE6_17_48),V(NODE6_17_49),V(NODE6_17_50),V(NODE6_17_51),V(NODE6_17_52),V(NODE6_17_53),V(NODE6_17_54),V(NODE6_17_55),V(NODE6_17_56),V(NODE6_17_57),V(NODE6_17_58),V(NODE6_17_59),V(NODE6_17_60),V(NODE6_17_61),V(NODE6_17_62),V(NODE6_17_63),V(NODE6_17_64),V(NODE6_17_65),V(NODE6_17_66),V(NODE6_17_67),V(NODE6_17_68),V(NODE6_17_69),V(NODE6_17_70),V(NODE6_17_71),V(NODE6_17_72),V(NODE6_17_73),V(NODE6_17_74),V(NODE6_17_75),V(NODE6_17_76),V(NODE6_17_77),V(NODE6_17_78),V(NODE6_17_79),V(NODE6_17_80),V(NODE6_17_81),V(NODE6_17_82),V(NODE6_17_83),V(NODE6_17_84),V(NODE6_17_85),V(NODE6_17_86),V(NODE6_17_87),V(NODE6_17_88),V(NODE6_17_89),V(NODE6_17_90),V(NODE6_17_91),V(NODE6_17_92),V(NODE6_17_93),V(NODE6_17_94),V(NODE6_17_95),V(NODE6_17_96),V(NODE6_17_97),V(NODE6_17_98),V(NODE6_17_99),V(NODE6_18_0),V(NODE6_18_1),V(NODE6_18_2),V(NODE6_18_3),V(NODE6_18_4),V(NODE6_18_5),V(NODE6_18_6),V(NODE6_18_7),V(NODE6_18_8),V(NODE6_18_9),V(NODE6_18_10),V(NODE6_18_11),V(NODE6_18_12),V(NODE6_18_13),V(NODE6_18_14),V(NODE6_18_15),V(NODE6_18_16),V(NODE6_18_17),V(NODE6_18_18),V(NODE6_18_19),V(NODE6_18_20),V(NODE6_18_21),V(NODE6_18_22),V(NODE6_18_23),V(NODE6_18_24),V(NODE6_18_25),V(NODE6_18_26),V(NODE6_18_27),V(NODE6_18_28),V(NODE6_18_29),V(NODE6_18_30),V(NODE6_18_31),V(NODE6_18_32),V(NODE6_18_33),V(NODE6_18_34),V(NODE6_18_35),V(NODE6_18_36),V(NODE6_18_37),V(NODE6_18_38),V(NODE6_18_39),V(NODE6_18_40),V(NODE6_18_41),V(NODE6_18_42),V(NODE6_18_43),V(NODE6_18_44),V(NODE6_18_45),V(NODE6_18_46),V(NODE6_18_47),V(NODE6_18_48),V(NODE6_18_49),V(NODE6_18_50),V(NODE6_18_51),V(NODE6_18_52),V(NODE6_18_53),V(NODE6_18_54),V(NODE6_18_55),V(NODE6_18_56),V(NODE6_18_57),V(NODE6_18_58),V(NODE6_18_59),V(NODE6_18_60),V(NODE6_18_61),V(NODE6_18_62),V(NODE6_18_63),V(NODE6_18_64),V(NODE6_18_65),V(NODE6_18_66),V(NODE6_18_67),V(NODE6_18_68),V(NODE6_18_69),V(NODE6_18_70),V(NODE6_18_71),V(NODE6_18_72),V(NODE6_18_73),V(NODE6_18_74),V(NODE6_18_75),V(NODE6_18_76),V(NODE6_18_77),V(NODE6_18_78),V(NODE6_18_79),V(NODE6_18_80),V(NODE6_18_81),V(NODE6_18_82),V(NODE6_18_83),V(NODE6_18_84),V(NODE6_18_85),V(NODE6_18_86),V(NODE6_18_87),V(NODE6_18_88),V(NODE6_18_89),V(NODE6_18_90),V(NODE6_18_91),V(NODE6_18_92),V(NODE6_18_93),V(NODE6_18_94),V(NODE6_18_95),V(NODE6_18_96),V(NODE6_18_97),V(NODE6_18_98),V(NODE6_18_99),V(NODE6_19_0),V(NODE6_19_1),V(NODE6_19_2),V(NODE6_19_3),V(NODE6_19_4),V(NODE6_19_5),V(NODE6_19_6),V(NODE6_19_7),V(NODE6_19_8),V(NODE6_19_9),V(NODE6_19_10),V(NODE6_19_11),V(NODE6_19_12),V(NODE6_19_13),V(NODE6_19_14),V(NODE6_19_15),V(NODE6_19_16),V(NODE6_19_17),V(NODE6_19_18),V(NODE6_19_19),V(NODE6_19_20),V(NODE6_19_21),V(NODE6_19_22),V(NODE6_19_23),V(NODE6_19_24),V(NODE6_19_25),V(NODE6_19_26),V(NODE6_19_27),V(NODE6_19_28),V(NODE6_19_29),V(NODE6_19_30),V(NODE6_19_31),V(NODE6_19_32),V(NODE6_19_33),V(NODE6_19_34),V(NODE6_19_35),V(NODE6_19_36),V(NODE6_19_37),V(NODE6_19_38),V(NODE6_19_39),V(NODE6_19_40),V(NODE6_19_41),V(NODE6_19_42),V(NODE6_19_43),V(NODE6_19_44),V(NODE6_19_45),V(NODE6_19_46),V(NODE6_19_47),V(NODE6_19_48),V(NODE6_19_49),V(NODE6_19_50),V(NODE6_19_51),V(NODE6_19_52),V(NODE6_19_53),V(NODE6_19_54),V(NODE6_19_55),V(NODE6_19_56),V(NODE6_19_57),V(NODE6_19_58),V(NODE6_19_59),V(NODE6_19_60),V(NODE6_19_61),V(NODE6_19_62),V(NODE6_19_63),V(NODE6_19_64),V(NODE6_19_65),V(NODE6_19_66),V(NODE6_19_67),V(NODE6_19_68),V(NODE6_19_69),V(NODE6_19_70),V(NODE6_19_71),V(NODE6_19_72),V(NODE6_19_73),V(NODE6_19_74),V(NODE6_19_75),V(NODE6_19_76),V(NODE6_19_77),V(NODE6_19_78),V(NODE6_19_79),V(NODE6_19_80),V(NODE6_19_81),V(NODE6_19_82),V(NODE6_19_83),V(NODE6_19_84),V(NODE6_19_85),V(NODE6_19_86),V(NODE6_19_87),V(NODE6_19_88),V(NODE6_19_89),V(NODE6_19_90),V(NODE6_19_91),V(NODE6_19_92),V(NODE6_19_93),V(NODE6_19_94),V(NODE6_19_95),V(NODE6_19_96),V(NODE6_19_97),V(NODE6_19_98),V(NODE6_19_99),V(NODE6_20_0),V(NODE6_20_1),V(NODE6_20_2),V(NODE6_20_3),V(NODE6_20_4),V(NODE6_20_5),V(NODE6_20_6),V(NODE6_20_7),V(NODE6_20_8),V(NODE6_20_9),V(NODE6_20_10),V(NODE6_20_11),V(NODE6_20_12),V(NODE6_20_13),V(NODE6_20_14),V(NODE6_20_15),V(NODE6_20_16),V(NODE6_20_17),V(NODE6_20_18),V(NODE6_20_19),V(NODE6_20_20),V(NODE6_20_21),V(NODE6_20_22),V(NODE6_20_23),V(NODE6_20_24),V(NODE6_20_25),V(NODE6_20_26),V(NODE6_20_27),V(NODE6_20_28),V(NODE6_20_29),V(NODE6_20_30),V(NODE6_20_31),V(NODE6_20_32),V(NODE6_20_33),V(NODE6_20_34),V(NODE6_20_35),V(NODE6_20_36),V(NODE6_20_37),V(NODE6_20_38),V(NODE6_20_39),V(NODE6_20_40),V(NODE6_20_41),V(NODE6_20_42),V(NODE6_20_43),V(NODE6_20_44),V(NODE6_20_45),V(NODE6_20_46),V(NODE6_20_47),V(NODE6_20_48),V(NODE6_20_49),V(NODE6_20_50),V(NODE6_20_51),V(NODE6_20_52),V(NODE6_20_53),V(NODE6_20_54),V(NODE6_20_55),V(NODE6_20_56),V(NODE6_20_57),V(NODE6_20_58),V(NODE6_20_59),V(NODE6_20_60),V(NODE6_20_61),V(NODE6_20_62),V(NODE6_20_63),V(NODE6_20_64),V(NODE6_20_65),V(NODE6_20_66),V(NODE6_20_67),V(NODE6_20_68),V(NODE6_20_69),V(NODE6_20_70),V(NODE6_20_71),V(NODE6_20_72),V(NODE6_20_73),V(NODE6_20_74),V(NODE6_20_75),V(NODE6_20_76),V(NODE6_20_77),V(NODE6_20_78),V(NODE6_20_79),V(NODE6_20_80),V(NODE6_20_81),V(NODE6_20_82),V(NODE6_20_83),V(NODE6_20_84),V(NODE6_20_85),V(NODE6_20_86),V(NODE6_20_87),V(NODE6_20_88),V(NODE6_20_89),V(NODE6_20_90),V(NODE6_20_91),V(NODE6_20_92),V(NODE6_20_93),V(NODE6_20_94),V(NODE6_20_95),V(NODE6_20_96),V(NODE6_20_97),V(NODE6_20_98),V(NODE6_20_99),V(NODE6_21_0),V(NODE6_21_1),V(NODE6_21_2),V(NODE6_21_3),V(NODE6_21_4),V(NODE6_21_5),V(NODE6_21_6),V(NODE6_21_7),V(NODE6_21_8),V(NODE6_21_9),V(NODE6_21_10),V(NODE6_21_11),V(NODE6_21_12),V(NODE6_21_13),V(NODE6_21_14),V(NODE6_21_15),V(NODE6_21_16),V(NODE6_21_17),V(NODE6_21_18),V(NODE6_21_19),V(NODE6_21_20),V(NODE6_21_21),V(NODE6_21_22),V(NODE6_21_23),V(NODE6_21_24),V(NODE6_21_25),V(NODE6_21_26),V(NODE6_21_27),V(NODE6_21_28),V(NODE6_21_29),V(NODE6_21_30),V(NODE6_21_31),V(NODE6_21_32),V(NODE6_21_33),V(NODE6_21_34),V(NODE6_21_35),V(NODE6_21_36),V(NODE6_21_37),V(NODE6_21_38),V(NODE6_21_39),V(NODE6_21_40),V(NODE6_21_41),V(NODE6_21_42),V(NODE6_21_43),V(NODE6_21_44),V(NODE6_21_45),V(NODE6_21_46),V(NODE6_21_47),V(NODE6_21_48),V(NODE6_21_49),V(NODE6_21_50),V(NODE6_21_51),V(NODE6_21_52),V(NODE6_21_53),V(NODE6_21_54),V(NODE6_21_55),V(NODE6_21_56),V(NODE6_21_57),V(NODE6_21_58),V(NODE6_21_59),V(NODE6_21_60),V(NODE6_21_61),V(NODE6_21_62),V(NODE6_21_63),V(NODE6_21_64),V(NODE6_21_65),V(NODE6_21_66),V(NODE6_21_67),V(NODE6_21_68),V(NODE6_21_69),V(NODE6_21_70),V(NODE6_21_71),V(NODE6_21_72),V(NODE6_21_73),V(NODE6_21_74),V(NODE6_21_75),V(NODE6_21_76),V(NODE6_21_77),V(NODE6_21_78),V(NODE6_21_79),V(NODE6_21_80),V(NODE6_21_81),V(NODE6_21_82),V(NODE6_21_83),V(NODE6_21_84),V(NODE6_21_85),V(NODE6_21_86),V(NODE6_21_87),V(NODE6_21_88),V(NODE6_21_89),V(NODE6_21_90),V(NODE6_21_91),V(NODE6_21_92),V(NODE6_21_93),V(NODE6_21_94),V(NODE6_21_95),V(NODE6_21_96),V(NODE6_21_97),V(NODE6_21_98),V(NODE6_21_99),V(NODE6_22_0),V(NODE6_22_1),V(NODE6_22_2),V(NODE6_22_3),V(NODE6_22_4),V(NODE6_22_5),V(NODE6_22_6),V(NODE6_22_7),V(NODE6_22_8),V(NODE6_22_9),V(NODE6_22_10),V(NODE6_22_11),V(NODE6_22_12),V(NODE6_22_13),V(NODE6_22_14),V(NODE6_22_15),V(NODE6_22_16),V(NODE6_22_17),V(NODE6_22_18),V(NODE6_22_19),V(NODE6_22_20),V(NODE6_22_21),V(NODE6_22_22),V(NODE6_22_23),V(NODE6_22_24),V(NODE6_22_25),V(NODE6_22_26),V(NODE6_22_27),V(NODE6_22_28),V(NODE6_22_29),V(NODE6_22_30),V(NODE6_22_31),V(NODE6_22_32),V(NODE6_22_33),V(NODE6_22_34),V(NODE6_22_35),V(NODE6_22_36),V(NODE6_22_37),V(NODE6_22_38),V(NODE6_22_39),V(NODE6_22_40),V(NODE6_22_41),V(NODE6_22_42),V(NODE6_22_43),V(NODE6_22_44),V(NODE6_22_45),V(NODE6_22_46),V(NODE6_22_47),V(NODE6_22_48),V(NODE6_22_49),V(NODE6_22_50),V(NODE6_22_51),V(NODE6_22_52),V(NODE6_22_53),V(NODE6_22_54),V(NODE6_22_55),V(NODE6_22_56),V(NODE6_22_57),V(NODE6_22_58),V(NODE6_22_59),V(NODE6_22_60),V(NODE6_22_61),V(NODE6_22_62),V(NODE6_22_63),V(NODE6_22_64),V(NODE6_22_65),V(NODE6_22_66),V(NODE6_22_67),V(NODE6_22_68),V(NODE6_22_69),V(NODE6_22_70),V(NODE6_22_71),V(NODE6_22_72),V(NODE6_22_73),V(NODE6_22_74),V(NODE6_22_75),V(NODE6_22_76),V(NODE6_22_77),V(NODE6_22_78),V(NODE6_22_79),V(NODE6_22_80),V(NODE6_22_81),V(NODE6_22_82),V(NODE6_22_83),V(NODE6_22_84),V(NODE6_22_85),V(NODE6_22_86),V(NODE6_22_87),V(NODE6_22_88),V(NODE6_22_89),V(NODE6_22_90),V(NODE6_22_91),V(NODE6_22_92),V(NODE6_22_93),V(NODE6_22_94),V(NODE6_22_95),V(NODE6_22_96),V(NODE6_22_97),V(NODE6_22_98),V(NODE6_22_99),V(NODE6_23_0),V(NODE6_23_1),V(NODE6_23_2),V(NODE6_23_3),V(NODE6_23_4),V(NODE6_23_5),V(NODE6_23_6),V(NODE6_23_7),V(NODE6_23_8),V(NODE6_23_9),V(NODE6_23_10),V(NODE6_23_11),V(NODE6_23_12),V(NODE6_23_13),V(NODE6_23_14),V(NODE6_23_15),V(NODE6_23_16),V(NODE6_23_17),V(NODE6_23_18),V(NODE6_23_19),V(NODE6_23_20),V(NODE6_23_21),V(NODE6_23_22),V(NODE6_23_23),V(NODE6_23_24),V(NODE6_23_25),V(NODE6_23_26),V(NODE6_23_27),V(NODE6_23_28),V(NODE6_23_29),V(NODE6_23_30),V(NODE6_23_31),V(NODE6_23_32),V(NODE6_23_33),V(NODE6_23_34),V(NODE6_23_35),V(NODE6_23_36),V(NODE6_23_37),V(NODE6_23_38),V(NODE6_23_39),V(NODE6_23_40),V(NODE6_23_41),V(NODE6_23_42),V(NODE6_23_43),V(NODE6_23_44),V(NODE6_23_45),V(NODE6_23_46),V(NODE6_23_47),V(NODE6_23_48),V(NODE6_23_49),V(NODE6_23_50),V(NODE6_23_51),V(NODE6_23_52),V(NODE6_23_53),V(NODE6_23_54),V(NODE6_23_55),V(NODE6_23_56),V(NODE6_23_57),V(NODE6_23_58),V(NODE6_23_59),V(NODE6_23_60),V(NODE6_23_61),V(NODE6_23_62),V(NODE6_23_63),V(NODE6_23_64),V(NODE6_23_65),V(NODE6_23_66),V(NODE6_23_67),V(NODE6_23_68),V(NODE6_23_69),V(NODE6_23_70),V(NODE6_23_71),V(NODE6_23_72),V(NODE6_23_73),V(NODE6_23_74),V(NODE6_23_75),V(NODE6_23_76),V(NODE6_23_77),V(NODE6_23_78),V(NODE6_23_79),V(NODE6_23_80),V(NODE6_23_81),V(NODE6_23_82),V(NODE6_23_83),V(NODE6_23_84),V(NODE6_23_85),V(NODE6_23_86),V(NODE6_23_87),V(NODE6_23_88),V(NODE6_23_89),V(NODE6_23_90),V(NODE6_23_91),V(NODE6_23_92),V(NODE6_23_93),V(NODE6_23_94),V(NODE6_23_95),V(NODE6_23_96),V(NODE6_23_97),V(NODE6_23_98),V(NODE6_23_99),V(NODE6_24_0),V(NODE6_24_1),V(NODE6_24_2),V(NODE6_24_3),V(NODE6_24_4),V(NODE6_24_5),V(NODE6_24_6),V(NODE6_24_7),V(NODE6_24_8),V(NODE6_24_9),V(NODE6_24_10),V(NODE6_24_11),V(NODE6_24_12),V(NODE6_24_13),V(NODE6_24_14),V(NODE6_24_15),V(NODE6_24_16),V(NODE6_24_17),V(NODE6_24_18),V(NODE6_24_19),V(NODE6_24_20),V(NODE6_24_21),V(NODE6_24_22),V(NODE6_24_23),V(NODE6_24_24),V(NODE6_24_25),V(NODE6_24_26),V(NODE6_24_27),V(NODE6_24_28),V(NODE6_24_29),V(NODE6_24_30),V(NODE6_24_31),V(NODE6_24_32),V(NODE6_24_33),V(NODE6_24_34),V(NODE6_24_35),V(NODE6_24_36),V(NODE6_24_37),V(NODE6_24_38),V(NODE6_24_39),V(NODE6_24_40),V(NODE6_24_41),V(NODE6_24_42),V(NODE6_24_43),V(NODE6_24_44),V(NODE6_24_45),V(NODE6_24_46),V(NODE6_24_47),V(NODE6_24_48),V(NODE6_24_49),V(NODE6_24_50),V(NODE6_24_51),V(NODE6_24_52),V(NODE6_24_53),V(NODE6_24_54),V(NODE6_24_55),V(NODE6_24_56),V(NODE6_24_57),V(NODE6_24_58),V(NODE6_24_59),V(NODE6_24_60),V(NODE6_24_61),V(NODE6_24_62),V(NODE6_24_63),V(NODE6_24_64),V(NODE6_24_65),V(NODE6_24_66),V(NODE6_24_67),V(NODE6_24_68),V(NODE6_24_69),V(NODE6_24_70),V(NODE6_24_71),V(NODE6_24_72),V(NODE6_24_73),V(NODE6_24_74),V(NODE6_24_75),V(NODE6_24_76),V(NODE6_24_77),V(NODE6_24_78),V(NODE6_24_79),V(NODE6_24_80),V(NODE6_24_81),V(NODE6_24_82),V(NODE6_24_83),V(NODE6_24_84),V(NODE6_24_85),V(NODE6_24_86),V(NODE6_24_87),V(NODE6_24_88),V(NODE6_24_89),V(NODE6_24_90),V(NODE6_24_91),V(NODE6_24_92),V(NODE6_24_93),V(NODE6_24_94),V(NODE6_24_95),V(NODE6_24_96),V(NODE6_24_97),V(NODE6_24_98),V(NODE6_24_99),V(NODE6_25_0),V(NODE6_25_1),V(NODE6_25_2),V(NODE6_25_3),V(NODE6_25_4),V(NODE6_25_5),V(NODE6_25_6),V(NODE6_25_7),V(NODE6_25_8),V(NODE6_25_9),V(NODE6_25_10),V(NODE6_25_11),V(NODE6_25_12),V(NODE6_25_13),V(NODE6_25_14),V(NODE6_25_15),V(NODE6_25_16),V(NODE6_25_17),V(NODE6_25_18),V(NODE6_25_19),V(NODE6_25_20),V(NODE6_25_21),V(NODE6_25_22),V(NODE6_25_23),V(NODE6_25_24),V(NODE6_25_25),V(NODE6_25_26),V(NODE6_25_27),V(NODE6_25_28),V(NODE6_25_29),V(NODE6_25_30),V(NODE6_25_31),V(NODE6_25_32),V(NODE6_25_33),V(NODE6_25_34),V(NODE6_25_35),V(NODE6_25_36),V(NODE6_25_37),V(NODE6_25_38),V(NODE6_25_39),V(NODE6_25_40),V(NODE6_25_41),V(NODE6_25_42),V(NODE6_25_43),V(NODE6_25_44),V(NODE6_25_45),V(NODE6_25_46),V(NODE6_25_47),V(NODE6_25_48),V(NODE6_25_49),V(NODE6_25_50),V(NODE6_25_51),V(NODE6_25_52),V(NODE6_25_53),V(NODE6_25_54),V(NODE6_25_55),V(NODE6_25_56),V(NODE6_25_57),V(NODE6_25_58),V(NODE6_25_59),V(NODE6_25_60),V(NODE6_25_61),V(NODE6_25_62),V(NODE6_25_63),V(NODE6_25_64),V(NODE6_25_65),V(NODE6_25_66),V(NODE6_25_67),V(NODE6_25_68),V(NODE6_25_69),V(NODE6_25_70),V(NODE6_25_71),V(NODE6_25_72),V(NODE6_25_73),V(NODE6_25_74),V(NODE6_25_75),V(NODE6_25_76),V(NODE6_25_77),V(NODE6_25_78),V(NODE6_25_79),V(NODE6_25_80),V(NODE6_25_81),V(NODE6_25_82),V(NODE6_25_83),V(NODE6_25_84),V(NODE6_25_85),V(NODE6_25_86),V(NODE6_25_87),V(NODE6_25_88),V(NODE6_25_89),V(NODE6_25_90),V(NODE6_25_91),V(NODE6_25_92),V(NODE6_25_93),V(NODE6_25_94),V(NODE6_25_95),V(NODE6_25_96),V(NODE6_25_97),V(NODE6_25_98),V(NODE6_25_99),V(NODE6_26_0),V(NODE6_26_1),V(NODE6_26_2),V(NODE6_26_3),V(NODE6_26_4),V(NODE6_26_5),V(NODE6_26_6),V(NODE6_26_7),V(NODE6_26_8),V(NODE6_26_9),V(NODE6_26_10),V(NODE6_26_11),V(NODE6_26_12),V(NODE6_26_13),V(NODE6_26_14),V(NODE6_26_15),V(NODE6_26_16),V(NODE6_26_17),V(NODE6_26_18),V(NODE6_26_19),V(NODE6_26_20),V(NODE6_26_21),V(NODE6_26_22),V(NODE6_26_23),V(NODE6_26_24),V(NODE6_26_25),V(NODE6_26_26),V(NODE6_26_27),V(NODE6_26_28),V(NODE6_26_29),V(NODE6_26_30),V(NODE6_26_31),V(NODE6_26_32),V(NODE6_26_33),V(NODE6_26_34),V(NODE6_26_35),V(NODE6_26_36),V(NODE6_26_37),V(NODE6_26_38),V(NODE6_26_39),V(NODE6_26_40),V(NODE6_26_41),V(NODE6_26_42),V(NODE6_26_43),V(NODE6_26_44),V(NODE6_26_45),V(NODE6_26_46),V(NODE6_26_47),V(NODE6_26_48),V(NODE6_26_49),V(NODE6_26_50),V(NODE6_26_51),V(NODE6_26_52),V(NODE6_26_53),V(NODE6_26_54),V(NODE6_26_55),V(NODE6_26_56),V(NODE6_26_57),V(NODE6_26_58),V(NODE6_26_59),V(NODE6_26_60),V(NODE6_26_61),V(NODE6_26_62),V(NODE6_26_63),V(NODE6_26_64),V(NODE6_26_65),V(NODE6_26_66),V(NODE6_26_67),V(NODE6_26_68),V(NODE6_26_69),V(NODE6_26_70),V(NODE6_26_71),V(NODE6_26_72),V(NODE6_26_73),V(NODE6_26_74),V(NODE6_26_75),V(NODE6_26_76),V(NODE6_26_77),V(NODE6_26_78),V(NODE6_26_79),V(NODE6_26_80),V(NODE6_26_81),V(NODE6_26_82),V(NODE6_26_83),V(NODE6_26_84),V(NODE6_26_85),V(NODE6_26_86),V(NODE6_26_87),V(NODE6_26_88),V(NODE6_26_89),V(NODE6_26_90),V(NODE6_26_91),V(NODE6_26_92),V(NODE6_26_93),V(NODE6_26_94),V(NODE6_26_95),V(NODE6_26_96),V(NODE6_26_97),V(NODE6_26_98),V(NODE6_26_99),V(NODE6_27_0),V(NODE6_27_1),V(NODE6_27_2),V(NODE6_27_3),V(NODE6_27_4),V(NODE6_27_5),V(NODE6_27_6),V(NODE6_27_7),V(NODE6_27_8),V(NODE6_27_9),V(NODE6_27_10),V(NODE6_27_11),V(NODE6_27_12),V(NODE6_27_13),V(NODE6_27_14),V(NODE6_27_15),V(NODE6_27_16),V(NODE6_27_17),V(NODE6_27_18),V(NODE6_27_19),V(NODE6_27_20),V(NODE6_27_21),V(NODE6_27_22),V(NODE6_27_23),V(NODE6_27_24),V(NODE6_27_25),V(NODE6_27_26),V(NODE6_27_27),V(NODE6_27_28),V(NODE6_27_29),V(NODE6_27_30),V(NODE6_27_31),V(NODE6_27_32),V(NODE6_27_33),V(NODE6_27_34),V(NODE6_27_35),V(NODE6_27_36),V(NODE6_27_37),V(NODE6_27_38),V(NODE6_27_39),V(NODE6_27_40),V(NODE6_27_41),V(NODE6_27_42),V(NODE6_27_43),V(NODE6_27_44),V(NODE6_27_45),V(NODE6_27_46),V(NODE6_27_47),V(NODE6_27_48),V(NODE6_27_49),V(NODE6_27_50),V(NODE6_27_51),V(NODE6_27_52),V(NODE6_27_53),V(NODE6_27_54),V(NODE6_27_55),V(NODE6_27_56),V(NODE6_27_57),V(NODE6_27_58),V(NODE6_27_59),V(NODE6_27_60),V(NODE6_27_61),V(NODE6_27_62),V(NODE6_27_63),V(NODE6_27_64),V(NODE6_27_65),V(NODE6_27_66),V(NODE6_27_67),V(NODE6_27_68),V(NODE6_27_69),V(NODE6_27_70),V(NODE6_27_71),V(NODE6_27_72),V(NODE6_27_73),V(NODE6_27_74),V(NODE6_27_75),V(NODE6_27_76),V(NODE6_27_77),V(NODE6_27_78),V(NODE6_27_79),V(NODE6_27_80),V(NODE6_27_81),V(NODE6_27_82),V(NODE6_27_83),V(NODE6_27_84),V(NODE6_27_85),V(NODE6_27_86),V(NODE6_27_87),V(NODE6_27_88),V(NODE6_27_89),V(NODE6_27_90),V(NODE6_27_91),V(NODE6_27_92),V(NODE6_27_93),V(NODE6_27_94),V(NODE6_27_95),V(NODE6_27_96),V(NODE6_27_97),V(NODE6_27_98),V(NODE6_27_99),V(NODE6_28_0),V(NODE6_28_1),V(NODE6_28_2),V(NODE6_28_3),V(NODE6_28_4),V(NODE6_28_5),V(NODE6_28_6),V(NODE6_28_7),V(NODE6_28_8),V(NODE6_28_9),V(NODE6_28_10),V(NODE6_28_11),V(NODE6_28_12),V(NODE6_28_13),V(NODE6_28_14),V(NODE6_28_15),V(NODE6_28_16),V(NODE6_28_17),V(NODE6_28_18),V(NODE6_28_19),V(NODE6_28_20),V(NODE6_28_21),V(NODE6_28_22),V(NODE6_28_23),V(NODE6_28_24),V(NODE6_28_25),V(NODE6_28_26),V(NODE6_28_27),V(NODE6_28_28),V(NODE6_28_29),V(NODE6_28_30),V(NODE6_28_31),V(NODE6_28_32),V(NODE6_28_33),V(NODE6_28_34),V(NODE6_28_35),V(NODE6_28_36),V(NODE6_28_37),V(NODE6_28_38),V(NODE6_28_39),V(NODE6_28_40),V(NODE6_28_41),V(NODE6_28_42),V(NODE6_28_43),V(NODE6_28_44),V(NODE6_28_45),V(NODE6_28_46),V(NODE6_28_47),V(NODE6_28_48),V(NODE6_28_49),V(NODE6_28_50),V(NODE6_28_51),V(NODE6_28_52),V(NODE6_28_53),V(NODE6_28_54),V(NODE6_28_55),V(NODE6_28_56),V(NODE6_28_57),V(NODE6_28_58),V(NODE6_28_59),V(NODE6_28_60),V(NODE6_28_61),V(NODE6_28_62),V(NODE6_28_63),V(NODE6_28_64),V(NODE6_28_65),V(NODE6_28_66),V(NODE6_28_67),V(NODE6_28_68),V(NODE6_28_69),V(NODE6_28_70),V(NODE6_28_71),V(NODE6_28_72),V(NODE6_28_73),V(NODE6_28_74),V(NODE6_28_75),V(NODE6_28_76),V(NODE6_28_77),V(NODE6_28_78),V(NODE6_28_79),V(NODE6_28_80),V(NODE6_28_81),V(NODE6_28_82),V(NODE6_28_83),V(NODE6_28_84),V(NODE6_28_85),V(NODE6_28_86),V(NODE6_28_87),V(NODE6_28_88),V(NODE6_28_89),V(NODE6_28_90),V(NODE6_28_91),V(NODE6_28_92),V(NODE6_28_93),V(NODE6_28_94),V(NODE6_28_95),V(NODE6_28_96),V(NODE6_28_97),V(NODE6_28_98),V(NODE6_28_99),V(NODE6_29_0),V(NODE6_29_1),V(NODE6_29_2),V(NODE6_29_3),V(NODE6_29_4),V(NODE6_29_5),V(NODE6_29_6),V(NODE6_29_7),V(NODE6_29_8),V(NODE6_29_9),V(NODE6_29_10),V(NODE6_29_11),V(NODE6_29_12),V(NODE6_29_13),V(NODE6_29_14),V(NODE6_29_15),V(NODE6_29_16),V(NODE6_29_17),V(NODE6_29_18),V(NODE6_29_19),V(NODE6_29_20),V(NODE6_29_21),V(NODE6_29_22),V(NODE6_29_23),V(NODE6_29_24),V(NODE6_29_25),V(NODE6_29_26),V(NODE6_29_27),V(NODE6_29_28),V(NODE6_29_29),V(NODE6_29_30),V(NODE6_29_31),V(NODE6_29_32),V(NODE6_29_33),V(NODE6_29_34),V(NODE6_29_35),V(NODE6_29_36),V(NODE6_29_37),V(NODE6_29_38),V(NODE6_29_39),V(NODE6_29_40),V(NODE6_29_41),V(NODE6_29_42),V(NODE6_29_43),V(NODE6_29_44),V(NODE6_29_45),V(NODE6_29_46),V(NODE6_29_47),V(NODE6_29_48),V(NODE6_29_49),V(NODE6_29_50),V(NODE6_29_51),V(NODE6_29_52),V(NODE6_29_53),V(NODE6_29_54),V(NODE6_29_55),V(NODE6_29_56),V(NODE6_29_57),V(NODE6_29_58),V(NODE6_29_59),V(NODE6_29_60),V(NODE6_29_61),V(NODE6_29_62),V(NODE6_29_63),V(NODE6_29_64),V(NODE6_29_65),V(NODE6_29_66),V(NODE6_29_67),V(NODE6_29_68),V(NODE6_29_69),V(NODE6_29_70),V(NODE6_29_71),V(NODE6_29_72),V(NODE6_29_73),V(NODE6_29_74),V(NODE6_29_75),V(NODE6_29_76),V(NODE6_29_77),V(NODE6_29_78),V(NODE6_29_79),V(NODE6_29_80),V(NODE6_29_81),V(NODE6_29_82),V(NODE6_29_83),V(NODE6_29_84),V(NODE6_29_85),V(NODE6_29_86),V(NODE6_29_87),V(NODE6_29_88),V(NODE6_29_89),V(NODE6_29_90),V(NODE6_29_91),V(NODE6_29_92),V(NODE6_29_93),V(NODE6_29_94),V(NODE6_29_95),V(NODE6_29_96),V(NODE6_29_97),V(NODE6_29_98),V(NODE6_29_99),V(NODE6_30_0),V(NODE6_30_1),V(NODE6_30_2),V(NODE6_30_3),V(NODE6_30_4),V(NODE6_30_5),V(NODE6_30_6),V(NODE6_30_7),V(NODE6_30_8),V(NODE6_30_9),V(NODE6_30_10),V(NODE6_30_11),V(NODE6_30_12),V(NODE6_30_13),V(NODE6_30_14),V(NODE6_30_15),V(NODE6_30_16),V(NODE6_30_17),V(NODE6_30_18),V(NODE6_30_19),V(NODE6_30_20),V(NODE6_30_21),V(NODE6_30_22),V(NODE6_30_23),V(NODE6_30_24),V(NODE6_30_25),V(NODE6_30_26),V(NODE6_30_27),V(NODE6_30_28),V(NODE6_30_29),V(NODE6_30_30),V(NODE6_30_31),V(NODE6_30_32),V(NODE6_30_33),V(NODE6_30_34),V(NODE6_30_35),V(NODE6_30_36),V(NODE6_30_37),V(NODE6_30_38),V(NODE6_30_39),V(NODE6_30_40),V(NODE6_30_41),V(NODE6_30_42),V(NODE6_30_43),V(NODE6_30_44),V(NODE6_30_45),V(NODE6_30_46),V(NODE6_30_47),V(NODE6_30_48),V(NODE6_30_49),V(NODE6_30_50),V(NODE6_30_51),V(NODE6_30_52),V(NODE6_30_53),V(NODE6_30_54),V(NODE6_30_55),V(NODE6_30_56),V(NODE6_30_57),V(NODE6_30_58),V(NODE6_30_59),V(NODE6_30_60),V(NODE6_30_61),V(NODE6_30_62),V(NODE6_30_63),V(NODE6_30_64),V(NODE6_30_65),V(NODE6_30_66),V(NODE6_30_67),V(NODE6_30_68),V(NODE6_30_69),V(NODE6_30_70),V(NODE6_30_71),V(NODE6_30_72),V(NODE6_30_73),V(NODE6_30_74),V(NODE6_30_75),V(NODE6_30_76),V(NODE6_30_77),V(NODE6_30_78),V(NODE6_30_79),V(NODE6_30_80),V(NODE6_30_81),V(NODE6_30_82),V(NODE6_30_83),V(NODE6_30_84),V(NODE6_30_85),V(NODE6_30_86),V(NODE6_30_87),V(NODE6_30_88),V(NODE6_30_89),V(NODE6_30_90),V(NODE6_30_91),V(NODE6_30_92),V(NODE6_30_93),V(NODE6_30_94),V(NODE6_30_95),V(NODE6_30_96),V(NODE6_30_97),V(NODE6_30_98),V(NODE6_30_99),V(NODE6_31_0),V(NODE6_31_1),V(NODE6_31_2),V(NODE6_31_3),V(NODE6_31_4),V(NODE6_31_5),V(NODE6_31_6),V(NODE6_31_7),V(NODE6_31_8),V(NODE6_31_9),V(NODE6_31_10),V(NODE6_31_11),V(NODE6_31_12),V(NODE6_31_13),V(NODE6_31_14),V(NODE6_31_15),V(NODE6_31_16),V(NODE6_31_17),V(NODE6_31_18),V(NODE6_31_19),V(NODE6_31_20),V(NODE6_31_21),V(NODE6_31_22),V(NODE6_31_23),V(NODE6_31_24),V(NODE6_31_25),V(NODE6_31_26),V(NODE6_31_27),V(NODE6_31_28),V(NODE6_31_29),V(NODE6_31_30),V(NODE6_31_31),V(NODE6_31_32),V(NODE6_31_33),V(NODE6_31_34),V(NODE6_31_35),V(NODE6_31_36),V(NODE6_31_37),V(NODE6_31_38),V(NODE6_31_39),V(NODE6_31_40),V(NODE6_31_41),V(NODE6_31_42),V(NODE6_31_43),V(NODE6_31_44),V(NODE6_31_45),V(NODE6_31_46),V(NODE6_31_47),V(NODE6_31_48),V(NODE6_31_49),V(NODE6_31_50),V(NODE6_31_51),V(NODE6_31_52),V(NODE6_31_53),V(NODE6_31_54),V(NODE6_31_55),V(NODE6_31_56),V(NODE6_31_57),V(NODE6_31_58),V(NODE6_31_59),V(NODE6_31_60),V(NODE6_31_61),V(NODE6_31_62),V(NODE6_31_63),V(NODE6_31_64),V(NODE6_31_65),V(NODE6_31_66),V(NODE6_31_67),V(NODE6_31_68),V(NODE6_31_69),V(NODE6_31_70),V(NODE6_31_71),V(NODE6_31_72),V(NODE6_31_73),V(NODE6_31_74),V(NODE6_31_75),V(NODE6_31_76),V(NODE6_31_77),V(NODE6_31_78),V(NODE6_31_79),V(NODE6_31_80),V(NODE6_31_81),V(NODE6_31_82),V(NODE6_31_83),V(NODE6_31_84),V(NODE6_31_85),V(NODE6_31_86),V(NODE6_31_87),V(NODE6_31_88),V(NODE6_31_89),V(NODE6_31_90),V(NODE6_31_91),V(NODE6_31_92),V(NODE6_31_93),V(NODE6_31_94),V(NODE6_31_95),V(NODE6_31_96),V(NODE6_31_97),V(NODE6_31_98),V(NODE6_31_99),V(NODE6_32_0),V(NODE6_32_1),V(NODE6_32_2),V(NODE6_32_3),V(NODE6_32_4),V(NODE6_32_5),V(NODE6_32_6),V(NODE6_32_7),V(NODE6_32_8),V(NODE6_32_9),V(NODE6_32_10),V(NODE6_32_11),V(NODE6_32_12),V(NODE6_32_13),V(NODE6_32_14),V(NODE6_32_15),V(NODE6_32_16),V(NODE6_32_17),V(NODE6_32_18),V(NODE6_32_19),V(NODE6_32_20),V(NODE6_32_21),V(NODE6_32_22),V(NODE6_32_23),V(NODE6_32_24),V(NODE6_32_25),V(NODE6_32_26),V(NODE6_32_27),V(NODE6_32_28),V(NODE6_32_29),V(NODE6_32_30),V(NODE6_32_31),V(NODE6_32_32),V(NODE6_32_33),V(NODE6_32_34),V(NODE6_32_35),V(NODE6_32_36),V(NODE6_32_37),V(NODE6_32_38),V(NODE6_32_39),V(NODE6_32_40),V(NODE6_32_41),V(NODE6_32_42),V(NODE6_32_43),V(NODE6_32_44),V(NODE6_32_45),V(NODE6_32_46),V(NODE6_32_47),V(NODE6_32_48),V(NODE6_32_49),V(NODE6_32_50),V(NODE6_32_51),V(NODE6_32_52),V(NODE6_32_53),V(NODE6_32_54),V(NODE6_32_55),V(NODE6_32_56),V(NODE6_32_57),V(NODE6_32_58),V(NODE6_32_59),V(NODE6_32_60),V(NODE6_32_61),V(NODE6_32_62),V(NODE6_32_63),V(NODE6_32_64),V(NODE6_32_65),V(NODE6_32_66),V(NODE6_32_67),V(NODE6_32_68),V(NODE6_32_69),V(NODE6_32_70),V(NODE6_32_71),V(NODE6_32_72),V(NODE6_32_73),V(NODE6_32_74),V(NODE6_32_75),V(NODE6_32_76),V(NODE6_32_77),V(NODE6_32_78),V(NODE6_32_79),V(NODE6_32_80),V(NODE6_32_81),V(NODE6_32_82),V(NODE6_32_83),V(NODE6_32_84),V(NODE6_32_85),V(NODE6_32_86),V(NODE6_32_87),V(NODE6_32_88),V(NODE6_32_89),V(NODE6_32_90),V(NODE6_32_91),V(NODE6_32_92),V(NODE6_32_93),V(NODE6_32_94),V(NODE6_32_95),V(NODE6_32_96),V(NODE6_32_97),V(NODE6_32_98),V(NODE6_32_99),V(NODE6_33_0),V(NODE6_33_1),V(NODE6_33_2),V(NODE6_33_3),V(NODE6_33_4),V(NODE6_33_5),V(NODE6_33_6),V(NODE6_33_7),V(NODE6_33_8),V(NODE6_33_9),V(NODE6_33_10),V(NODE6_33_11),V(NODE6_33_12),V(NODE6_33_13),V(NODE6_33_14),V(NODE6_33_15),V(NODE6_33_16),V(NODE6_33_17),V(NODE6_33_18),V(NODE6_33_19),V(NODE6_33_20),V(NODE6_33_21),V(NODE6_33_22),V(NODE6_33_23),V(NODE6_33_24),V(NODE6_33_25),V(NODE6_33_26),V(NODE6_33_27),V(NODE6_33_28),V(NODE6_33_29),V(NODE6_33_30),V(NODE6_33_31),V(NODE6_33_32),V(NODE6_33_33),V(NODE6_33_34),V(NODE6_33_35),V(NODE6_33_36),V(NODE6_33_37),V(NODE6_33_38),V(NODE6_33_39),V(NODE6_33_40),V(NODE6_33_41),V(NODE6_33_42),V(NODE6_33_43),V(NODE6_33_44),V(NODE6_33_45),V(NODE6_33_46),V(NODE6_33_47),V(NODE6_33_48),V(NODE6_33_49),V(NODE6_33_50),V(NODE6_33_51),V(NODE6_33_52),V(NODE6_33_53),V(NODE6_33_54),V(NODE6_33_55),V(NODE6_33_56),V(NODE6_33_57),V(NODE6_33_58),V(NODE6_33_59),V(NODE6_33_60),V(NODE6_33_61),V(NODE6_33_62),V(NODE6_33_63),V(NODE6_33_64),V(NODE6_33_65),V(NODE6_33_66),V(NODE6_33_67),V(NODE6_33_68),V(NODE6_33_69),V(NODE6_33_70),V(NODE6_33_71),V(NODE6_33_72),V(NODE6_33_73),V(NODE6_33_74),V(NODE6_33_75),V(NODE6_33_76),V(NODE6_33_77),V(NODE6_33_78),V(NODE6_33_79),V(NODE6_33_80),V(NODE6_33_81),V(NODE6_33_82),V(NODE6_33_83),V(NODE6_33_84),V(NODE6_33_85),V(NODE6_33_86),V(NODE6_33_87),V(NODE6_33_88),V(NODE6_33_89),V(NODE6_33_90),V(NODE6_33_91),V(NODE6_33_92),V(NODE6_33_93),V(NODE6_33_94),V(NODE6_33_95),V(NODE6_33_96),V(NODE6_33_97),V(NODE6_33_98),V(NODE6_33_99),V(NODE6_34_0),V(NODE6_34_1),V(NODE6_34_2),V(NODE6_34_3),V(NODE6_34_4),V(NODE6_34_5),V(NODE6_34_6),V(NODE6_34_7),V(NODE6_34_8),V(NODE6_34_9),V(NODE6_34_10),V(NODE6_34_11),V(NODE6_34_12),V(NODE6_34_13),V(NODE6_34_14),V(NODE6_34_15),V(NODE6_34_16),V(NODE6_34_17),V(NODE6_34_18),V(NODE6_34_19),V(NODE6_34_20),V(NODE6_34_21),V(NODE6_34_22),V(NODE6_34_23),V(NODE6_34_24),V(NODE6_34_25),V(NODE6_34_26),V(NODE6_34_27),V(NODE6_34_28),V(NODE6_34_29),V(NODE6_34_30),V(NODE6_34_31),V(NODE6_34_32),V(NODE6_34_33),V(NODE6_34_34),V(NODE6_34_35),V(NODE6_34_36),V(NODE6_34_37),V(NODE6_34_38),V(NODE6_34_39),V(NODE6_34_40),V(NODE6_34_41),V(NODE6_34_42),V(NODE6_34_43),V(NODE6_34_44),V(NODE6_34_45),V(NODE6_34_46),V(NODE6_34_47),V(NODE6_34_48),V(NODE6_34_49),V(NODE6_34_50),V(NODE6_34_51),V(NODE6_34_52),V(NODE6_34_53),V(NODE6_34_54),V(NODE6_34_55),V(NODE6_34_56),V(NODE6_34_57),V(NODE6_34_58),V(NODE6_34_59),V(NODE6_34_60),V(NODE6_34_61),V(NODE6_34_62),V(NODE6_34_63),V(NODE6_34_64),V(NODE6_34_65),V(NODE6_34_66),V(NODE6_34_67),V(NODE6_34_68),V(NODE6_34_69),V(NODE6_34_70),V(NODE6_34_71),V(NODE6_34_72),V(NODE6_34_73),V(NODE6_34_74),V(NODE6_34_75),V(NODE6_34_76),V(NODE6_34_77),V(NODE6_34_78),V(NODE6_34_79),V(NODE6_34_80),V(NODE6_34_81),V(NODE6_34_82),V(NODE6_34_83),V(NODE6_34_84),V(NODE6_34_85),V(NODE6_34_86),V(NODE6_34_87),V(NODE6_34_88),V(NODE6_34_89),V(NODE6_34_90),V(NODE6_34_91),V(NODE6_34_92),V(NODE6_34_93),V(NODE6_34_94),V(NODE6_34_95),V(NODE6_34_96),V(NODE6_34_97),V(NODE6_34_98),V(NODE6_34_99),V(NODE6_35_0),V(NODE6_35_1),V(NODE6_35_2),V(NODE6_35_3),V(NODE6_35_4),V(NODE6_35_5),V(NODE6_35_6),V(NODE6_35_7),V(NODE6_35_8),V(NODE6_35_9),V(NODE6_35_10),V(NODE6_35_11),V(NODE6_35_12),V(NODE6_35_13),V(NODE6_35_14),V(NODE6_35_15),V(NODE6_35_16),V(NODE6_35_17),V(NODE6_35_18),V(NODE6_35_19),V(NODE6_35_20),V(NODE6_35_21),V(NODE6_35_22),V(NODE6_35_23),V(NODE6_35_24),V(NODE6_35_25),V(NODE6_35_26),V(NODE6_35_27),V(NODE6_35_28),V(NODE6_35_29),V(NODE6_35_30),V(NODE6_35_31),V(NODE6_35_32),V(NODE6_35_33),V(NODE6_35_34),V(NODE6_35_35),V(NODE6_35_36),V(NODE6_35_37),V(NODE6_35_38),V(NODE6_35_39),V(NODE6_35_40),V(NODE6_35_41),V(NODE6_35_42),V(NODE6_35_43),V(NODE6_35_44),V(NODE6_35_45),V(NODE6_35_46),V(NODE6_35_47),V(NODE6_35_48),V(NODE6_35_49),V(NODE6_35_50),V(NODE6_35_51),V(NODE6_35_52),V(NODE6_35_53),V(NODE6_35_54),V(NODE6_35_55),V(NODE6_35_56),V(NODE6_35_57),V(NODE6_35_58),V(NODE6_35_59),V(NODE6_35_60),V(NODE6_35_61),V(NODE6_35_62),V(NODE6_35_63),V(NODE6_35_64),V(NODE6_35_65),V(NODE6_35_66),V(NODE6_35_67),V(NODE6_35_68),V(NODE6_35_69),V(NODE6_35_70),V(NODE6_35_71),V(NODE6_35_72),V(NODE6_35_73),V(NODE6_35_74),V(NODE6_35_75),V(NODE6_35_76),V(NODE6_35_77),V(NODE6_35_78),V(NODE6_35_79),V(NODE6_35_80),V(NODE6_35_81),V(NODE6_35_82),V(NODE6_35_83),V(NODE6_35_84),V(NODE6_35_85),V(NODE6_35_86),V(NODE6_35_87),V(NODE6_35_88),V(NODE6_35_89),V(NODE6_35_90),V(NODE6_35_91),V(NODE6_35_92),V(NODE6_35_93),V(NODE6_35_94),V(NODE6_35_95),V(NODE6_35_96),V(NODE6_35_97),V(NODE6_35_98),V(NODE6_35_99),V(NODE6_36_0),V(NODE6_36_1),V(NODE6_36_2),V(NODE6_36_3),V(NODE6_36_4),V(NODE6_36_5),V(NODE6_36_6),V(NODE6_36_7),V(NODE6_36_8),V(NODE6_36_9),V(NODE6_36_10),V(NODE6_36_11),V(NODE6_36_12),V(NODE6_36_13),V(NODE6_36_14),V(NODE6_36_15),V(NODE6_36_16),V(NODE6_36_17),V(NODE6_36_18),V(NODE6_36_19),V(NODE6_36_20),V(NODE6_36_21),V(NODE6_36_22),V(NODE6_36_23),V(NODE6_36_24),V(NODE6_36_25),V(NODE6_36_26),V(NODE6_36_27),V(NODE6_36_28),V(NODE6_36_29),V(NODE6_36_30),V(NODE6_36_31),V(NODE6_36_32),V(NODE6_36_33),V(NODE6_36_34),V(NODE6_36_35),V(NODE6_36_36),V(NODE6_36_37),V(NODE6_36_38),V(NODE6_36_39),V(NODE6_36_40),V(NODE6_36_41),V(NODE6_36_42),V(NODE6_36_43),V(NODE6_36_44),V(NODE6_36_45),V(NODE6_36_46),V(NODE6_36_47),V(NODE6_36_48),V(NODE6_36_49),V(NODE6_36_50),V(NODE6_36_51),V(NODE6_36_52),V(NODE6_36_53),V(NODE6_36_54),V(NODE6_36_55),V(NODE6_36_56),V(NODE6_36_57),V(NODE6_36_58),V(NODE6_36_59),V(NODE6_36_60),V(NODE6_36_61),V(NODE6_36_62),V(NODE6_36_63),V(NODE6_36_64),V(NODE6_36_65),V(NODE6_36_66),V(NODE6_36_67),V(NODE6_36_68),V(NODE6_36_69),V(NODE6_36_70),V(NODE6_36_71),V(NODE6_36_72),V(NODE6_36_73),V(NODE6_36_74),V(NODE6_36_75),V(NODE6_36_76),V(NODE6_36_77),V(NODE6_36_78),V(NODE6_36_79),V(NODE6_36_80),V(NODE6_36_81),V(NODE6_36_82),V(NODE6_36_83),V(NODE6_36_84),V(NODE6_36_85),V(NODE6_36_86),V(NODE6_36_87),V(NODE6_36_88),V(NODE6_36_89),V(NODE6_36_90),V(NODE6_36_91),V(NODE6_36_92),V(NODE6_36_93),V(NODE6_36_94),V(NODE6_36_95),V(NODE6_36_96),V(NODE6_36_97),V(NODE6_36_98),V(NODE6_36_99),V(NODE6_37_0),V(NODE6_37_1),V(NODE6_37_2),V(NODE6_37_3),V(NODE6_37_4),V(NODE6_37_5),V(NODE6_37_6),V(NODE6_37_7),V(NODE6_37_8),V(NODE6_37_9),V(NODE6_37_10),V(NODE6_37_11),V(NODE6_37_12),V(NODE6_37_13),V(NODE6_37_14),V(NODE6_37_15),V(NODE6_37_16),V(NODE6_37_17),V(NODE6_37_18),V(NODE6_37_19),V(NODE6_37_20),V(NODE6_37_21),V(NODE6_37_22),V(NODE6_37_23),V(NODE6_37_24),V(NODE6_37_25),V(NODE6_37_26),V(NODE6_37_27),V(NODE6_37_28),V(NODE6_37_29),V(NODE6_37_30),V(NODE6_37_31),V(NODE6_37_32),V(NODE6_37_33),V(NODE6_37_34),V(NODE6_37_35),V(NODE6_37_36),V(NODE6_37_37),V(NODE6_37_38),V(NODE6_37_39),V(NODE6_37_40),V(NODE6_37_41),V(NODE6_37_42),V(NODE6_37_43),V(NODE6_37_44),V(NODE6_37_45),V(NODE6_37_46),V(NODE6_37_47),V(NODE6_37_48),V(NODE6_37_49),V(NODE6_37_50),V(NODE6_37_51),V(NODE6_37_52),V(NODE6_37_53),V(NODE6_37_54),V(NODE6_37_55),V(NODE6_37_56),V(NODE6_37_57),V(NODE6_37_58),V(NODE6_37_59),V(NODE6_37_60),V(NODE6_37_61),V(NODE6_37_62),V(NODE6_37_63),V(NODE6_37_64),V(NODE6_37_65),V(NODE6_37_66),V(NODE6_37_67),V(NODE6_37_68),V(NODE6_37_69),V(NODE6_37_70),V(NODE6_37_71),V(NODE6_37_72),V(NODE6_37_73),V(NODE6_37_74),V(NODE6_37_75),V(NODE6_37_76),V(NODE6_37_77),V(NODE6_37_78),V(NODE6_37_79),V(NODE6_37_80),V(NODE6_37_81),V(NODE6_37_82),V(NODE6_37_83),V(NODE6_37_84),V(NODE6_37_85),V(NODE6_37_86),V(NODE6_37_87),V(NODE6_37_88),V(NODE6_37_89),V(NODE6_37_90),V(NODE6_37_91),V(NODE6_37_92),V(NODE6_37_93),V(NODE6_37_94),V(NODE6_37_95),V(NODE6_37_96),V(NODE6_37_97),V(NODE6_37_98),V(NODE6_37_99),V(NODE6_38_0),V(NODE6_38_1),V(NODE6_38_2),V(NODE6_38_3),V(NODE6_38_4),V(NODE6_38_5),V(NODE6_38_6),V(NODE6_38_7),V(NODE6_38_8),V(NODE6_38_9),V(NODE6_38_10),V(NODE6_38_11),V(NODE6_38_12),V(NODE6_38_13),V(NODE6_38_14),V(NODE6_38_15),V(NODE6_38_16),V(NODE6_38_17),V(NODE6_38_18),V(NODE6_38_19),V(NODE6_38_20),V(NODE6_38_21),V(NODE6_38_22),V(NODE6_38_23),V(NODE6_38_24),V(NODE6_38_25),V(NODE6_38_26),V(NODE6_38_27),V(NODE6_38_28),V(NODE6_38_29),V(NODE6_38_30),V(NODE6_38_31),V(NODE6_38_32),V(NODE6_38_33),V(NODE6_38_34),V(NODE6_38_35),V(NODE6_38_36),V(NODE6_38_37),V(NODE6_38_38),V(NODE6_38_39),V(NODE6_38_40),V(NODE6_38_41),V(NODE6_38_42),V(NODE6_38_43),V(NODE6_38_44),V(NODE6_38_45),V(NODE6_38_46),V(NODE6_38_47),V(NODE6_38_48),V(NODE6_38_49),V(NODE6_38_50),V(NODE6_38_51),V(NODE6_38_52),V(NODE6_38_53),V(NODE6_38_54),V(NODE6_38_55),V(NODE6_38_56),V(NODE6_38_57),V(NODE6_38_58),V(NODE6_38_59),V(NODE6_38_60),V(NODE6_38_61),V(NODE6_38_62),V(NODE6_38_63),V(NODE6_38_64),V(NODE6_38_65),V(NODE6_38_66),V(NODE6_38_67),V(NODE6_38_68),V(NODE6_38_69),V(NODE6_38_70),V(NODE6_38_71),V(NODE6_38_72),V(NODE6_38_73),V(NODE6_38_74),V(NODE6_38_75),V(NODE6_38_76),V(NODE6_38_77),V(NODE6_38_78),V(NODE6_38_79),V(NODE6_38_80),V(NODE6_38_81),V(NODE6_38_82),V(NODE6_38_83),V(NODE6_38_84),V(NODE6_38_85),V(NODE6_38_86),V(NODE6_38_87),V(NODE6_38_88),V(NODE6_38_89),V(NODE6_38_90),V(NODE6_38_91),V(NODE6_38_92),V(NODE6_38_93),V(NODE6_38_94),V(NODE6_38_95),V(NODE6_38_96),V(NODE6_38_97),V(NODE6_38_98),V(NODE6_38_99),V(NODE6_39_0),V(NODE6_39_1),V(NODE6_39_2),V(NODE6_39_3),V(NODE6_39_4),V(NODE6_39_5),V(NODE6_39_6),V(NODE6_39_7),V(NODE6_39_8),V(NODE6_39_9),V(NODE6_39_10),V(NODE6_39_11),V(NODE6_39_12),V(NODE6_39_13),V(NODE6_39_14),V(NODE6_39_15),V(NODE6_39_16),V(NODE6_39_17),V(NODE6_39_18),V(NODE6_39_19),V(NODE6_39_20),V(NODE6_39_21),V(NODE6_39_22),V(NODE6_39_23),V(NODE6_39_24),V(NODE6_39_25),V(NODE6_39_26),V(NODE6_39_27),V(NODE6_39_28),V(NODE6_39_29),V(NODE6_39_30),V(NODE6_39_31),V(NODE6_39_32),V(NODE6_39_33),V(NODE6_39_34),V(NODE6_39_35),V(NODE6_39_36),V(NODE6_39_37),V(NODE6_39_38),V(NODE6_39_39),V(NODE6_39_40),V(NODE6_39_41),V(NODE6_39_42),V(NODE6_39_43),V(NODE6_39_44),V(NODE6_39_45),V(NODE6_39_46),V(NODE6_39_47),V(NODE6_39_48),V(NODE6_39_49),V(NODE6_39_50),V(NODE6_39_51),V(NODE6_39_52),V(NODE6_39_53),V(NODE6_39_54),V(NODE6_39_55),V(NODE6_39_56),V(NODE6_39_57),V(NODE6_39_58),V(NODE6_39_59),V(NODE6_39_60),V(NODE6_39_61),V(NODE6_39_62),V(NODE6_39_63),V(NODE6_39_64),V(NODE6_39_65),V(NODE6_39_66),V(NODE6_39_67),V(NODE6_39_68),V(NODE6_39_69),V(NODE6_39_70),V(NODE6_39_71),V(NODE6_39_72),V(NODE6_39_73),V(NODE6_39_74),V(NODE6_39_75),V(NODE6_39_76),V(NODE6_39_77),V(NODE6_39_78),V(NODE6_39_79),V(NODE6_39_80),V(NODE6_39_81),V(NODE6_39_82),V(NODE6_39_83),V(NODE6_39_84),V(NODE6_39_85),V(NODE6_39_86),V(NODE6_39_87),V(NODE6_39_88),V(NODE6_39_89),V(NODE6_39_90),V(NODE6_39_91),V(NODE6_39_92),V(NODE6_39_93),V(NODE6_39_94),V(NODE6_39_95),V(NODE6_39_96),V(NODE6_39_97),V(NODE6_39_98),V(NODE6_39_99),V(NODE6_40_0),V(NODE6_40_1),V(NODE6_40_2),V(NODE6_40_3),V(NODE6_40_4),V(NODE6_40_5),V(NODE6_40_6),V(NODE6_40_7),V(NODE6_40_8),V(NODE6_40_9),V(NODE6_40_10),V(NODE6_40_11),V(NODE6_40_12),V(NODE6_40_13),V(NODE6_40_14),V(NODE6_40_15),V(NODE6_40_16),V(NODE6_40_17),V(NODE6_40_18),V(NODE6_40_19),V(NODE6_40_20),V(NODE6_40_21),V(NODE6_40_22),V(NODE6_40_23),V(NODE6_40_24),V(NODE6_40_25),V(NODE6_40_26),V(NODE6_40_27),V(NODE6_40_28),V(NODE6_40_29),V(NODE6_40_30),V(NODE6_40_31),V(NODE6_40_32),V(NODE6_40_33),V(NODE6_40_34),V(NODE6_40_35),V(NODE6_40_36),V(NODE6_40_37),V(NODE6_40_38),V(NODE6_40_39),V(NODE6_40_40),V(NODE6_40_41),V(NODE6_40_42),V(NODE6_40_43),V(NODE6_40_44),V(NODE6_40_45),V(NODE6_40_46),V(NODE6_40_47),V(NODE6_40_48),V(NODE6_40_49),V(NODE6_40_50),V(NODE6_40_51),V(NODE6_40_52),V(NODE6_40_53),V(NODE6_40_54),V(NODE6_40_55),V(NODE6_40_56),V(NODE6_40_57),V(NODE6_40_58),V(NODE6_40_59),V(NODE6_40_60),V(NODE6_40_61),V(NODE6_40_62),V(NODE6_40_63),V(NODE6_40_64),V(NODE6_40_65),V(NODE6_40_66),V(NODE6_40_67),V(NODE6_40_68),V(NODE6_40_69),V(NODE6_40_70),V(NODE6_40_71),V(NODE6_40_72),V(NODE6_40_73),V(NODE6_40_74),V(NODE6_40_75),V(NODE6_40_76),V(NODE6_40_77),V(NODE6_40_78),V(NODE6_40_79),V(NODE6_40_80),V(NODE6_40_81),V(NODE6_40_82),V(NODE6_40_83),V(NODE6_40_84),V(NODE6_40_85),V(NODE6_40_86),V(NODE6_40_87),V(NODE6_40_88),V(NODE6_40_89),V(NODE6_40_90),V(NODE6_40_91),V(NODE6_40_92),V(NODE6_40_93),V(NODE6_40_94),V(NODE6_40_95),V(NODE6_40_96),V(NODE6_40_97),V(NODE6_40_98),V(NODE6_40_99),V(NODE6_41_0),V(NODE6_41_1),V(NODE6_41_2),V(NODE6_41_3),V(NODE6_41_4),V(NODE6_41_5),V(NODE6_41_6),V(NODE6_41_7),V(NODE6_41_8),V(NODE6_41_9),V(NODE6_41_10),V(NODE6_41_11),V(NODE6_41_12),V(NODE6_41_13),V(NODE6_41_14),V(NODE6_41_15),V(NODE6_41_16),V(NODE6_41_17),V(NODE6_41_18),V(NODE6_41_19),V(NODE6_41_20),V(NODE6_41_21),V(NODE6_41_22),V(NODE6_41_23),V(NODE6_41_24),V(NODE6_41_25),V(NODE6_41_26),V(NODE6_41_27),V(NODE6_41_28),V(NODE6_41_29),V(NODE6_41_30),V(NODE6_41_31),V(NODE6_41_32),V(NODE6_41_33),V(NODE6_41_34),V(NODE6_41_35),V(NODE6_41_36),V(NODE6_41_37),V(NODE6_41_38),V(NODE6_41_39),V(NODE6_41_40),V(NODE6_41_41),V(NODE6_41_42),V(NODE6_41_43),V(NODE6_41_44),V(NODE6_41_45),V(NODE6_41_46),V(NODE6_41_47),V(NODE6_41_48),V(NODE6_41_49),V(NODE6_41_50),V(NODE6_41_51),V(NODE6_41_52),V(NODE6_41_53),V(NODE6_41_54),V(NODE6_41_55),V(NODE6_41_56),V(NODE6_41_57),V(NODE6_41_58),V(NODE6_41_59),V(NODE6_41_60),V(NODE6_41_61),V(NODE6_41_62),V(NODE6_41_63),V(NODE6_41_64),V(NODE6_41_65),V(NODE6_41_66),V(NODE6_41_67),V(NODE6_41_68),V(NODE6_41_69),V(NODE6_41_70),V(NODE6_41_71),V(NODE6_41_72),V(NODE6_41_73),V(NODE6_41_74),V(NODE6_41_75),V(NODE6_41_76),V(NODE6_41_77),V(NODE6_41_78),V(NODE6_41_79),V(NODE6_41_80),V(NODE6_41_81),V(NODE6_41_82),V(NODE6_41_83),V(NODE6_41_84),V(NODE6_41_85),V(NODE6_41_86),V(NODE6_41_87),V(NODE6_41_88),V(NODE6_41_89),V(NODE6_41_90),V(NODE6_41_91),V(NODE6_41_92),V(NODE6_41_93),V(NODE6_41_94),V(NODE6_41_95),V(NODE6_41_96),V(NODE6_41_97),V(NODE6_41_98),V(NODE6_41_99),V(NODE6_42_0),V(NODE6_42_1),V(NODE6_42_2),V(NODE6_42_3),V(NODE6_42_4),V(NODE6_42_5),V(NODE6_42_6),V(NODE6_42_7),V(NODE6_42_8),V(NODE6_42_9),V(NODE6_42_10),V(NODE6_42_11),V(NODE6_42_12),V(NODE6_42_13),V(NODE6_42_14),V(NODE6_42_15),V(NODE6_42_16),V(NODE6_42_17),V(NODE6_42_18),V(NODE6_42_19),V(NODE6_42_20),V(NODE6_42_21),V(NODE6_42_22),V(NODE6_42_23),V(NODE6_42_24),V(NODE6_42_25),V(NODE6_42_26),V(NODE6_42_27),V(NODE6_42_28),V(NODE6_42_29),V(NODE6_42_30),V(NODE6_42_31),V(NODE6_42_32),V(NODE6_42_33),V(NODE6_42_34),V(NODE6_42_35),V(NODE6_42_36),V(NODE6_42_37),V(NODE6_42_38),V(NODE6_42_39),V(NODE6_42_40),V(NODE6_42_41),V(NODE6_42_42),V(NODE6_42_43),V(NODE6_42_44),V(NODE6_42_45),V(NODE6_42_46),V(NODE6_42_47),V(NODE6_42_48),V(NODE6_42_49),V(NODE6_42_50),V(NODE6_42_51),V(NODE6_42_52),V(NODE6_42_53),V(NODE6_42_54),V(NODE6_42_55),V(NODE6_42_56),V(NODE6_42_57),V(NODE6_42_58),V(NODE6_42_59),V(NODE6_42_60),V(NODE6_42_61),V(NODE6_42_62),V(NODE6_42_63),V(NODE6_42_64),V(NODE6_42_65),V(NODE6_42_66),V(NODE6_42_67),V(NODE6_42_68),V(NODE6_42_69),V(NODE6_42_70),V(NODE6_42_71),V(NODE6_42_72),V(NODE6_42_73),V(NODE6_42_74),V(NODE6_42_75),V(NODE6_42_76),V(NODE6_42_77),V(NODE6_42_78),V(NODE6_42_79),V(NODE6_42_80),V(NODE6_42_81),V(NODE6_42_82),V(NODE6_42_83),V(NODE6_42_84),V(NODE6_42_85),V(NODE6_42_86),V(NODE6_42_87),V(NODE6_42_88),V(NODE6_42_89),V(NODE6_42_90),V(NODE6_42_91),V(NODE6_42_92),V(NODE6_42_93),V(NODE6_42_94),V(NODE6_42_95),V(NODE6_42_96),V(NODE6_42_97),V(NODE6_42_98),V(NODE6_42_99),V(NODE6_43_0),V(NODE6_43_1),V(NODE6_43_2),V(NODE6_43_3),V(NODE6_43_4),V(NODE6_43_5),V(NODE6_43_6),V(NODE6_43_7),V(NODE6_43_8),V(NODE6_43_9),V(NODE6_43_10),V(NODE6_43_11),V(NODE6_43_12),V(NODE6_43_13),V(NODE6_43_14),V(NODE6_43_15),V(NODE6_43_16),V(NODE6_43_17),V(NODE6_43_18),V(NODE6_43_19),V(NODE6_43_20),V(NODE6_43_21),V(NODE6_43_22),V(NODE6_43_23),V(NODE6_43_24),V(NODE6_43_25),V(NODE6_43_26),V(NODE6_43_27),V(NODE6_43_28),V(NODE6_43_29),V(NODE6_43_30),V(NODE6_43_31),V(NODE6_43_32),V(NODE6_43_33),V(NODE6_43_34),V(NODE6_43_35),V(NODE6_43_36),V(NODE6_43_37),V(NODE6_43_38),V(NODE6_43_39),V(NODE6_43_40),V(NODE6_43_41),V(NODE6_43_42),V(NODE6_43_43),V(NODE6_43_44),V(NODE6_43_45),V(NODE6_43_46),V(NODE6_43_47),V(NODE6_43_48),V(NODE6_43_49),V(NODE6_43_50),V(NODE6_43_51),V(NODE6_43_52),V(NODE6_43_53),V(NODE6_43_54),V(NODE6_43_55),V(NODE6_43_56),V(NODE6_43_57),V(NODE6_43_58),V(NODE6_43_59),V(NODE6_43_60),V(NODE6_43_61),V(NODE6_43_62),V(NODE6_43_63),V(NODE6_43_64),V(NODE6_43_65),V(NODE6_43_66),V(NODE6_43_67),V(NODE6_43_68),V(NODE6_43_69),V(NODE6_43_70),V(NODE6_43_71),V(NODE6_43_72),V(NODE6_43_73),V(NODE6_43_74),V(NODE6_43_75),V(NODE6_43_76),V(NODE6_43_77),V(NODE6_43_78),V(NODE6_43_79),V(NODE6_43_80),V(NODE6_43_81),V(NODE6_43_82),V(NODE6_43_83),V(NODE6_43_84),V(NODE6_43_85),V(NODE6_43_86),V(NODE6_43_87),V(NODE6_43_88),V(NODE6_43_89),V(NODE6_43_90),V(NODE6_43_91),V(NODE6_43_92),V(NODE6_43_93),V(NODE6_43_94),V(NODE6_43_95),V(NODE6_43_96),V(NODE6_43_97),V(NODE6_43_98),V(NODE6_43_99),V(NODE6_44_0),V(NODE6_44_1),V(NODE6_44_2),V(NODE6_44_3),V(NODE6_44_4),V(NODE6_44_5),V(NODE6_44_6),V(NODE6_44_7),V(NODE6_44_8),V(NODE6_44_9),V(NODE6_44_10),V(NODE6_44_11),V(NODE6_44_12),V(NODE6_44_13),V(NODE6_44_14),V(NODE6_44_15),V(NODE6_44_16),V(NODE6_44_17),V(NODE6_44_18),V(NODE6_44_19),V(NODE6_44_20),V(NODE6_44_21),V(NODE6_44_22),V(NODE6_44_23),V(NODE6_44_24),V(NODE6_44_25),V(NODE6_44_26),V(NODE6_44_27),V(NODE6_44_28),V(NODE6_44_29),V(NODE6_44_30),V(NODE6_44_31),V(NODE6_44_32),V(NODE6_44_33),V(NODE6_44_34),V(NODE6_44_35),V(NODE6_44_36),V(NODE6_44_37),V(NODE6_44_38),V(NODE6_44_39),V(NODE6_44_40),V(NODE6_44_41),V(NODE6_44_42),V(NODE6_44_43),V(NODE6_44_44),V(NODE6_44_45),V(NODE6_44_46),V(NODE6_44_47),V(NODE6_44_48),V(NODE6_44_49),V(NODE6_44_50),V(NODE6_44_51),V(NODE6_44_52),V(NODE6_44_53),V(NODE6_44_54),V(NODE6_44_55),V(NODE6_44_56),V(NODE6_44_57),V(NODE6_44_58),V(NODE6_44_59),V(NODE6_44_60),V(NODE6_44_61),V(NODE6_44_62),V(NODE6_44_63),V(NODE6_44_64),V(NODE6_44_65),V(NODE6_44_66),V(NODE6_44_67),V(NODE6_44_68),V(NODE6_44_69),V(NODE6_44_70),V(NODE6_44_71),V(NODE6_44_72),V(NODE6_44_73),V(NODE6_44_74),V(NODE6_44_75),V(NODE6_44_76),V(NODE6_44_77),V(NODE6_44_78),V(NODE6_44_79),V(NODE6_44_80),V(NODE6_44_81),V(NODE6_44_82),V(NODE6_44_83),V(NODE6_44_84),V(NODE6_44_85),V(NODE6_44_86),V(NODE6_44_87),V(NODE6_44_88),V(NODE6_44_89),V(NODE6_44_90),V(NODE6_44_91),V(NODE6_44_92),V(NODE6_44_93),V(NODE6_44_94),V(NODE6_44_95),V(NODE6_44_96),V(NODE6_44_97),V(NODE6_44_98),V(NODE6_44_99),V(NODE6_45_0),V(NODE6_45_1),V(NODE6_45_2),V(NODE6_45_3),V(NODE6_45_4),V(NODE6_45_5),V(NODE6_45_6),V(NODE6_45_7),V(NODE6_45_8),V(NODE6_45_9),V(NODE6_45_10),V(NODE6_45_11),V(NODE6_45_12),V(NODE6_45_13),V(NODE6_45_14),V(NODE6_45_15),V(NODE6_45_16),V(NODE6_45_17),V(NODE6_45_18),V(NODE6_45_19),V(NODE6_45_20),V(NODE6_45_21),V(NODE6_45_22),V(NODE6_45_23),V(NODE6_45_24),V(NODE6_45_25),V(NODE6_45_26),V(NODE6_45_27),V(NODE6_45_28),V(NODE6_45_29),V(NODE6_45_30),V(NODE6_45_31),V(NODE6_45_32),V(NODE6_45_33),V(NODE6_45_34),V(NODE6_45_35),V(NODE6_45_36),V(NODE6_45_37),V(NODE6_45_38),V(NODE6_45_39),V(NODE6_45_40),V(NODE6_45_41),V(NODE6_45_42),V(NODE6_45_43),V(NODE6_45_44),V(NODE6_45_45),V(NODE6_45_46),V(NODE6_45_47),V(NODE6_45_48),V(NODE6_45_49),V(NODE6_45_50),V(NODE6_45_51),V(NODE6_45_52),V(NODE6_45_53),V(NODE6_45_54),V(NODE6_45_55),V(NODE6_45_56),V(NODE6_45_57),V(NODE6_45_58),V(NODE6_45_59),V(NODE6_45_60),V(NODE6_45_61),V(NODE6_45_62),V(NODE6_45_63),V(NODE6_45_64),V(NODE6_45_65),V(NODE6_45_66),V(NODE6_45_67),V(NODE6_45_68),V(NODE6_45_69),V(NODE6_45_70),V(NODE6_45_71),V(NODE6_45_72),V(NODE6_45_73),V(NODE6_45_74),V(NODE6_45_75),V(NODE6_45_76),V(NODE6_45_77),V(NODE6_45_78),V(NODE6_45_79),V(NODE6_45_80),V(NODE6_45_81),V(NODE6_45_82),V(NODE6_45_83),V(NODE6_45_84),V(NODE6_45_85),V(NODE6_45_86),V(NODE6_45_87),V(NODE6_45_88),V(NODE6_45_89),V(NODE6_45_90),V(NODE6_45_91),V(NODE6_45_92),V(NODE6_45_93),V(NODE6_45_94),V(NODE6_45_95),V(NODE6_45_96),V(NODE6_45_97),V(NODE6_45_98),V(NODE6_45_99),V(NODE6_46_0),V(NODE6_46_1),V(NODE6_46_2),V(NODE6_46_3),V(NODE6_46_4),V(NODE6_46_5),V(NODE6_46_6),V(NODE6_46_7),V(NODE6_46_8),V(NODE6_46_9),V(NODE6_46_10),V(NODE6_46_11),V(NODE6_46_12),V(NODE6_46_13),V(NODE6_46_14),V(NODE6_46_15),V(NODE6_46_16),V(NODE6_46_17),V(NODE6_46_18),V(NODE6_46_19),V(NODE6_46_20),V(NODE6_46_21),V(NODE6_46_22),V(NODE6_46_23),V(NODE6_46_24),V(NODE6_46_25),V(NODE6_46_26),V(NODE6_46_27),V(NODE6_46_28),V(NODE6_46_29),V(NODE6_46_30),V(NODE6_46_31),V(NODE6_46_32),V(NODE6_46_33),V(NODE6_46_34),V(NODE6_46_35),V(NODE6_46_36),V(NODE6_46_37),V(NODE6_46_38),V(NODE6_46_39),V(NODE6_46_40),V(NODE6_46_41),V(NODE6_46_42),V(NODE6_46_43),V(NODE6_46_44),V(NODE6_46_45),V(NODE6_46_46),V(NODE6_46_47),V(NODE6_46_48),V(NODE6_46_49),V(NODE6_46_50),V(NODE6_46_51),V(NODE6_46_52),V(NODE6_46_53),V(NODE6_46_54),V(NODE6_46_55),V(NODE6_46_56),V(NODE6_46_57),V(NODE6_46_58),V(NODE6_46_59),V(NODE6_46_60),V(NODE6_46_61),V(NODE6_46_62),V(NODE6_46_63),V(NODE6_46_64),V(NODE6_46_65),V(NODE6_46_66),V(NODE6_46_67),V(NODE6_46_68),V(NODE6_46_69),V(NODE6_46_70),V(NODE6_46_71),V(NODE6_46_72),V(NODE6_46_73),V(NODE6_46_74),V(NODE6_46_75),V(NODE6_46_76),V(NODE6_46_77),V(NODE6_46_78),V(NODE6_46_79),V(NODE6_46_80),V(NODE6_46_81),V(NODE6_46_82),V(NODE6_46_83),V(NODE6_46_84),V(NODE6_46_85),V(NODE6_46_86),V(NODE6_46_87),V(NODE6_46_88),V(NODE6_46_89),V(NODE6_46_90),V(NODE6_46_91),V(NODE6_46_92),V(NODE6_46_93),V(NODE6_46_94),V(NODE6_46_95),V(NODE6_46_96),V(NODE6_46_97),V(NODE6_46_98),V(NODE6_46_99),V(NODE6_47_0),V(NODE6_47_1),V(NODE6_47_2),V(NODE6_47_3),V(NODE6_47_4),V(NODE6_47_5),V(NODE6_47_6),V(NODE6_47_7),V(NODE6_47_8),V(NODE6_47_9),V(NODE6_47_10),V(NODE6_47_11),V(NODE6_47_12),V(NODE6_47_13),V(NODE6_47_14),V(NODE6_47_15),V(NODE6_47_16),V(NODE6_47_17),V(NODE6_47_18),V(NODE6_47_19),V(NODE6_47_20),V(NODE6_47_21),V(NODE6_47_22),V(NODE6_47_23),V(NODE6_47_24),V(NODE6_47_25),V(NODE6_47_26),V(NODE6_47_27),V(NODE6_47_28),V(NODE6_47_29),V(NODE6_47_30),V(NODE6_47_31),V(NODE6_47_32),V(NODE6_47_33),V(NODE6_47_34),V(NODE6_47_35),V(NODE6_47_36),V(NODE6_47_37),V(NODE6_47_38),V(NODE6_47_39),V(NODE6_47_40),V(NODE6_47_41),V(NODE6_47_42),V(NODE6_47_43),V(NODE6_47_44),V(NODE6_47_45),V(NODE6_47_46),V(NODE6_47_47),V(NODE6_47_48),V(NODE6_47_49),V(NODE6_47_50),V(NODE6_47_51),V(NODE6_47_52),V(NODE6_47_53),V(NODE6_47_54),V(NODE6_47_55),V(NODE6_47_56),V(NODE6_47_57),V(NODE6_47_58),V(NODE6_47_59),V(NODE6_47_60),V(NODE6_47_61),V(NODE6_47_62),V(NODE6_47_63),V(NODE6_47_64),V(NODE6_47_65),V(NODE6_47_66),V(NODE6_47_67),V(NODE6_47_68),V(NODE6_47_69),V(NODE6_47_70),V(NODE6_47_71),V(NODE6_47_72),V(NODE6_47_73),V(NODE6_47_74),V(NODE6_47_75),V(NODE6_47_76),V(NODE6_47_77),V(NODE6_47_78),V(NODE6_47_79),V(NODE6_47_80),V(NODE6_47_81),V(NODE6_47_82),V(NODE6_47_83),V(NODE6_47_84),V(NODE6_47_85),V(NODE6_47_86),V(NODE6_47_87),V(NODE6_47_88),V(NODE6_47_89),V(NODE6_47_90),V(NODE6_47_91),V(NODE6_47_92),V(NODE6_47_93),V(NODE6_47_94),V(NODE6_47_95),V(NODE6_47_96),V(NODE6_47_97),V(NODE6_47_98),V(NODE6_47_99),V(NODE6_48_0),V(NODE6_48_1),V(NODE6_48_2),V(NODE6_48_3),V(NODE6_48_4),V(NODE6_48_5),V(NODE6_48_6),V(NODE6_48_7),V(NODE6_48_8),V(NODE6_48_9),V(NODE6_48_10),V(NODE6_48_11),V(NODE6_48_12),V(NODE6_48_13),V(NODE6_48_14),V(NODE6_48_15),V(NODE6_48_16),V(NODE6_48_17),V(NODE6_48_18),V(NODE6_48_19),V(NODE6_48_20),V(NODE6_48_21),V(NODE6_48_22),V(NODE6_48_23),V(NODE6_48_24),V(NODE6_48_25),V(NODE6_48_26),V(NODE6_48_27),V(NODE6_48_28),V(NODE6_48_29),V(NODE6_48_30),V(NODE6_48_31),V(NODE6_48_32),V(NODE6_48_33),V(NODE6_48_34),V(NODE6_48_35),V(NODE6_48_36),V(NODE6_48_37),V(NODE6_48_38),V(NODE6_48_39),V(NODE6_48_40),V(NODE6_48_41),V(NODE6_48_42),V(NODE6_48_43),V(NODE6_48_44),V(NODE6_48_45),V(NODE6_48_46),V(NODE6_48_47),V(NODE6_48_48),V(NODE6_48_49),V(NODE6_48_50),V(NODE6_48_51),V(NODE6_48_52),V(NODE6_48_53),V(NODE6_48_54),V(NODE6_48_55),V(NODE6_48_56),V(NODE6_48_57),V(NODE6_48_58),V(NODE6_48_59),V(NODE6_48_60),V(NODE6_48_61),V(NODE6_48_62),V(NODE6_48_63),V(NODE6_48_64),V(NODE6_48_65),V(NODE6_48_66),V(NODE6_48_67),V(NODE6_48_68),V(NODE6_48_69),V(NODE6_48_70),V(NODE6_48_71),V(NODE6_48_72),V(NODE6_48_73),V(NODE6_48_74),V(NODE6_48_75),V(NODE6_48_76),V(NODE6_48_77),V(NODE6_48_78),V(NODE6_48_79),V(NODE6_48_80),V(NODE6_48_81),V(NODE6_48_82),V(NODE6_48_83),V(NODE6_48_84),V(NODE6_48_85),V(NODE6_48_86),V(NODE6_48_87),V(NODE6_48_88),V(NODE6_48_89),V(NODE6_48_90),V(NODE6_48_91),V(NODE6_48_92),V(NODE6_48_93),V(NODE6_48_94),V(NODE6_48_95),V(NODE6_48_96),V(NODE6_48_97),V(NODE6_48_98),V(NODE6_48_99),V(NODE6_49_0),V(NODE6_49_1),V(NODE6_49_2),V(NODE6_49_3),V(NODE6_49_4),V(NODE6_49_5),V(NODE6_49_6),V(NODE6_49_7),V(NODE6_49_8),V(NODE6_49_9),V(NODE6_49_10),V(NODE6_49_11),V(NODE6_49_12),V(NODE6_49_13),V(NODE6_49_14),V(NODE6_49_15),V(NODE6_49_16),V(NODE6_49_17),V(NODE6_49_18),V(NODE6_49_19),V(NODE6_49_20),V(NODE6_49_21),V(NODE6_49_22),V(NODE6_49_23),V(NODE6_49_24),V(NODE6_49_25),V(NODE6_49_26),V(NODE6_49_27),V(NODE6_49_28),V(NODE6_49_29),V(NODE6_49_30),V(NODE6_49_31),V(NODE6_49_32),V(NODE6_49_33),V(NODE6_49_34),V(NODE6_49_35),V(NODE6_49_36),V(NODE6_49_37),V(NODE6_49_38),V(NODE6_49_39),V(NODE6_49_40),V(NODE6_49_41),V(NODE6_49_42),V(NODE6_49_43),V(NODE6_49_44),V(NODE6_49_45),V(NODE6_49_46),V(NODE6_49_47),V(NODE6_49_48),V(NODE6_49_49),V(NODE6_49_50),V(NODE6_49_51),V(NODE6_49_52),V(NODE6_49_53),V(NODE6_49_54),V(NODE6_49_55),V(NODE6_49_56),V(NODE6_49_57),V(NODE6_49_58),V(NODE6_49_59),V(NODE6_49_60),V(NODE6_49_61),V(NODE6_49_62),V(NODE6_49_63),V(NODE6_49_64),V(NODE6_49_65),V(NODE6_49_66),V(NODE6_49_67),V(NODE6_49_68),V(NODE6_49_69),V(NODE6_49_70),V(NODE6_49_71),V(NODE6_49_72),V(NODE6_49_73),V(NODE6_49_74),V(NODE6_49_75),V(NODE6_49_76),V(NODE6_49_77),V(NODE6_49_78),V(NODE6_49_79),V(NODE6_49_80),V(NODE6_49_81),V(NODE6_49_82),V(NODE6_49_83),V(NODE6_49_84),V(NODE6_49_85),V(NODE6_49_86),V(NODE6_49_87),V(NODE6_49_88),V(NODE6_49_89),V(NODE6_49_90),V(NODE6_49_91),V(NODE6_49_92),V(NODE6_49_93),V(NODE6_49_94),V(NODE6_49_95),V(NODE6_49_96),V(NODE6_49_97),V(NODE6_49_98),V(NODE6_49_99),V(NODE6_50_0),V(NODE6_50_1),V(NODE6_50_2),V(NODE6_50_3),V(NODE6_50_4),V(NODE6_50_5),V(NODE6_50_6),V(NODE6_50_7),V(NODE6_50_8),V(NODE6_50_9),V(NODE6_50_10),V(NODE6_50_11),V(NODE6_50_12),V(NODE6_50_13),V(NODE6_50_14),V(NODE6_50_15),V(NODE6_50_16),V(NODE6_50_17),V(NODE6_50_18),V(NODE6_50_19),V(NODE6_50_20),V(NODE6_50_21),V(NODE6_50_22),V(NODE6_50_23),V(NODE6_50_24),V(NODE6_50_25),V(NODE6_50_26),V(NODE6_50_27),V(NODE6_50_28),V(NODE6_50_29),V(NODE6_50_30),V(NODE6_50_31),V(NODE6_50_32),V(NODE6_50_33),V(NODE6_50_34),V(NODE6_50_35),V(NODE6_50_36),V(NODE6_50_37),V(NODE6_50_38),V(NODE6_50_39),V(NODE6_50_40),V(NODE6_50_41),V(NODE6_50_42),V(NODE6_50_43),V(NODE6_50_44),V(NODE6_50_45),V(NODE6_50_46),V(NODE6_50_47),V(NODE6_50_48),V(NODE6_50_49),V(NODE6_50_50),V(NODE6_50_51),V(NODE6_50_52),V(NODE6_50_53),V(NODE6_50_54),V(NODE6_50_55),V(NODE6_50_56),V(NODE6_50_57),V(NODE6_50_58),V(NODE6_50_59),V(NODE6_50_60),V(NODE6_50_61),V(NODE6_50_62),V(NODE6_50_63),V(NODE6_50_64),V(NODE6_50_65),V(NODE6_50_66),V(NODE6_50_67),V(NODE6_50_68),V(NODE6_50_69),V(NODE6_50_70),V(NODE6_50_71),V(NODE6_50_72),V(NODE6_50_73),V(NODE6_50_74),V(NODE6_50_75),V(NODE6_50_76),V(NODE6_50_77),V(NODE6_50_78),V(NODE6_50_79),V(NODE6_50_80),V(NODE6_50_81),V(NODE6_50_82),V(NODE6_50_83),V(NODE6_50_84),V(NODE6_50_85),V(NODE6_50_86),V(NODE6_50_87),V(NODE6_50_88),V(NODE6_50_89),V(NODE6_50_90),V(NODE6_50_91),V(NODE6_50_92),V(NODE6_50_93),V(NODE6_50_94),V(NODE6_50_95),V(NODE6_50_96),V(NODE6_50_97),V(NODE6_50_98),V(NODE6_50_99),V(NODE6_51_0),V(NODE6_51_1),V(NODE6_51_2),V(NODE6_51_3),V(NODE6_51_4),V(NODE6_51_5),V(NODE6_51_6),V(NODE6_51_7),V(NODE6_51_8),V(NODE6_51_9),V(NODE6_51_10),V(NODE6_51_11),V(NODE6_51_12),V(NODE6_51_13),V(NODE6_51_14),V(NODE6_51_15),V(NODE6_51_16),V(NODE6_51_17),V(NODE6_51_18),V(NODE6_51_19),V(NODE6_51_20),V(NODE6_51_21),V(NODE6_51_22),V(NODE6_51_23),V(NODE6_51_24),V(NODE6_51_25),V(NODE6_51_26),V(NODE6_51_27),V(NODE6_51_28),V(NODE6_51_29),V(NODE6_51_30),V(NODE6_51_31),V(NODE6_51_32),V(NODE6_51_33),V(NODE6_51_34),V(NODE6_51_35),V(NODE6_51_36),V(NODE6_51_37),V(NODE6_51_38),V(NODE6_51_39),V(NODE6_51_40),V(NODE6_51_41),V(NODE6_51_42),V(NODE6_51_43),V(NODE6_51_44),V(NODE6_51_45),V(NODE6_51_46),V(NODE6_51_47),V(NODE6_51_48),V(NODE6_51_49),V(NODE6_51_50),V(NODE6_51_51),V(NODE6_51_52),V(NODE6_51_53),V(NODE6_51_54),V(NODE6_51_55),V(NODE6_51_56),V(NODE6_51_57),V(NODE6_51_58),V(NODE6_51_59),V(NODE6_51_60),V(NODE6_51_61),V(NODE6_51_62),V(NODE6_51_63),V(NODE6_51_64),V(NODE6_51_65),V(NODE6_51_66),V(NODE6_51_67),V(NODE6_51_68),V(NODE6_51_69),V(NODE6_51_70),V(NODE6_51_71),V(NODE6_51_72),V(NODE6_51_73),V(NODE6_51_74),V(NODE6_51_75),V(NODE6_51_76),V(NODE6_51_77),V(NODE6_51_78),V(NODE6_51_79),V(NODE6_51_80),V(NODE6_51_81),V(NODE6_51_82),V(NODE6_51_83),V(NODE6_51_84),V(NODE6_51_85),V(NODE6_51_86),V(NODE6_51_87),V(NODE6_51_88),V(NODE6_51_89),V(NODE6_51_90),V(NODE6_51_91),V(NODE6_51_92),V(NODE6_51_93),V(NODE6_51_94),V(NODE6_51_95),V(NODE6_51_96),V(NODE6_51_97),V(NODE6_51_98),V(NODE6_51_99),V(NODE6_52_0),V(NODE6_52_1),V(NODE6_52_2),V(NODE6_52_3),V(NODE6_52_4),V(NODE6_52_5),V(NODE6_52_6),V(NODE6_52_7),V(NODE6_52_8),V(NODE6_52_9),V(NODE6_52_10),V(NODE6_52_11),V(NODE6_52_12),V(NODE6_52_13),V(NODE6_52_14),V(NODE6_52_15),V(NODE6_52_16),V(NODE6_52_17),V(NODE6_52_18),V(NODE6_52_19),V(NODE6_52_20),V(NODE6_52_21),V(NODE6_52_22),V(NODE6_52_23),V(NODE6_52_24),V(NODE6_52_25),V(NODE6_52_26),V(NODE6_52_27),V(NODE6_52_28),V(NODE6_52_29),V(NODE6_52_30),V(NODE6_52_31),V(NODE6_52_32),V(NODE6_52_33),V(NODE6_52_34),V(NODE6_52_35),V(NODE6_52_36),V(NODE6_52_37),V(NODE6_52_38),V(NODE6_52_39),V(NODE6_52_40),V(NODE6_52_41),V(NODE6_52_42),V(NODE6_52_43),V(NODE6_52_44),V(NODE6_52_45),V(NODE6_52_46),V(NODE6_52_47),V(NODE6_52_48),V(NODE6_52_49),V(NODE6_52_50),V(NODE6_52_51),V(NODE6_52_52),V(NODE6_52_53),V(NODE6_52_54),V(NODE6_52_55),V(NODE6_52_56),V(NODE6_52_57),V(NODE6_52_58),V(NODE6_52_59),V(NODE6_52_60),V(NODE6_52_61),V(NODE6_52_62),V(NODE6_52_63),V(NODE6_52_64),V(NODE6_52_65),V(NODE6_52_66),V(NODE6_52_67),V(NODE6_52_68),V(NODE6_52_69),V(NODE6_52_70),V(NODE6_52_71),V(NODE6_52_72),V(NODE6_52_73),V(NODE6_52_74),V(NODE6_52_75),V(NODE6_52_76),V(NODE6_52_77),V(NODE6_52_78),V(NODE6_52_79),V(NODE6_52_80),V(NODE6_52_81),V(NODE6_52_82),V(NODE6_52_83),V(NODE6_52_84),V(NODE6_52_85),V(NODE6_52_86),V(NODE6_52_87),V(NODE6_52_88),V(NODE6_52_89),V(NODE6_52_90),V(NODE6_52_91),V(NODE6_52_92),V(NODE6_52_93),V(NODE6_52_94),V(NODE6_52_95),V(NODE6_52_96),V(NODE6_52_97),V(NODE6_52_98),V(NODE6_52_99),V(NODE6_53_0),V(NODE6_53_1),V(NODE6_53_2),V(NODE6_53_3),V(NODE6_53_4),V(NODE6_53_5),V(NODE6_53_6),V(NODE6_53_7),V(NODE6_53_8),V(NODE6_53_9),V(NODE6_53_10),V(NODE6_53_11),V(NODE6_53_12),V(NODE6_53_13),V(NODE6_53_14),V(NODE6_53_15),V(NODE6_53_16),V(NODE6_53_17),V(NODE6_53_18),V(NODE6_53_19),V(NODE6_53_20),V(NODE6_53_21),V(NODE6_53_22),V(NODE6_53_23),V(NODE6_53_24),V(NODE6_53_25),V(NODE6_53_26),V(NODE6_53_27),V(NODE6_53_28),V(NODE6_53_29),V(NODE6_53_30),V(NODE6_53_31),V(NODE6_53_32),V(NODE6_53_33),V(NODE6_53_34),V(NODE6_53_35),V(NODE6_53_36),V(NODE6_53_37),V(NODE6_53_38),V(NODE6_53_39),V(NODE6_53_40),V(NODE6_53_41),V(NODE6_53_42),V(NODE6_53_43),V(NODE6_53_44),V(NODE6_53_45),V(NODE6_53_46),V(NODE6_53_47),V(NODE6_53_48),V(NODE6_53_49),V(NODE6_53_50),V(NODE6_53_51),V(NODE6_53_52),V(NODE6_53_53),V(NODE6_53_54),V(NODE6_53_55),V(NODE6_53_56),V(NODE6_53_57),V(NODE6_53_58),V(NODE6_53_59),V(NODE6_53_60),V(NODE6_53_61),V(NODE6_53_62),V(NODE6_53_63),V(NODE6_53_64),V(NODE6_53_65),V(NODE6_53_66),V(NODE6_53_67),V(NODE6_53_68),V(NODE6_53_69),V(NODE6_53_70),V(NODE6_53_71),V(NODE6_53_72),V(NODE6_53_73),V(NODE6_53_74),V(NODE6_53_75),V(NODE6_53_76),V(NODE6_53_77),V(NODE6_53_78),V(NODE6_53_79),V(NODE6_53_80),V(NODE6_53_81),V(NODE6_53_82),V(NODE6_53_83),V(NODE6_53_84),V(NODE6_53_85),V(NODE6_53_86),V(NODE6_53_87),V(NODE6_53_88),V(NODE6_53_89),V(NODE6_53_90),V(NODE6_53_91),V(NODE6_53_92),V(NODE6_53_93),V(NODE6_53_94),V(NODE6_53_95),V(NODE6_53_96),V(NODE6_53_97),V(NODE6_53_98),V(NODE6_53_99),V(NODE6_54_0),V(NODE6_54_1),V(NODE6_54_2),V(NODE6_54_3),V(NODE6_54_4),V(NODE6_54_5),V(NODE6_54_6),V(NODE6_54_7),V(NODE6_54_8),V(NODE6_54_9),V(NODE6_54_10),V(NODE6_54_11),V(NODE6_54_12),V(NODE6_54_13),V(NODE6_54_14),V(NODE6_54_15),V(NODE6_54_16),V(NODE6_54_17),V(NODE6_54_18),V(NODE6_54_19),V(NODE6_54_20),V(NODE6_54_21),V(NODE6_54_22),V(NODE6_54_23),V(NODE6_54_24),V(NODE6_54_25),V(NODE6_54_26),V(NODE6_54_27),V(NODE6_54_28),V(NODE6_54_29),V(NODE6_54_30),V(NODE6_54_31),V(NODE6_54_32),V(NODE6_54_33),V(NODE6_54_34),V(NODE6_54_35),V(NODE6_54_36),V(NODE6_54_37),V(NODE6_54_38),V(NODE6_54_39),V(NODE6_54_40),V(NODE6_54_41),V(NODE6_54_42),V(NODE6_54_43),V(NODE6_54_44),V(NODE6_54_45),V(NODE6_54_46),V(NODE6_54_47),V(NODE6_54_48),V(NODE6_54_49),V(NODE6_54_50),V(NODE6_54_51),V(NODE6_54_52),V(NODE6_54_53),V(NODE6_54_54),V(NODE6_54_55),V(NODE6_54_56),V(NODE6_54_57),V(NODE6_54_58),V(NODE6_54_59),V(NODE6_54_60),V(NODE6_54_61),V(NODE6_54_62),V(NODE6_54_63),V(NODE6_54_64),V(NODE6_54_65),V(NODE6_54_66),V(NODE6_54_67),V(NODE6_54_68),V(NODE6_54_69),V(NODE6_54_70),V(NODE6_54_71),V(NODE6_54_72),V(NODE6_54_73),V(NODE6_54_74),V(NODE6_54_75),V(NODE6_54_76),V(NODE6_54_77),V(NODE6_54_78),V(NODE6_54_79),V(NODE6_54_80),V(NODE6_54_81),V(NODE6_54_82),V(NODE6_54_83),V(NODE6_54_84),V(NODE6_54_85),V(NODE6_54_86),V(NODE6_54_87),V(NODE6_54_88),V(NODE6_54_89),V(NODE6_54_90),V(NODE6_54_91),V(NODE6_54_92),V(NODE6_54_93),V(NODE6_54_94),V(NODE6_54_95),V(NODE6_54_96),V(NODE6_54_97),V(NODE6_54_98),V(NODE6_54_99),V(NODE6_55_0),V(NODE6_55_1),V(NODE6_55_2),V(NODE6_55_3),V(NODE6_55_4),V(NODE6_55_5),V(NODE6_55_6),V(NODE6_55_7),V(NODE6_55_8),V(NODE6_55_9),V(NODE6_55_10),V(NODE6_55_11),V(NODE6_55_12),V(NODE6_55_13),V(NODE6_55_14),V(NODE6_55_15),V(NODE6_55_16),V(NODE6_55_17),V(NODE6_55_18),V(NODE6_55_19),V(NODE6_55_20),V(NODE6_55_21),V(NODE6_55_22),V(NODE6_55_23),V(NODE6_55_24),V(NODE6_55_25),V(NODE6_55_26),V(NODE6_55_27),V(NODE6_55_28),V(NODE6_55_29),V(NODE6_55_30),V(NODE6_55_31),V(NODE6_55_32),V(NODE6_55_33),V(NODE6_55_34),V(NODE6_55_35),V(NODE6_55_36),V(NODE6_55_37),V(NODE6_55_38),V(NODE6_55_39),V(NODE6_55_40),V(NODE6_55_41),V(NODE6_55_42),V(NODE6_55_43),V(NODE6_55_44),V(NODE6_55_45),V(NODE6_55_46),V(NODE6_55_47),V(NODE6_55_48),V(NODE6_55_49),V(NODE6_55_50),V(NODE6_55_51),V(NODE6_55_52),V(NODE6_55_53),V(NODE6_55_54),V(NODE6_55_55),V(NODE6_55_56),V(NODE6_55_57),V(NODE6_55_58),V(NODE6_55_59),V(NODE6_55_60),V(NODE6_55_61),V(NODE6_55_62),V(NODE6_55_63),V(NODE6_55_64),V(NODE6_55_65),V(NODE6_55_66),V(NODE6_55_67),V(NODE6_55_68),V(NODE6_55_69),V(NODE6_55_70),V(NODE6_55_71),V(NODE6_55_72),V(NODE6_55_73),V(NODE6_55_74),V(NODE6_55_75),V(NODE6_55_76),V(NODE6_55_77),V(NODE6_55_78),V(NODE6_55_79),V(NODE6_55_80),V(NODE6_55_81),V(NODE6_55_82),V(NODE6_55_83),V(NODE6_55_84),V(NODE6_55_85),V(NODE6_55_86),V(NODE6_55_87),V(NODE6_55_88),V(NODE6_55_89),V(NODE6_55_90),V(NODE6_55_91),V(NODE6_55_92),V(NODE6_55_93),V(NODE6_55_94),V(NODE6_55_95),V(NODE6_55_96),V(NODE6_55_97),V(NODE6_55_98),V(NODE6_55_99),V(NODE6_56_0),V(NODE6_56_1),V(NODE6_56_2),V(NODE6_56_3),V(NODE6_56_4),V(NODE6_56_5),V(NODE6_56_6),V(NODE6_56_7),V(NODE6_56_8),V(NODE6_56_9),V(NODE6_56_10),V(NODE6_56_11),V(NODE6_56_12),V(NODE6_56_13),V(NODE6_56_14),V(NODE6_56_15),V(NODE6_56_16),V(NODE6_56_17),V(NODE6_56_18),V(NODE6_56_19),V(NODE6_56_20),V(NODE6_56_21),V(NODE6_56_22),V(NODE6_56_23),V(NODE6_56_24),V(NODE6_56_25),V(NODE6_56_26),V(NODE6_56_27),V(NODE6_56_28),V(NODE6_56_29),V(NODE6_56_30),V(NODE6_56_31),V(NODE6_56_32),V(NODE6_56_33),V(NODE6_56_34),V(NODE6_56_35),V(NODE6_56_36),V(NODE6_56_37),V(NODE6_56_38),V(NODE6_56_39),V(NODE6_56_40),V(NODE6_56_41),V(NODE6_56_42),V(NODE6_56_43),V(NODE6_56_44),V(NODE6_56_45),V(NODE6_56_46),V(NODE6_56_47),V(NODE6_56_48),V(NODE6_56_49),V(NODE6_56_50),V(NODE6_56_51),V(NODE6_56_52),V(NODE6_56_53),V(NODE6_56_54),V(NODE6_56_55),V(NODE6_56_56),V(NODE6_56_57),V(NODE6_56_58),V(NODE6_56_59),V(NODE6_56_60),V(NODE6_56_61),V(NODE6_56_62),V(NODE6_56_63),V(NODE6_56_64),V(NODE6_56_65),V(NODE6_56_66),V(NODE6_56_67),V(NODE6_56_68),V(NODE6_56_69),V(NODE6_56_70),V(NODE6_56_71),V(NODE6_56_72),V(NODE6_56_73),V(NODE6_56_74),V(NODE6_56_75),V(NODE6_56_76),V(NODE6_56_77),V(NODE6_56_78),V(NODE6_56_79),V(NODE6_56_80),V(NODE6_56_81),V(NODE6_56_82),V(NODE6_56_83),V(NODE6_56_84),V(NODE6_56_85),V(NODE6_56_86),V(NODE6_56_87),V(NODE6_56_88),V(NODE6_56_89),V(NODE6_56_90),V(NODE6_56_91),V(NODE6_56_92),V(NODE6_56_93),V(NODE6_56_94),V(NODE6_56_95),V(NODE6_56_96),V(NODE6_56_97),V(NODE6_56_98),V(NODE6_56_99),V(NODE6_57_0),V(NODE6_57_1),V(NODE6_57_2),V(NODE6_57_3),V(NODE6_57_4),V(NODE6_57_5),V(NODE6_57_6),V(NODE6_57_7),V(NODE6_57_8),V(NODE6_57_9),V(NODE6_57_10),V(NODE6_57_11),V(NODE6_57_12),V(NODE6_57_13),V(NODE6_57_14),V(NODE6_57_15),V(NODE6_57_16),V(NODE6_57_17),V(NODE6_57_18),V(NODE6_57_19),V(NODE6_57_20),V(NODE6_57_21),V(NODE6_57_22),V(NODE6_57_23),V(NODE6_57_24),V(NODE6_57_25),V(NODE6_57_26),V(NODE6_57_27),V(NODE6_57_28),V(NODE6_57_29),V(NODE6_57_30),V(NODE6_57_31),V(NODE6_57_32),V(NODE6_57_33),V(NODE6_57_34),V(NODE6_57_35),V(NODE6_57_36),V(NODE6_57_37),V(NODE6_57_38),V(NODE6_57_39),V(NODE6_57_40),V(NODE6_57_41),V(NODE6_57_42),V(NODE6_57_43),V(NODE6_57_44),V(NODE6_57_45),V(NODE6_57_46),V(NODE6_57_47),V(NODE6_57_48),V(NODE6_57_49),V(NODE6_57_50),V(NODE6_57_51),V(NODE6_57_52),V(NODE6_57_53),V(NODE6_57_54),V(NODE6_57_55),V(NODE6_57_56),V(NODE6_57_57),V(NODE6_57_58),V(NODE6_57_59),V(NODE6_57_60),V(NODE6_57_61),V(NODE6_57_62),V(NODE6_57_63),V(NODE6_57_64),V(NODE6_57_65),V(NODE6_57_66),V(NODE6_57_67),V(NODE6_57_68),V(NODE6_57_69),V(NODE6_57_70),V(NODE6_57_71),V(NODE6_57_72),V(NODE6_57_73),V(NODE6_57_74),V(NODE6_57_75),V(NODE6_57_76),V(NODE6_57_77),V(NODE6_57_78),V(NODE6_57_79),V(NODE6_57_80),V(NODE6_57_81),V(NODE6_57_82),V(NODE6_57_83),V(NODE6_57_84),V(NODE6_57_85),V(NODE6_57_86),V(NODE6_57_87),V(NODE6_57_88),V(NODE6_57_89),V(NODE6_57_90),V(NODE6_57_91),V(NODE6_57_92),V(NODE6_57_93),V(NODE6_57_94),V(NODE6_57_95),V(NODE6_57_96),V(NODE6_57_97),V(NODE6_57_98),V(NODE6_57_99),V(NODE6_58_0),V(NODE6_58_1),V(NODE6_58_2),V(NODE6_58_3),V(NODE6_58_4),V(NODE6_58_5),V(NODE6_58_6),V(NODE6_58_7),V(NODE6_58_8),V(NODE6_58_9),V(NODE6_58_10),V(NODE6_58_11),V(NODE6_58_12),V(NODE6_58_13),V(NODE6_58_14),V(NODE6_58_15),V(NODE6_58_16),V(NODE6_58_17),V(NODE6_58_18),V(NODE6_58_19),V(NODE6_58_20),V(NODE6_58_21),V(NODE6_58_22),V(NODE6_58_23),V(NODE6_58_24),V(NODE6_58_25),V(NODE6_58_26),V(NODE6_58_27),V(NODE6_58_28),V(NODE6_58_29),V(NODE6_58_30),V(NODE6_58_31),V(NODE6_58_32),V(NODE6_58_33),V(NODE6_58_34),V(NODE6_58_35),V(NODE6_58_36),V(NODE6_58_37),V(NODE6_58_38),V(NODE6_58_39),V(NODE6_58_40),V(NODE6_58_41),V(NODE6_58_42),V(NODE6_58_43),V(NODE6_58_44),V(NODE6_58_45),V(NODE6_58_46),V(NODE6_58_47),V(NODE6_58_48),V(NODE6_58_49),V(NODE6_58_50),V(NODE6_58_51),V(NODE6_58_52),V(NODE6_58_53),V(NODE6_58_54),V(NODE6_58_55),V(NODE6_58_56),V(NODE6_58_57),V(NODE6_58_58),V(NODE6_58_59),V(NODE6_58_60),V(NODE6_58_61),V(NODE6_58_62),V(NODE6_58_63),V(NODE6_58_64),V(NODE6_58_65),V(NODE6_58_66),V(NODE6_58_67),V(NODE6_58_68),V(NODE6_58_69),V(NODE6_58_70),V(NODE6_58_71),V(NODE6_58_72),V(NODE6_58_73),V(NODE6_58_74),V(NODE6_58_75),V(NODE6_58_76),V(NODE6_58_77),V(NODE6_58_78),V(NODE6_58_79),V(NODE6_58_80),V(NODE6_58_81),V(NODE6_58_82),V(NODE6_58_83),V(NODE6_58_84),V(NODE6_58_85),V(NODE6_58_86),V(NODE6_58_87),V(NODE6_58_88),V(NODE6_58_89),V(NODE6_58_90),V(NODE6_58_91),V(NODE6_58_92),V(NODE6_58_93),V(NODE6_58_94),V(NODE6_58_95),V(NODE6_58_96),V(NODE6_58_97),V(NODE6_58_98),V(NODE6_58_99),V(NODE6_59_0),V(NODE6_59_1),V(NODE6_59_2),V(NODE6_59_3),V(NODE6_59_4),V(NODE6_59_5),V(NODE6_59_6),V(NODE6_59_7),V(NODE6_59_8),V(NODE6_59_9),V(NODE6_59_10),V(NODE6_59_11),V(NODE6_59_12),V(NODE6_59_13),V(NODE6_59_14),V(NODE6_59_15),V(NODE6_59_16),V(NODE6_59_17),V(NODE6_59_18),V(NODE6_59_19),V(NODE6_59_20),V(NODE6_59_21),V(NODE6_59_22),V(NODE6_59_23),V(NODE6_59_24),V(NODE6_59_25),V(NODE6_59_26),V(NODE6_59_27),V(NODE6_59_28),V(NODE6_59_29),V(NODE6_59_30),V(NODE6_59_31),V(NODE6_59_32),V(NODE6_59_33),V(NODE6_59_34),V(NODE6_59_35),V(NODE6_59_36),V(NODE6_59_37),V(NODE6_59_38),V(NODE6_59_39),V(NODE6_59_40),V(NODE6_59_41),V(NODE6_59_42),V(NODE6_59_43),V(NODE6_59_44),V(NODE6_59_45),V(NODE6_59_46),V(NODE6_59_47),V(NODE6_59_48),V(NODE6_59_49),V(NODE6_59_50),V(NODE6_59_51),V(NODE6_59_52),V(NODE6_59_53),V(NODE6_59_54),V(NODE6_59_55),V(NODE6_59_56),V(NODE6_59_57),V(NODE6_59_58),V(NODE6_59_59),V(NODE6_59_60),V(NODE6_59_61),V(NODE6_59_62),V(NODE6_59_63),V(NODE6_59_64),V(NODE6_59_65),V(NODE6_59_66),V(NODE6_59_67),V(NODE6_59_68),V(NODE6_59_69),V(NODE6_59_70),V(NODE6_59_71),V(NODE6_59_72),V(NODE6_59_73),V(NODE6_59_74),V(NODE6_59_75),V(NODE6_59_76),V(NODE6_59_77),V(NODE6_59_78),V(NODE6_59_79),V(NODE6_59_80),V(NODE6_59_81),V(NODE6_59_82),V(NODE6_59_83),V(NODE6_59_84),V(NODE6_59_85),V(NODE6_59_86),V(NODE6_59_87),V(NODE6_59_88),V(NODE6_59_89),V(NODE6_59_90),V(NODE6_59_91),V(NODE6_59_92),V(NODE6_59_93),V(NODE6_59_94),V(NODE6_59_95),V(NODE6_59_96),V(NODE6_59_97),V(NODE6_59_98),V(NODE6_59_99),V(NODE6_60_0),V(NODE6_60_1),V(NODE6_60_2),V(NODE6_60_3),V(NODE6_60_4),V(NODE6_60_5),V(NODE6_60_6),V(NODE6_60_7),V(NODE6_60_8),V(NODE6_60_9),V(NODE6_60_10),V(NODE6_60_11),V(NODE6_60_12),V(NODE6_60_13),V(NODE6_60_14),V(NODE6_60_15),V(NODE6_60_16),V(NODE6_60_17),V(NODE6_60_18),V(NODE6_60_19),V(NODE6_60_20),V(NODE6_60_21),V(NODE6_60_22),V(NODE6_60_23),V(NODE6_60_24),V(NODE6_60_25),V(NODE6_60_26),V(NODE6_60_27),V(NODE6_60_28),V(NODE6_60_29),V(NODE6_60_30),V(NODE6_60_31),V(NODE6_60_32),V(NODE6_60_33),V(NODE6_60_34),V(NODE6_60_35),V(NODE6_60_36),V(NODE6_60_37),V(NODE6_60_38),V(NODE6_60_39),V(NODE6_60_40),V(NODE6_60_41),V(NODE6_60_42),V(NODE6_60_43),V(NODE6_60_44),V(NODE6_60_45),V(NODE6_60_46),V(NODE6_60_47),V(NODE6_60_48),V(NODE6_60_49),V(NODE6_60_50),V(NODE6_60_51),V(NODE6_60_52),V(NODE6_60_53),V(NODE6_60_54),V(NODE6_60_55),V(NODE6_60_56),V(NODE6_60_57),V(NODE6_60_58),V(NODE6_60_59),V(NODE6_60_60),V(NODE6_60_61),V(NODE6_60_62),V(NODE6_60_63),V(NODE6_60_64),V(NODE6_60_65),V(NODE6_60_66),V(NODE6_60_67),V(NODE6_60_68),V(NODE6_60_69),V(NODE6_60_70),V(NODE6_60_71),V(NODE6_60_72),V(NODE6_60_73),V(NODE6_60_74),V(NODE6_60_75),V(NODE6_60_76),V(NODE6_60_77),V(NODE6_60_78),V(NODE6_60_79),V(NODE6_60_80),V(NODE6_60_81),V(NODE6_60_82),V(NODE6_60_83),V(NODE6_60_84),V(NODE6_60_85),V(NODE6_60_86),V(NODE6_60_87),V(NODE6_60_88),V(NODE6_60_89),V(NODE6_60_90),V(NODE6_60_91),V(NODE6_60_92),V(NODE6_60_93),V(NODE6_60_94),V(NODE6_60_95),V(NODE6_60_96),V(NODE6_60_97),V(NODE6_60_98),V(NODE6_60_99),V(NODE6_61_0),V(NODE6_61_1),V(NODE6_61_2),V(NODE6_61_3),V(NODE6_61_4),V(NODE6_61_5),V(NODE6_61_6),V(NODE6_61_7),V(NODE6_61_8),V(NODE6_61_9),V(NODE6_61_10),V(NODE6_61_11),V(NODE6_61_12),V(NODE6_61_13),V(NODE6_61_14),V(NODE6_61_15),V(NODE6_61_16),V(NODE6_61_17),V(NODE6_61_18),V(NODE6_61_19),V(NODE6_61_20),V(NODE6_61_21),V(NODE6_61_22),V(NODE6_61_23),V(NODE6_61_24),V(NODE6_61_25),V(NODE6_61_26),V(NODE6_61_27),V(NODE6_61_28),V(NODE6_61_29),V(NODE6_61_30),V(NODE6_61_31),V(NODE6_61_32),V(NODE6_61_33),V(NODE6_61_34),V(NODE6_61_35),V(NODE6_61_36),V(NODE6_61_37),V(NODE6_61_38),V(NODE6_61_39),V(NODE6_61_40),V(NODE6_61_41),V(NODE6_61_42),V(NODE6_61_43),V(NODE6_61_44),V(NODE6_61_45),V(NODE6_61_46),V(NODE6_61_47),V(NODE6_61_48),V(NODE6_61_49),V(NODE6_61_50),V(NODE6_61_51),V(NODE6_61_52),V(NODE6_61_53),V(NODE6_61_54),V(NODE6_61_55),V(NODE6_61_56),V(NODE6_61_57),V(NODE6_61_58),V(NODE6_61_59),V(NODE6_61_60),V(NODE6_61_61),V(NODE6_61_62),V(NODE6_61_63),V(NODE6_61_64),V(NODE6_61_65),V(NODE6_61_66),V(NODE6_61_67),V(NODE6_61_68),V(NODE6_61_69),V(NODE6_61_70),V(NODE6_61_71),V(NODE6_61_72),V(NODE6_61_73),V(NODE6_61_74),V(NODE6_61_75),V(NODE6_61_76),V(NODE6_61_77),V(NODE6_61_78),V(NODE6_61_79),V(NODE6_61_80),V(NODE6_61_81),V(NODE6_61_82),V(NODE6_61_83),V(NODE6_61_84),V(NODE6_61_85),V(NODE6_61_86),V(NODE6_61_87),V(NODE6_61_88),V(NODE6_61_89),V(NODE6_61_90),V(NODE6_61_91),V(NODE6_61_92),V(NODE6_61_93),V(NODE6_61_94),V(NODE6_61_95),V(NODE6_61_96),V(NODE6_61_97),V(NODE6_61_98),V(NODE6_61_99),V(NODE6_62_0),V(NODE6_62_1),V(NODE6_62_2),V(NODE6_62_3),V(NODE6_62_4),V(NODE6_62_5),V(NODE6_62_6),V(NODE6_62_7),V(NODE6_62_8),V(NODE6_62_9),V(NODE6_62_10),V(NODE6_62_11),V(NODE6_62_12),V(NODE6_62_13),V(NODE6_62_14),V(NODE6_62_15),V(NODE6_62_16),V(NODE6_62_17),V(NODE6_62_18),V(NODE6_62_19),V(NODE6_62_20),V(NODE6_62_21),V(NODE6_62_22),V(NODE6_62_23),V(NODE6_62_24),V(NODE6_62_25),V(NODE6_62_26),V(NODE6_62_27),V(NODE6_62_28),V(NODE6_62_29),V(NODE6_62_30),V(NODE6_62_31),V(NODE6_62_32),V(NODE6_62_33),V(NODE6_62_34),V(NODE6_62_35),V(NODE6_62_36),V(NODE6_62_37),V(NODE6_62_38),V(NODE6_62_39),V(NODE6_62_40),V(NODE6_62_41),V(NODE6_62_42),V(NODE6_62_43),V(NODE6_62_44),V(NODE6_62_45),V(NODE6_62_46),V(NODE6_62_47),V(NODE6_62_48),V(NODE6_62_49),V(NODE6_62_50),V(NODE6_62_51),V(NODE6_62_52),V(NODE6_62_53),V(NODE6_62_54),V(NODE6_62_55),V(NODE6_62_56),V(NODE6_62_57),V(NODE6_62_58),V(NODE6_62_59),V(NODE6_62_60),V(NODE6_62_61),V(NODE6_62_62),V(NODE6_62_63),V(NODE6_62_64),V(NODE6_62_65),V(NODE6_62_66),V(NODE6_62_67),V(NODE6_62_68),V(NODE6_62_69),V(NODE6_62_70),V(NODE6_62_71),V(NODE6_62_72),V(NODE6_62_73),V(NODE6_62_74),V(NODE6_62_75),V(NODE6_62_76),V(NODE6_62_77),V(NODE6_62_78),V(NODE6_62_79),V(NODE6_62_80),V(NODE6_62_81),V(NODE6_62_82),V(NODE6_62_83),V(NODE6_62_84),V(NODE6_62_85),V(NODE6_62_86),V(NODE6_62_87),V(NODE6_62_88),V(NODE6_62_89),V(NODE6_62_90),V(NODE6_62_91),V(NODE6_62_92),V(NODE6_62_93),V(NODE6_62_94),V(NODE6_62_95),V(NODE6_62_96),V(NODE6_62_97),V(NODE6_62_98),V(NODE6_62_99),V(NODE6_63_0),V(NODE6_63_1),V(NODE6_63_2),V(NODE6_63_3),V(NODE6_63_4),V(NODE6_63_5),V(NODE6_63_6),V(NODE6_63_7),V(NODE6_63_8),V(NODE6_63_9),V(NODE6_63_10),V(NODE6_63_11),V(NODE6_63_12),V(NODE6_63_13),V(NODE6_63_14),V(NODE6_63_15),V(NODE6_63_16),V(NODE6_63_17),V(NODE6_63_18),V(NODE6_63_19),V(NODE6_63_20),V(NODE6_63_21),V(NODE6_63_22),V(NODE6_63_23),V(NODE6_63_24),V(NODE6_63_25),V(NODE6_63_26),V(NODE6_63_27),V(NODE6_63_28),V(NODE6_63_29),V(NODE6_63_30),V(NODE6_63_31),V(NODE6_63_32),V(NODE6_63_33),V(NODE6_63_34),V(NODE6_63_35),V(NODE6_63_36),V(NODE6_63_37),V(NODE6_63_38),V(NODE6_63_39),V(NODE6_63_40),V(NODE6_63_41),V(NODE6_63_42),V(NODE6_63_43),V(NODE6_63_44),V(NODE6_63_45),V(NODE6_63_46),V(NODE6_63_47),V(NODE6_63_48),V(NODE6_63_49),V(NODE6_63_50),V(NODE6_63_51),V(NODE6_63_52),V(NODE6_63_53),V(NODE6_63_54),V(NODE6_63_55),V(NODE6_63_56),V(NODE6_63_57),V(NODE6_63_58),V(NODE6_63_59),V(NODE6_63_60),V(NODE6_63_61),V(NODE6_63_62),V(NODE6_63_63),V(NODE6_63_64),V(NODE6_63_65),V(NODE6_63_66),V(NODE6_63_67),V(NODE6_63_68),V(NODE6_63_69),V(NODE6_63_70),V(NODE6_63_71),V(NODE6_63_72),V(NODE6_63_73),V(NODE6_63_74),V(NODE6_63_75),V(NODE6_63_76),V(NODE6_63_77),V(NODE6_63_78),V(NODE6_63_79),V(NODE6_63_80),V(NODE6_63_81),V(NODE6_63_82),V(NODE6_63_83),V(NODE6_63_84),V(NODE6_63_85),V(NODE6_63_86),V(NODE6_63_87),V(NODE6_63_88),V(NODE6_63_89),V(NODE6_63_90),V(NODE6_63_91),V(NODE6_63_92),V(NODE6_63_93),V(NODE6_63_94),V(NODE6_63_95),V(NODE6_63_96),V(NODE6_63_97),V(NODE6_63_98),V(NODE6_63_99),V(NODE6_64_0),V(NODE6_64_1),V(NODE6_64_2),V(NODE6_64_3),V(NODE6_64_4),V(NODE6_64_5),V(NODE6_64_6),V(NODE6_64_7),V(NODE6_64_8),V(NODE6_64_9),V(NODE6_64_10),V(NODE6_64_11),V(NODE6_64_12),V(NODE6_64_13),V(NODE6_64_14),V(NODE6_64_15),V(NODE6_64_16),V(NODE6_64_17),V(NODE6_64_18),V(NODE6_64_19),V(NODE6_64_20),V(NODE6_64_21),V(NODE6_64_22),V(NODE6_64_23),V(NODE6_64_24),V(NODE6_64_25),V(NODE6_64_26),V(NODE6_64_27),V(NODE6_64_28),V(NODE6_64_29),V(NODE6_64_30),V(NODE6_64_31),V(NODE6_64_32),V(NODE6_64_33),V(NODE6_64_34),V(NODE6_64_35),V(NODE6_64_36),V(NODE6_64_37),V(NODE6_64_38),V(NODE6_64_39),V(NODE6_64_40),V(NODE6_64_41),V(NODE6_64_42),V(NODE6_64_43),V(NODE6_64_44),V(NODE6_64_45),V(NODE6_64_46),V(NODE6_64_47),V(NODE6_64_48),V(NODE6_64_49),V(NODE6_64_50),V(NODE6_64_51),V(NODE6_64_52),V(NODE6_64_53),V(NODE6_64_54),V(NODE6_64_55),V(NODE6_64_56),V(NODE6_64_57),V(NODE6_64_58),V(NODE6_64_59),V(NODE6_64_60),V(NODE6_64_61),V(NODE6_64_62),V(NODE6_64_63),V(NODE6_64_64),V(NODE6_64_65),V(NODE6_64_66),V(NODE6_64_67),V(NODE6_64_68),V(NODE6_64_69),V(NODE6_64_70),V(NODE6_64_71),V(NODE6_64_72),V(NODE6_64_73),V(NODE6_64_74),V(NODE6_64_75),V(NODE6_64_76),V(NODE6_64_77),V(NODE6_64_78),V(NODE6_64_79),V(NODE6_64_80),V(NODE6_64_81),V(NODE6_64_82),V(NODE6_64_83),V(NODE6_64_84),V(NODE6_64_85),V(NODE6_64_86),V(NODE6_64_87),V(NODE6_64_88),V(NODE6_64_89),V(NODE6_64_90),V(NODE6_64_91),V(NODE6_64_92),V(NODE6_64_93),V(NODE6_64_94),V(NODE6_64_95),V(NODE6_64_96),V(NODE6_64_97),V(NODE6_64_98),V(NODE6_64_99),V(NODE6_65_0),V(NODE6_65_1),V(NODE6_65_2),V(NODE6_65_3),V(NODE6_65_4),V(NODE6_65_5),V(NODE6_65_6),V(NODE6_65_7),V(NODE6_65_8),V(NODE6_65_9),V(NODE6_65_10),V(NODE6_65_11),V(NODE6_65_12),V(NODE6_65_13),V(NODE6_65_14),V(NODE6_65_15),V(NODE6_65_16),V(NODE6_65_17),V(NODE6_65_18),V(NODE6_65_19),V(NODE6_65_20),V(NODE6_65_21),V(NODE6_65_22),V(NODE6_65_23),V(NODE6_65_24),V(NODE6_65_25),V(NODE6_65_26),V(NODE6_65_27),V(NODE6_65_28),V(NODE6_65_29),V(NODE6_65_30),V(NODE6_65_31),V(NODE6_65_32),V(NODE6_65_33),V(NODE6_65_34),V(NODE6_65_35),V(NODE6_65_36),V(NODE6_65_37),V(NODE6_65_38),V(NODE6_65_39),V(NODE6_65_40),V(NODE6_65_41),V(NODE6_65_42),V(NODE6_65_43),V(NODE6_65_44),V(NODE6_65_45),V(NODE6_65_46),V(NODE6_65_47),V(NODE6_65_48),V(NODE6_65_49),V(NODE6_65_50),V(NODE6_65_51),V(NODE6_65_52),V(NODE6_65_53),V(NODE6_65_54),V(NODE6_65_55),V(NODE6_65_56),V(NODE6_65_57),V(NODE6_65_58),V(NODE6_65_59),V(NODE6_65_60),V(NODE6_65_61),V(NODE6_65_62),V(NODE6_65_63),V(NODE6_65_64),V(NODE6_65_65),V(NODE6_65_66),V(NODE6_65_67),V(NODE6_65_68),V(NODE6_65_69),V(NODE6_65_70),V(NODE6_65_71),V(NODE6_65_72),V(NODE6_65_73),V(NODE6_65_74),V(NODE6_65_75),V(NODE6_65_76),V(NODE6_65_77),V(NODE6_65_78),V(NODE6_65_79),V(NODE6_65_80),V(NODE6_65_81),V(NODE6_65_82),V(NODE6_65_83),V(NODE6_65_84),V(NODE6_65_85),V(NODE6_65_86),V(NODE6_65_87),V(NODE6_65_88),V(NODE6_65_89),V(NODE6_65_90),V(NODE6_65_91),V(NODE6_65_92),V(NODE6_65_93),V(NODE6_65_94),V(NODE6_65_95),V(NODE6_65_96),V(NODE6_65_97),V(NODE6_65_98),V(NODE6_65_99),V(NODE6_66_0),V(NODE6_66_1),V(NODE6_66_2),V(NODE6_66_3),V(NODE6_66_4),V(NODE6_66_5),V(NODE6_66_6),V(NODE6_66_7),V(NODE6_66_8),V(NODE6_66_9),V(NODE6_66_10),V(NODE6_66_11),V(NODE6_66_12),V(NODE6_66_13),V(NODE6_66_14),V(NODE6_66_15),V(NODE6_66_16),V(NODE6_66_17),V(NODE6_66_18),V(NODE6_66_19),V(NODE6_66_20),V(NODE6_66_21),V(NODE6_66_22),V(NODE6_66_23),V(NODE6_66_24),V(NODE6_66_25),V(NODE6_66_26),V(NODE6_66_27),V(NODE6_66_28),V(NODE6_66_29),V(NODE6_66_30),V(NODE6_66_31),V(NODE6_66_32),V(NODE6_66_33),V(NODE6_66_34),V(NODE6_66_35),V(NODE6_66_36),V(NODE6_66_37),V(NODE6_66_38),V(NODE6_66_39),V(NODE6_66_40),V(NODE6_66_41),V(NODE6_66_42),V(NODE6_66_43),V(NODE6_66_44),V(NODE6_66_45),V(NODE6_66_46),V(NODE6_66_47),V(NODE6_66_48),V(NODE6_66_49),V(NODE6_66_50),V(NODE6_66_51),V(NODE6_66_52),V(NODE6_66_53),V(NODE6_66_54),V(NODE6_66_55),V(NODE6_66_56),V(NODE6_66_57),V(NODE6_66_58),V(NODE6_66_59),V(NODE6_66_60),V(NODE6_66_61),V(NODE6_66_62),V(NODE6_66_63),V(NODE6_66_64),V(NODE6_66_65),V(NODE6_66_66),V(NODE6_66_67),V(NODE6_66_68),V(NODE6_66_69),V(NODE6_66_70),V(NODE6_66_71),V(NODE6_66_72),V(NODE6_66_73),V(NODE6_66_74),V(NODE6_66_75),V(NODE6_66_76),V(NODE6_66_77),V(NODE6_66_78),V(NODE6_66_79),V(NODE6_66_80),V(NODE6_66_81),V(NODE6_66_82),V(NODE6_66_83),V(NODE6_66_84),V(NODE6_66_85),V(NODE6_66_86),V(NODE6_66_87),V(NODE6_66_88),V(NODE6_66_89),V(NODE6_66_90),V(NODE6_66_91),V(NODE6_66_92),V(NODE6_66_93),V(NODE6_66_94),V(NODE6_66_95),V(NODE6_66_96),V(NODE6_66_97),V(NODE6_66_98),V(NODE6_66_99),V(NODE6_67_0),V(NODE6_67_1),V(NODE6_67_2),V(NODE6_67_3),V(NODE6_67_4),V(NODE6_67_5),V(NODE6_67_6),V(NODE6_67_7),V(NODE6_67_8),V(NODE6_67_9),V(NODE6_67_10),V(NODE6_67_11),V(NODE6_67_12),V(NODE6_67_13),V(NODE6_67_14),V(NODE6_67_15),V(NODE6_67_16),V(NODE6_67_17),V(NODE6_67_18),V(NODE6_67_19),V(NODE6_67_20),V(NODE6_67_21),V(NODE6_67_22),V(NODE6_67_23),V(NODE6_67_24),V(NODE6_67_25),V(NODE6_67_26),V(NODE6_67_27),V(NODE6_67_28),V(NODE6_67_29),V(NODE6_67_30),V(NODE6_67_31),V(NODE6_67_32),V(NODE6_67_33),V(NODE6_67_34),V(NODE6_67_35),V(NODE6_67_36),V(NODE6_67_37),V(NODE6_67_38),V(NODE6_67_39),V(NODE6_67_40),V(NODE6_67_41),V(NODE6_67_42),V(NODE6_67_43),V(NODE6_67_44),V(NODE6_67_45),V(NODE6_67_46),V(NODE6_67_47),V(NODE6_67_48),V(NODE6_67_49),V(NODE6_67_50),V(NODE6_67_51),V(NODE6_67_52),V(NODE6_67_53),V(NODE6_67_54),V(NODE6_67_55),V(NODE6_67_56),V(NODE6_67_57),V(NODE6_67_58),V(NODE6_67_59),V(NODE6_67_60),V(NODE6_67_61),V(NODE6_67_62),V(NODE6_67_63),V(NODE6_67_64),V(NODE6_67_65),V(NODE6_67_66),V(NODE6_67_67),V(NODE6_67_68),V(NODE6_67_69),V(NODE6_67_70),V(NODE6_67_71),V(NODE6_67_72),V(NODE6_67_73),V(NODE6_67_74),V(NODE6_67_75),V(NODE6_67_76),V(NODE6_67_77),V(NODE6_67_78),V(NODE6_67_79),V(NODE6_67_80),V(NODE6_67_81),V(NODE6_67_82),V(NODE6_67_83),V(NODE6_67_84),V(NODE6_67_85),V(NODE6_67_86),V(NODE6_67_87),V(NODE6_67_88),V(NODE6_67_89),V(NODE6_67_90),V(NODE6_67_91),V(NODE6_67_92),V(NODE6_67_93),V(NODE6_67_94),V(NODE6_67_95),V(NODE6_67_96),V(NODE6_67_97),V(NODE6_67_98),V(NODE6_67_99),V(NODE6_68_0),V(NODE6_68_1),V(NODE6_68_2),V(NODE6_68_3),V(NODE6_68_4),V(NODE6_68_5),V(NODE6_68_6),V(NODE6_68_7),V(NODE6_68_8),V(NODE6_68_9),V(NODE6_68_10),V(NODE6_68_11),V(NODE6_68_12),V(NODE6_68_13),V(NODE6_68_14),V(NODE6_68_15),V(NODE6_68_16),V(NODE6_68_17),V(NODE6_68_18),V(NODE6_68_19),V(NODE6_68_20),V(NODE6_68_21),V(NODE6_68_22),V(NODE6_68_23),V(NODE6_68_24),V(NODE6_68_25),V(NODE6_68_26),V(NODE6_68_27),V(NODE6_68_28),V(NODE6_68_29),V(NODE6_68_30),V(NODE6_68_31),V(NODE6_68_32),V(NODE6_68_33),V(NODE6_68_34),V(NODE6_68_35),V(NODE6_68_36),V(NODE6_68_37),V(NODE6_68_38),V(NODE6_68_39),V(NODE6_68_40),V(NODE6_68_41),V(NODE6_68_42),V(NODE6_68_43),V(NODE6_68_44),V(NODE6_68_45),V(NODE6_68_46),V(NODE6_68_47),V(NODE6_68_48),V(NODE6_68_49),V(NODE6_68_50),V(NODE6_68_51),V(NODE6_68_52),V(NODE6_68_53),V(NODE6_68_54),V(NODE6_68_55),V(NODE6_68_56),V(NODE6_68_57),V(NODE6_68_58),V(NODE6_68_59),V(NODE6_68_60),V(NODE6_68_61),V(NODE6_68_62),V(NODE6_68_63),V(NODE6_68_64),V(NODE6_68_65),V(NODE6_68_66),V(NODE6_68_67),V(NODE6_68_68),V(NODE6_68_69),V(NODE6_68_70),V(NODE6_68_71),V(NODE6_68_72),V(NODE6_68_73),V(NODE6_68_74),V(NODE6_68_75),V(NODE6_68_76),V(NODE6_68_77),V(NODE6_68_78),V(NODE6_68_79),V(NODE6_68_80),V(NODE6_68_81),V(NODE6_68_82),V(NODE6_68_83),V(NODE6_68_84),V(NODE6_68_85),V(NODE6_68_86),V(NODE6_68_87),V(NODE6_68_88),V(NODE6_68_89),V(NODE6_68_90),V(NODE6_68_91),V(NODE6_68_92),V(NODE6_68_93),V(NODE6_68_94),V(NODE6_68_95),V(NODE6_68_96),V(NODE6_68_97),V(NODE6_68_98),V(NODE6_68_99),V(NODE6_69_0),V(NODE6_69_1),V(NODE6_69_2),V(NODE6_69_3),V(NODE6_69_4),V(NODE6_69_5),V(NODE6_69_6),V(NODE6_69_7),V(NODE6_69_8),V(NODE6_69_9),V(NODE6_69_10),V(NODE6_69_11),V(NODE6_69_12),V(NODE6_69_13),V(NODE6_69_14),V(NODE6_69_15),V(NODE6_69_16),V(NODE6_69_17),V(NODE6_69_18),V(NODE6_69_19),V(NODE6_69_20),V(NODE6_69_21),V(NODE6_69_22),V(NODE6_69_23),V(NODE6_69_24),V(NODE6_69_25),V(NODE6_69_26),V(NODE6_69_27),V(NODE6_69_28),V(NODE6_69_29),V(NODE6_69_30),V(NODE6_69_31),V(NODE6_69_32),V(NODE6_69_33),V(NODE6_69_34),V(NODE6_69_35),V(NODE6_69_36),V(NODE6_69_37),V(NODE6_69_38),V(NODE6_69_39),V(NODE6_69_40),V(NODE6_69_41),V(NODE6_69_42),V(NODE6_69_43),V(NODE6_69_44),V(NODE6_69_45),V(NODE6_69_46),V(NODE6_69_47),V(NODE6_69_48),V(NODE6_69_49),V(NODE6_69_50),V(NODE6_69_51),V(NODE6_69_52),V(NODE6_69_53),V(NODE6_69_54),V(NODE6_69_55),V(NODE6_69_56),V(NODE6_69_57),V(NODE6_69_58),V(NODE6_69_59),V(NODE6_69_60),V(NODE6_69_61),V(NODE6_69_62),V(NODE6_69_63),V(NODE6_69_64),V(NODE6_69_65),V(NODE6_69_66),V(NODE6_69_67),V(NODE6_69_68),V(NODE6_69_69),V(NODE6_69_70),V(NODE6_69_71),V(NODE6_69_72),V(NODE6_69_73),V(NODE6_69_74),V(NODE6_69_75),V(NODE6_69_76),V(NODE6_69_77),V(NODE6_69_78),V(NODE6_69_79),V(NODE6_69_80),V(NODE6_69_81),V(NODE6_69_82),V(NODE6_69_83),V(NODE6_69_84),V(NODE6_69_85),V(NODE6_69_86),V(NODE6_69_87),V(NODE6_69_88),V(NODE6_69_89),V(NODE6_69_90),V(NODE6_69_91),V(NODE6_69_92),V(NODE6_69_93),V(NODE6_69_94),V(NODE6_69_95),V(NODE6_69_96),V(NODE6_69_97),V(NODE6_69_98),V(NODE6_69_99),V(NODE6_70_0),V(NODE6_70_1),V(NODE6_70_2),V(NODE6_70_3),V(NODE6_70_4),V(NODE6_70_5),V(NODE6_70_6),V(NODE6_70_7),V(NODE6_70_8),V(NODE6_70_9),V(NODE6_70_10),V(NODE6_70_11),V(NODE6_70_12),V(NODE6_70_13),V(NODE6_70_14),V(NODE6_70_15),V(NODE6_70_16),V(NODE6_70_17),V(NODE6_70_18),V(NODE6_70_19),V(NODE6_70_20),V(NODE6_70_21),V(NODE6_70_22),V(NODE6_70_23),V(NODE6_70_24),V(NODE6_70_25),V(NODE6_70_26),V(NODE6_70_27),V(NODE6_70_28),V(NODE6_70_29),V(NODE6_70_30),V(NODE6_70_31),V(NODE6_70_32),V(NODE6_70_33),V(NODE6_70_34),V(NODE6_70_35),V(NODE6_70_36),V(NODE6_70_37),V(NODE6_70_38),V(NODE6_70_39),V(NODE6_70_40),V(NODE6_70_41),V(NODE6_70_42),V(NODE6_70_43),V(NODE6_70_44),V(NODE6_70_45),V(NODE6_70_46),V(NODE6_70_47),V(NODE6_70_48),V(NODE6_70_49),V(NODE6_70_50),V(NODE6_70_51),V(NODE6_70_52),V(NODE6_70_53),V(NODE6_70_54),V(NODE6_70_55),V(NODE6_70_56),V(NODE6_70_57),V(NODE6_70_58),V(NODE6_70_59),V(NODE6_70_60),V(NODE6_70_61),V(NODE6_70_62),V(NODE6_70_63),V(NODE6_70_64),V(NODE6_70_65),V(NODE6_70_66),V(NODE6_70_67),V(NODE6_70_68),V(NODE6_70_69),V(NODE6_70_70),V(NODE6_70_71),V(NODE6_70_72),V(NODE6_70_73),V(NODE6_70_74),V(NODE6_70_75),V(NODE6_70_76),V(NODE6_70_77),V(NODE6_70_78),V(NODE6_70_79),V(NODE6_70_80),V(NODE6_70_81),V(NODE6_70_82),V(NODE6_70_83),V(NODE6_70_84),V(NODE6_70_85),V(NODE6_70_86),V(NODE6_70_87),V(NODE6_70_88),V(NODE6_70_89),V(NODE6_70_90),V(NODE6_70_91),V(NODE6_70_92),V(NODE6_70_93),V(NODE6_70_94),V(NODE6_70_95),V(NODE6_70_96),V(NODE6_70_97),V(NODE6_70_98),V(NODE6_70_99),V(NODE6_71_0),V(NODE6_71_1),V(NODE6_71_2),V(NODE6_71_3),V(NODE6_71_4),V(NODE6_71_5),V(NODE6_71_6),V(NODE6_71_7),V(NODE6_71_8),V(NODE6_71_9),V(NODE6_71_10),V(NODE6_71_11),V(NODE6_71_12),V(NODE6_71_13),V(NODE6_71_14),V(NODE6_71_15),V(NODE6_71_16),V(NODE6_71_17),V(NODE6_71_18),V(NODE6_71_19),V(NODE6_71_20),V(NODE6_71_21),V(NODE6_71_22),V(NODE6_71_23),V(NODE6_71_24),V(NODE6_71_25),V(NODE6_71_26),V(NODE6_71_27),V(NODE6_71_28),V(NODE6_71_29),V(NODE6_71_30),V(NODE6_71_31),V(NODE6_71_32),V(NODE6_71_33),V(NODE6_71_34),V(NODE6_71_35),V(NODE6_71_36),V(NODE6_71_37),V(NODE6_71_38),V(NODE6_71_39),V(NODE6_71_40),V(NODE6_71_41),V(NODE6_71_42),V(NODE6_71_43),V(NODE6_71_44),V(NODE6_71_45),V(NODE6_71_46),V(NODE6_71_47),V(NODE6_71_48),V(NODE6_71_49),V(NODE6_71_50),V(NODE6_71_51),V(NODE6_71_52),V(NODE6_71_53),V(NODE6_71_54),V(NODE6_71_55),V(NODE6_71_56),V(NODE6_71_57),V(NODE6_71_58),V(NODE6_71_59),V(NODE6_71_60),V(NODE6_71_61),V(NODE6_71_62),V(NODE6_71_63),V(NODE6_71_64),V(NODE6_71_65),V(NODE6_71_66),V(NODE6_71_67),V(NODE6_71_68),V(NODE6_71_69),V(NODE6_71_70),V(NODE6_71_71),V(NODE6_71_72),V(NODE6_71_73),V(NODE6_71_74),V(NODE6_71_75),V(NODE6_71_76),V(NODE6_71_77),V(NODE6_71_78),V(NODE6_71_79),V(NODE6_71_80),V(NODE6_71_81),V(NODE6_71_82),V(NODE6_71_83),V(NODE6_71_84),V(NODE6_71_85),V(NODE6_71_86),V(NODE6_71_87),V(NODE6_71_88),V(NODE6_71_89),V(NODE6_71_90),V(NODE6_71_91),V(NODE6_71_92),V(NODE6_71_93),V(NODE6_71_94),V(NODE6_71_95),V(NODE6_71_96),V(NODE6_71_97),V(NODE6_71_98),V(NODE6_71_99),V(NODE6_72_0),V(NODE6_72_1),V(NODE6_72_2),V(NODE6_72_3),V(NODE6_72_4),V(NODE6_72_5),V(NODE6_72_6),V(NODE6_72_7),V(NODE6_72_8),V(NODE6_72_9),V(NODE6_72_10),V(NODE6_72_11),V(NODE6_72_12),V(NODE6_72_13),V(NODE6_72_14),V(NODE6_72_15),V(NODE6_72_16),V(NODE6_72_17),V(NODE6_72_18),V(NODE6_72_19),V(NODE6_72_20),V(NODE6_72_21),V(NODE6_72_22),V(NODE6_72_23),V(NODE6_72_24),V(NODE6_72_25),V(NODE6_72_26),V(NODE6_72_27),V(NODE6_72_28),V(NODE6_72_29),V(NODE6_72_30),V(NODE6_72_31),V(NODE6_72_32),V(NODE6_72_33),V(NODE6_72_34),V(NODE6_72_35),V(NODE6_72_36),V(NODE6_72_37),V(NODE6_72_38),V(NODE6_72_39),V(NODE6_72_40),V(NODE6_72_41),V(NODE6_72_42),V(NODE6_72_43),V(NODE6_72_44),V(NODE6_72_45),V(NODE6_72_46),V(NODE6_72_47),V(NODE6_72_48),V(NODE6_72_49),V(NODE6_72_50),V(NODE6_72_51),V(NODE6_72_52),V(NODE6_72_53),V(NODE6_72_54),V(NODE6_72_55),V(NODE6_72_56),V(NODE6_72_57),V(NODE6_72_58),V(NODE6_72_59),V(NODE6_72_60),V(NODE6_72_61),V(NODE6_72_62),V(NODE6_72_63),V(NODE6_72_64),V(NODE6_72_65),V(NODE6_72_66),V(NODE6_72_67),V(NODE6_72_68),V(NODE6_72_69),V(NODE6_72_70),V(NODE6_72_71),V(NODE6_72_72),V(NODE6_72_73),V(NODE6_72_74),V(NODE6_72_75),V(NODE6_72_76),V(NODE6_72_77),V(NODE6_72_78),V(NODE6_72_79),V(NODE6_72_80),V(NODE6_72_81),V(NODE6_72_82),V(NODE6_72_83),V(NODE6_72_84),V(NODE6_72_85),V(NODE6_72_86),V(NODE6_72_87),V(NODE6_72_88),V(NODE6_72_89),V(NODE6_72_90),V(NODE6_72_91),V(NODE6_72_92),V(NODE6_72_93),V(NODE6_72_94),V(NODE6_72_95),V(NODE6_72_96),V(NODE6_72_97),V(NODE6_72_98),V(NODE6_72_99),V(NODE6_73_0),V(NODE6_73_1),V(NODE6_73_2),V(NODE6_73_3),V(NODE6_73_4),V(NODE6_73_5),V(NODE6_73_6),V(NODE6_73_7),V(NODE6_73_8),V(NODE6_73_9),V(NODE6_73_10),V(NODE6_73_11),V(NODE6_73_12),V(NODE6_73_13),V(NODE6_73_14),V(NODE6_73_15),V(NODE6_73_16),V(NODE6_73_17),V(NODE6_73_18),V(NODE6_73_19),V(NODE6_73_20),V(NODE6_73_21),V(NODE6_73_22),V(NODE6_73_23),V(NODE6_73_24),V(NODE6_73_25),V(NODE6_73_26),V(NODE6_73_27),V(NODE6_73_28),V(NODE6_73_29),V(NODE6_73_30),V(NODE6_73_31),V(NODE6_73_32),V(NODE6_73_33),V(NODE6_73_34),V(NODE6_73_35),V(NODE6_73_36),V(NODE6_73_37),V(NODE6_73_38),V(NODE6_73_39),V(NODE6_73_40),V(NODE6_73_41),V(NODE6_73_42),V(NODE6_73_43),V(NODE6_73_44),V(NODE6_73_45),V(NODE6_73_46),V(NODE6_73_47),V(NODE6_73_48),V(NODE6_73_49),V(NODE6_73_50),V(NODE6_73_51),V(NODE6_73_52),V(NODE6_73_53),V(NODE6_73_54),V(NODE6_73_55),V(NODE6_73_56),V(NODE6_73_57),V(NODE6_73_58),V(NODE6_73_59),V(NODE6_73_60),V(NODE6_73_61),V(NODE6_73_62),V(NODE6_73_63),V(NODE6_73_64),V(NODE6_73_65),V(NODE6_73_66),V(NODE6_73_67),V(NODE6_73_68),V(NODE6_73_69),V(NODE6_73_70),V(NODE6_73_71),V(NODE6_73_72),V(NODE6_73_73),V(NODE6_73_74),V(NODE6_73_75),V(NODE6_73_76),V(NODE6_73_77),V(NODE6_73_78),V(NODE6_73_79),V(NODE6_73_80),V(NODE6_73_81),V(NODE6_73_82),V(NODE6_73_83),V(NODE6_73_84),V(NODE6_73_85),V(NODE6_73_86),V(NODE6_73_87),V(NODE6_73_88),V(NODE6_73_89),V(NODE6_73_90),V(NODE6_73_91),V(NODE6_73_92),V(NODE6_73_93),V(NODE6_73_94),V(NODE6_73_95),V(NODE6_73_96),V(NODE6_73_97),V(NODE6_73_98),V(NODE6_73_99),V(NODE6_74_0),V(NODE6_74_1),V(NODE6_74_2),V(NODE6_74_3),V(NODE6_74_4),V(NODE6_74_5),V(NODE6_74_6),V(NODE6_74_7),V(NODE6_74_8),V(NODE6_74_9),V(NODE6_74_10),V(NODE6_74_11),V(NODE6_74_12),V(NODE6_74_13),V(NODE6_74_14),V(NODE6_74_15),V(NODE6_74_16),V(NODE6_74_17),V(NODE6_74_18),V(NODE6_74_19),V(NODE6_74_20),V(NODE6_74_21),V(NODE6_74_22),V(NODE6_74_23),V(NODE6_74_24),V(NODE6_74_25),V(NODE6_74_26),V(NODE6_74_27),V(NODE6_74_28),V(NODE6_74_29),V(NODE6_74_30),V(NODE6_74_31),V(NODE6_74_32),V(NODE6_74_33),V(NODE6_74_34),V(NODE6_74_35),V(NODE6_74_36),V(NODE6_74_37),V(NODE6_74_38),V(NODE6_74_39),V(NODE6_74_40),V(NODE6_74_41),V(NODE6_74_42),V(NODE6_74_43),V(NODE6_74_44),V(NODE6_74_45),V(NODE6_74_46),V(NODE6_74_47),V(NODE6_74_48),V(NODE6_74_49),V(NODE6_74_50),V(NODE6_74_51),V(NODE6_74_52),V(NODE6_74_53),V(NODE6_74_54),V(NODE6_74_55),V(NODE6_74_56),V(NODE6_74_57),V(NODE6_74_58),V(NODE6_74_59),V(NODE6_74_60),V(NODE6_74_61),V(NODE6_74_62),V(NODE6_74_63),V(NODE6_74_64),V(NODE6_74_65),V(NODE6_74_66),V(NODE6_74_67),V(NODE6_74_68),V(NODE6_74_69),V(NODE6_74_70),V(NODE6_74_71),V(NODE6_74_72),V(NODE6_74_73),V(NODE6_74_74),V(NODE6_74_75),V(NODE6_74_76),V(NODE6_74_77),V(NODE6_74_78),V(NODE6_74_79),V(NODE6_74_80),V(NODE6_74_81),V(NODE6_74_82),V(NODE6_74_83),V(NODE6_74_84),V(NODE6_74_85),V(NODE6_74_86),V(NODE6_74_87),V(NODE6_74_88),V(NODE6_74_89),V(NODE6_74_90),V(NODE6_74_91),V(NODE6_74_92),V(NODE6_74_93),V(NODE6_74_94),V(NODE6_74_95),V(NODE6_74_96),V(NODE6_74_97),V(NODE6_74_98),V(NODE6_74_99),V(NODE6_75_0),V(NODE6_75_1),V(NODE6_75_2),V(NODE6_75_3),V(NODE6_75_4),V(NODE6_75_5),V(NODE6_75_6),V(NODE6_75_7),V(NODE6_75_8),V(NODE6_75_9),V(NODE6_75_10),V(NODE6_75_11),V(NODE6_75_12),V(NODE6_75_13),V(NODE6_75_14),V(NODE6_75_15),V(NODE6_75_16),V(NODE6_75_17),V(NODE6_75_18),V(NODE6_75_19),V(NODE6_75_20),V(NODE6_75_21),V(NODE6_75_22),V(NODE6_75_23),V(NODE6_75_24),V(NODE6_75_25),V(NODE6_75_26),V(NODE6_75_27),V(NODE6_75_28),V(NODE6_75_29),V(NODE6_75_30),V(NODE6_75_31),V(NODE6_75_32),V(NODE6_75_33),V(NODE6_75_34),V(NODE6_75_35),V(NODE6_75_36),V(NODE6_75_37),V(NODE6_75_38),V(NODE6_75_39),V(NODE6_75_40),V(NODE6_75_41),V(NODE6_75_42),V(NODE6_75_43),V(NODE6_75_44),V(NODE6_75_45),V(NODE6_75_46),V(NODE6_75_47),V(NODE6_75_48),V(NODE6_75_49),V(NODE6_75_50),V(NODE6_75_51),V(NODE6_75_52),V(NODE6_75_53),V(NODE6_75_54),V(NODE6_75_55),V(NODE6_75_56),V(NODE6_75_57),V(NODE6_75_58),V(NODE6_75_59),V(NODE6_75_60),V(NODE6_75_61),V(NODE6_75_62),V(NODE6_75_63),V(NODE6_75_64),V(NODE6_75_65),V(NODE6_75_66),V(NODE6_75_67),V(NODE6_75_68),V(NODE6_75_69),V(NODE6_75_70),V(NODE6_75_71),V(NODE6_75_72),V(NODE6_75_73),V(NODE6_75_74),V(NODE6_75_75),V(NODE6_75_76),V(NODE6_75_77),V(NODE6_75_78),V(NODE6_75_79),V(NODE6_75_80),V(NODE6_75_81),V(NODE6_75_82),V(NODE6_75_83),V(NODE6_75_84),V(NODE6_75_85),V(NODE6_75_86),V(NODE6_75_87),V(NODE6_75_88),V(NODE6_75_89),V(NODE6_75_90),V(NODE6_75_91),V(NODE6_75_92),V(NODE6_75_93),V(NODE6_75_94),V(NODE6_75_95),V(NODE6_75_96),V(NODE6_75_97),V(NODE6_75_98),V(NODE6_75_99),V(NODE6_76_0),V(NODE6_76_1),V(NODE6_76_2),V(NODE6_76_3),V(NODE6_76_4),V(NODE6_76_5),V(NODE6_76_6),V(NODE6_76_7),V(NODE6_76_8),V(NODE6_76_9),V(NODE6_76_10),V(NODE6_76_11),V(NODE6_76_12),V(NODE6_76_13),V(NODE6_76_14),V(NODE6_76_15),V(NODE6_76_16),V(NODE6_76_17),V(NODE6_76_18),V(NODE6_76_19),V(NODE6_76_20),V(NODE6_76_21),V(NODE6_76_22),V(NODE6_76_23),V(NODE6_76_24),V(NODE6_76_25),V(NODE6_76_26),V(NODE6_76_27),V(NODE6_76_28),V(NODE6_76_29),V(NODE6_76_30),V(NODE6_76_31),V(NODE6_76_32),V(NODE6_76_33),V(NODE6_76_34),V(NODE6_76_35),V(NODE6_76_36),V(NODE6_76_37),V(NODE6_76_38),V(NODE6_76_39),V(NODE6_76_40),V(NODE6_76_41),V(NODE6_76_42),V(NODE6_76_43),V(NODE6_76_44),V(NODE6_76_45),V(NODE6_76_46),V(NODE6_76_47),V(NODE6_76_48),V(NODE6_76_49),V(NODE6_76_50),V(NODE6_76_51),V(NODE6_76_52),V(NODE6_76_53),V(NODE6_76_54),V(NODE6_76_55),V(NODE6_76_56),V(NODE6_76_57),V(NODE6_76_58),V(NODE6_76_59),V(NODE6_76_60),V(NODE6_76_61),V(NODE6_76_62),V(NODE6_76_63),V(NODE6_76_64),V(NODE6_76_65),V(NODE6_76_66),V(NODE6_76_67),V(NODE6_76_68),V(NODE6_76_69),V(NODE6_76_70),V(NODE6_76_71),V(NODE6_76_72),V(NODE6_76_73),V(NODE6_76_74),V(NODE6_76_75),V(NODE6_76_76),V(NODE6_76_77),V(NODE6_76_78),V(NODE6_76_79),V(NODE6_76_80),V(NODE6_76_81),V(NODE6_76_82),V(NODE6_76_83),V(NODE6_76_84),V(NODE6_76_85),V(NODE6_76_86),V(NODE6_76_87),V(NODE6_76_88),V(NODE6_76_89),V(NODE6_76_90),V(NODE6_76_91),V(NODE6_76_92),V(NODE6_76_93),V(NODE6_76_94),V(NODE6_76_95),V(NODE6_76_96),V(NODE6_76_97),V(NODE6_76_98),V(NODE6_76_99),V(NODE6_77_0),V(NODE6_77_1),V(NODE6_77_2),V(NODE6_77_3),V(NODE6_77_4),V(NODE6_77_5),V(NODE6_77_6),V(NODE6_77_7),V(NODE6_77_8),V(NODE6_77_9),V(NODE6_77_10),V(NODE6_77_11),V(NODE6_77_12),V(NODE6_77_13),V(NODE6_77_14),V(NODE6_77_15),V(NODE6_77_16),V(NODE6_77_17),V(NODE6_77_18),V(NODE6_77_19),V(NODE6_77_20),V(NODE6_77_21),V(NODE6_77_22),V(NODE6_77_23),V(NODE6_77_24),V(NODE6_77_25),V(NODE6_77_26),V(NODE6_77_27),V(NODE6_77_28),V(NODE6_77_29),V(NODE6_77_30),V(NODE6_77_31),V(NODE6_77_32),V(NODE6_77_33),V(NODE6_77_34),V(NODE6_77_35),V(NODE6_77_36),V(NODE6_77_37),V(NODE6_77_38),V(NODE6_77_39),V(NODE6_77_40),V(NODE6_77_41),V(NODE6_77_42),V(NODE6_77_43),V(NODE6_77_44),V(NODE6_77_45),V(NODE6_77_46),V(NODE6_77_47),V(NODE6_77_48),V(NODE6_77_49),V(NODE6_77_50),V(NODE6_77_51),V(NODE6_77_52),V(NODE6_77_53),V(NODE6_77_54),V(NODE6_77_55),V(NODE6_77_56),V(NODE6_77_57),V(NODE6_77_58),V(NODE6_77_59),V(NODE6_77_60),V(NODE6_77_61),V(NODE6_77_62),V(NODE6_77_63),V(NODE6_77_64),V(NODE6_77_65),V(NODE6_77_66),V(NODE6_77_67),V(NODE6_77_68),V(NODE6_77_69),V(NODE6_77_70),V(NODE6_77_71),V(NODE6_77_72),V(NODE6_77_73),V(NODE6_77_74),V(NODE6_77_75),V(NODE6_77_76),V(NODE6_77_77),V(NODE6_77_78),V(NODE6_77_79),V(NODE6_77_80),V(NODE6_77_81),V(NODE6_77_82),V(NODE6_77_83),V(NODE6_77_84),V(NODE6_77_85),V(NODE6_77_86),V(NODE6_77_87),V(NODE6_77_88),V(NODE6_77_89),V(NODE6_77_90),V(NODE6_77_91),V(NODE6_77_92),V(NODE6_77_93),V(NODE6_77_94),V(NODE6_77_95),V(NODE6_77_96),V(NODE6_77_97),V(NODE6_77_98),V(NODE6_77_99),V(NODE6_78_0),V(NODE6_78_1),V(NODE6_78_2),V(NODE6_78_3),V(NODE6_78_4),V(NODE6_78_5),V(NODE6_78_6),V(NODE6_78_7),V(NODE6_78_8),V(NODE6_78_9),V(NODE6_78_10),V(NODE6_78_11),V(NODE6_78_12),V(NODE6_78_13),V(NODE6_78_14),V(NODE6_78_15),V(NODE6_78_16),V(NODE6_78_17),V(NODE6_78_18),V(NODE6_78_19),V(NODE6_78_20),V(NODE6_78_21),V(NODE6_78_22),V(NODE6_78_23),V(NODE6_78_24),V(NODE6_78_25),V(NODE6_78_26),V(NODE6_78_27),V(NODE6_78_28),V(NODE6_78_29),V(NODE6_78_30),V(NODE6_78_31),V(NODE6_78_32),V(NODE6_78_33),V(NODE6_78_34),V(NODE6_78_35),V(NODE6_78_36),V(NODE6_78_37),V(NODE6_78_38),V(NODE6_78_39),V(NODE6_78_40),V(NODE6_78_41),V(NODE6_78_42),V(NODE6_78_43),V(NODE6_78_44),V(NODE6_78_45),V(NODE6_78_46),V(NODE6_78_47),V(NODE6_78_48),V(NODE6_78_49),V(NODE6_78_50),V(NODE6_78_51),V(NODE6_78_52),V(NODE6_78_53),V(NODE6_78_54),V(NODE6_78_55),V(NODE6_78_56),V(NODE6_78_57),V(NODE6_78_58),V(NODE6_78_59),V(NODE6_78_60),V(NODE6_78_61),V(NODE6_78_62),V(NODE6_78_63),V(NODE6_78_64),V(NODE6_78_65),V(NODE6_78_66),V(NODE6_78_67),V(NODE6_78_68),V(NODE6_78_69),V(NODE6_78_70),V(NODE6_78_71),V(NODE6_78_72),V(NODE6_78_73),V(NODE6_78_74),V(NODE6_78_75),V(NODE6_78_76),V(NODE6_78_77),V(NODE6_78_78),V(NODE6_78_79),V(NODE6_78_80),V(NODE6_78_81),V(NODE6_78_82),V(NODE6_78_83),V(NODE6_78_84),V(NODE6_78_85),V(NODE6_78_86),V(NODE6_78_87),V(NODE6_78_88),V(NODE6_78_89),V(NODE6_78_90),V(NODE6_78_91),V(NODE6_78_92),V(NODE6_78_93),V(NODE6_78_94),V(NODE6_78_95),V(NODE6_78_96),V(NODE6_78_97),V(NODE6_78_98),V(NODE6_78_99),V(NODE6_79_0),V(NODE6_79_1),V(NODE6_79_2),V(NODE6_79_3),V(NODE6_79_4),V(NODE6_79_5),V(NODE6_79_6),V(NODE6_79_7),V(NODE6_79_8),V(NODE6_79_9),V(NODE6_79_10),V(NODE6_79_11),V(NODE6_79_12),V(NODE6_79_13),V(NODE6_79_14),V(NODE6_79_15),V(NODE6_79_16),V(NODE6_79_17),V(NODE6_79_18),V(NODE6_79_19),V(NODE6_79_20),V(NODE6_79_21),V(NODE6_79_22),V(NODE6_79_23),V(NODE6_79_24),V(NODE6_79_25),V(NODE6_79_26),V(NODE6_79_27),V(NODE6_79_28),V(NODE6_79_29),V(NODE6_79_30),V(NODE6_79_31),V(NODE6_79_32),V(NODE6_79_33),V(NODE6_79_34),V(NODE6_79_35),V(NODE6_79_36),V(NODE6_79_37),V(NODE6_79_38),V(NODE6_79_39),V(NODE6_79_40),V(NODE6_79_41),V(NODE6_79_42),V(NODE6_79_43),V(NODE6_79_44),V(NODE6_79_45),V(NODE6_79_46),V(NODE6_79_47),V(NODE6_79_48),V(NODE6_79_49),V(NODE6_79_50),V(NODE6_79_51),V(NODE6_79_52),V(NODE6_79_53),V(NODE6_79_54),V(NODE6_79_55),V(NODE6_79_56),V(NODE6_79_57),V(NODE6_79_58),V(NODE6_79_59),V(NODE6_79_60),V(NODE6_79_61),V(NODE6_79_62),V(NODE6_79_63),V(NODE6_79_64),V(NODE6_79_65),V(NODE6_79_66),V(NODE6_79_67),V(NODE6_79_68),V(NODE6_79_69),V(NODE6_79_70),V(NODE6_79_71),V(NODE6_79_72),V(NODE6_79_73),V(NODE6_79_74),V(NODE6_79_75),V(NODE6_79_76),V(NODE6_79_77),V(NODE6_79_78),V(NODE6_79_79),V(NODE6_79_80),V(NODE6_79_81),V(NODE6_79_82),V(NODE6_79_83),V(NODE6_79_84),V(NODE6_79_85),V(NODE6_79_86),V(NODE6_79_87),V(NODE6_79_88),V(NODE6_79_89),V(NODE6_79_90),V(NODE6_79_91),V(NODE6_79_92),V(NODE6_79_93),V(NODE6_79_94),V(NODE6_79_95),V(NODE6_79_96),V(NODE6_79_97),V(NODE6_79_98),V(NODE6_79_99),V(NODE6_80_0),V(NODE6_80_1),V(NODE6_80_2),V(NODE6_80_3),V(NODE6_80_4),V(NODE6_80_5),V(NODE6_80_6),V(NODE6_80_7),V(NODE6_80_8),V(NODE6_80_9),V(NODE6_80_10),V(NODE6_80_11),V(NODE6_80_12),V(NODE6_80_13),V(NODE6_80_14),V(NODE6_80_15),V(NODE6_80_16),V(NODE6_80_17),V(NODE6_80_18),V(NODE6_80_19),V(NODE6_80_20),V(NODE6_80_21),V(NODE6_80_22),V(NODE6_80_23),V(NODE6_80_24),V(NODE6_80_25),V(NODE6_80_26),V(NODE6_80_27),V(NODE6_80_28),V(NODE6_80_29),V(NODE6_80_30),V(NODE6_80_31),V(NODE6_80_32),V(NODE6_80_33),V(NODE6_80_34),V(NODE6_80_35),V(NODE6_80_36),V(NODE6_80_37),V(NODE6_80_38),V(NODE6_80_39),V(NODE6_80_40),V(NODE6_80_41),V(NODE6_80_42),V(NODE6_80_43),V(NODE6_80_44),V(NODE6_80_45),V(NODE6_80_46),V(NODE6_80_47),V(NODE6_80_48),V(NODE6_80_49),V(NODE6_80_50),V(NODE6_80_51),V(NODE6_80_52),V(NODE6_80_53),V(NODE6_80_54),V(NODE6_80_55),V(NODE6_80_56),V(NODE6_80_57),V(NODE6_80_58),V(NODE6_80_59),V(NODE6_80_60),V(NODE6_80_61),V(NODE6_80_62),V(NODE6_80_63),V(NODE6_80_64),V(NODE6_80_65),V(NODE6_80_66),V(NODE6_80_67),V(NODE6_80_68),V(NODE6_80_69),V(NODE6_80_70),V(NODE6_80_71),V(NODE6_80_72),V(NODE6_80_73),V(NODE6_80_74),V(NODE6_80_75),V(NODE6_80_76),V(NODE6_80_77),V(NODE6_80_78),V(NODE6_80_79),V(NODE6_80_80),V(NODE6_80_81),V(NODE6_80_82),V(NODE6_80_83),V(NODE6_80_84),V(NODE6_80_85),V(NODE6_80_86),V(NODE6_80_87),V(NODE6_80_88),V(NODE6_80_89),V(NODE6_80_90),V(NODE6_80_91),V(NODE6_80_92),V(NODE6_80_93),V(NODE6_80_94),V(NODE6_80_95),V(NODE6_80_96),V(NODE6_80_97),V(NODE6_80_98),V(NODE6_80_99),V(NODE6_81_0),V(NODE6_81_1),V(NODE6_81_2),V(NODE6_81_3),V(NODE6_81_4),V(NODE6_81_5),V(NODE6_81_6),V(NODE6_81_7),V(NODE6_81_8),V(NODE6_81_9),V(NODE6_81_10),V(NODE6_81_11),V(NODE6_81_12),V(NODE6_81_13),V(NODE6_81_14),V(NODE6_81_15),V(NODE6_81_16),V(NODE6_81_17),V(NODE6_81_18),V(NODE6_81_19),V(NODE6_81_20),V(NODE6_81_21),V(NODE6_81_22),V(NODE6_81_23),V(NODE6_81_24),V(NODE6_81_25),V(NODE6_81_26),V(NODE6_81_27),V(NODE6_81_28),V(NODE6_81_29),V(NODE6_81_30),V(NODE6_81_31),V(NODE6_81_32),V(NODE6_81_33),V(NODE6_81_34),V(NODE6_81_35),V(NODE6_81_36),V(NODE6_81_37),V(NODE6_81_38),V(NODE6_81_39),V(NODE6_81_40),V(NODE6_81_41),V(NODE6_81_42),V(NODE6_81_43),V(NODE6_81_44),V(NODE6_81_45),V(NODE6_81_46),V(NODE6_81_47),V(NODE6_81_48),V(NODE6_81_49),V(NODE6_81_50),V(NODE6_81_51),V(NODE6_81_52),V(NODE6_81_53),V(NODE6_81_54),V(NODE6_81_55),V(NODE6_81_56),V(NODE6_81_57),V(NODE6_81_58),V(NODE6_81_59),V(NODE6_81_60),V(NODE6_81_61),V(NODE6_81_62),V(NODE6_81_63),V(NODE6_81_64),V(NODE6_81_65),V(NODE6_81_66),V(NODE6_81_67),V(NODE6_81_68),V(NODE6_81_69),V(NODE6_81_70),V(NODE6_81_71),V(NODE6_81_72),V(NODE6_81_73),V(NODE6_81_74),V(NODE6_81_75),V(NODE6_81_76),V(NODE6_81_77),V(NODE6_81_78),V(NODE6_81_79),V(NODE6_81_80),V(NODE6_81_81),V(NODE6_81_82),V(NODE6_81_83),V(NODE6_81_84),V(NODE6_81_85),V(NODE6_81_86),V(NODE6_81_87),V(NODE6_81_88),V(NODE6_81_89),V(NODE6_81_90),V(NODE6_81_91),V(NODE6_81_92),V(NODE6_81_93),V(NODE6_81_94),V(NODE6_81_95),V(NODE6_81_96),V(NODE6_81_97),V(NODE6_81_98),V(NODE6_81_99),V(NODE6_82_0),V(NODE6_82_1),V(NODE6_82_2),V(NODE6_82_3),V(NODE6_82_4),V(NODE6_82_5),V(NODE6_82_6),V(NODE6_82_7),V(NODE6_82_8),V(NODE6_82_9),V(NODE6_82_10),V(NODE6_82_11),V(NODE6_82_12),V(NODE6_82_13),V(NODE6_82_14),V(NODE6_82_15),V(NODE6_82_16),V(NODE6_82_17),V(NODE6_82_18),V(NODE6_82_19),V(NODE6_82_20),V(NODE6_82_21),V(NODE6_82_22),V(NODE6_82_23),V(NODE6_82_24),V(NODE6_82_25),V(NODE6_82_26),V(NODE6_82_27),V(NODE6_82_28),V(NODE6_82_29),V(NODE6_82_30),V(NODE6_82_31),V(NODE6_82_32),V(NODE6_82_33),V(NODE6_82_34),V(NODE6_82_35),V(NODE6_82_36),V(NODE6_82_37),V(NODE6_82_38),V(NODE6_82_39),V(NODE6_82_40),V(NODE6_82_41),V(NODE6_82_42),V(NODE6_82_43),V(NODE6_82_44),V(NODE6_82_45),V(NODE6_82_46),V(NODE6_82_47),V(NODE6_82_48),V(NODE6_82_49),V(NODE6_82_50),V(NODE6_82_51),V(NODE6_82_52),V(NODE6_82_53),V(NODE6_82_54),V(NODE6_82_55),V(NODE6_82_56),V(NODE6_82_57),V(NODE6_82_58),V(NODE6_82_59),V(NODE6_82_60),V(NODE6_82_61),V(NODE6_82_62),V(NODE6_82_63),V(NODE6_82_64),V(NODE6_82_65),V(NODE6_82_66),V(NODE6_82_67),V(NODE6_82_68),V(NODE6_82_69),V(NODE6_82_70),V(NODE6_82_71),V(NODE6_82_72),V(NODE6_82_73),V(NODE6_82_74),V(NODE6_82_75),V(NODE6_82_76),V(NODE6_82_77),V(NODE6_82_78),V(NODE6_82_79),V(NODE6_82_80),V(NODE6_82_81),V(NODE6_82_82),V(NODE6_82_83),V(NODE6_82_84),V(NODE6_82_85),V(NODE6_82_86),V(NODE6_82_87),V(NODE6_82_88),V(NODE6_82_89),V(NODE6_82_90),V(NODE6_82_91),V(NODE6_82_92),V(NODE6_82_93),V(NODE6_82_94),V(NODE6_82_95),V(NODE6_82_96),V(NODE6_82_97),V(NODE6_82_98),V(NODE6_82_99),V(NODE6_83_0),V(NODE6_83_1),V(NODE6_83_2),V(NODE6_83_3),V(NODE6_83_4),V(NODE6_83_5),V(NODE6_83_6),V(NODE6_83_7),V(NODE6_83_8),V(NODE6_83_9),V(NODE6_83_10),V(NODE6_83_11),V(NODE6_83_12),V(NODE6_83_13),V(NODE6_83_14),V(NODE6_83_15),V(NODE6_83_16),V(NODE6_83_17),V(NODE6_83_18),V(NODE6_83_19),V(NODE6_83_20),V(NODE6_83_21),V(NODE6_83_22),V(NODE6_83_23),V(NODE6_83_24),V(NODE6_83_25),V(NODE6_83_26),V(NODE6_83_27),V(NODE6_83_28),V(NODE6_83_29),V(NODE6_83_30),V(NODE6_83_31),V(NODE6_83_32),V(NODE6_83_33),V(NODE6_83_34),V(NODE6_83_35),V(NODE6_83_36),V(NODE6_83_37),V(NODE6_83_38),V(NODE6_83_39),V(NODE6_83_40),V(NODE6_83_41),V(NODE6_83_42),V(NODE6_83_43),V(NODE6_83_44),V(NODE6_83_45),V(NODE6_83_46),V(NODE6_83_47),V(NODE6_83_48),V(NODE6_83_49),V(NODE6_83_50),V(NODE6_83_51),V(NODE6_83_52),V(NODE6_83_53),V(NODE6_83_54),V(NODE6_83_55),V(NODE6_83_56),V(NODE6_83_57),V(NODE6_83_58),V(NODE6_83_59),V(NODE6_83_60),V(NODE6_83_61),V(NODE6_83_62),V(NODE6_83_63),V(NODE6_83_64),V(NODE6_83_65),V(NODE6_83_66),V(NODE6_83_67),V(NODE6_83_68),V(NODE6_83_69),V(NODE6_83_70),V(NODE6_83_71),V(NODE6_83_72),V(NODE6_83_73),V(NODE6_83_74),V(NODE6_83_75),V(NODE6_83_76),V(NODE6_83_77),V(NODE6_83_78),V(NODE6_83_79),V(NODE6_83_80),V(NODE6_83_81),V(NODE6_83_82),V(NODE6_83_83),V(NODE6_83_84),V(NODE6_83_85),V(NODE6_83_86),V(NODE6_83_87),V(NODE6_83_88),V(NODE6_83_89),V(NODE6_83_90),V(NODE6_83_91),V(NODE6_83_92),V(NODE6_83_93),V(NODE6_83_94),V(NODE6_83_95),V(NODE6_83_96),V(NODE6_83_97),V(NODE6_83_98),V(NODE6_83_99),V(NODE6_84_0),V(NODE6_84_1),V(NODE6_84_2),V(NODE6_84_3),V(NODE6_84_4),V(NODE6_84_5),V(NODE6_84_6),V(NODE6_84_7),V(NODE6_84_8),V(NODE6_84_9),V(NODE6_84_10),V(NODE6_84_11),V(NODE6_84_12),V(NODE6_84_13),V(NODE6_84_14),V(NODE6_84_15),V(NODE6_84_16),V(NODE6_84_17),V(NODE6_84_18),V(NODE6_84_19),V(NODE6_84_20),V(NODE6_84_21),V(NODE6_84_22),V(NODE6_84_23),V(NODE6_84_24),V(NODE6_84_25),V(NODE6_84_26),V(NODE6_84_27),V(NODE6_84_28),V(NODE6_84_29),V(NODE6_84_30),V(NODE6_84_31),V(NODE6_84_32),V(NODE6_84_33),V(NODE6_84_34),V(NODE6_84_35),V(NODE6_84_36),V(NODE6_84_37),V(NODE6_84_38),V(NODE6_84_39),V(NODE6_84_40),V(NODE6_84_41),V(NODE6_84_42),V(NODE6_84_43),V(NODE6_84_44),V(NODE6_84_45),V(NODE6_84_46),V(NODE6_84_47),V(NODE6_84_48),V(NODE6_84_49),V(NODE6_84_50),V(NODE6_84_51),V(NODE6_84_52),V(NODE6_84_53),V(NODE6_84_54),V(NODE6_84_55),V(NODE6_84_56),V(NODE6_84_57),V(NODE6_84_58),V(NODE6_84_59),V(NODE6_84_60),V(NODE6_84_61),V(NODE6_84_62),V(NODE6_84_63),V(NODE6_84_64),V(NODE6_84_65),V(NODE6_84_66),V(NODE6_84_67),V(NODE6_84_68),V(NODE6_84_69),V(NODE6_84_70),V(NODE6_84_71),V(NODE6_84_72),V(NODE6_84_73),V(NODE6_84_74),V(NODE6_84_75),V(NODE6_84_76),V(NODE6_84_77),V(NODE6_84_78),V(NODE6_84_79),V(NODE6_84_80),V(NODE6_84_81),V(NODE6_84_82),V(NODE6_84_83),V(NODE6_84_84),V(NODE6_84_85),V(NODE6_84_86),V(NODE6_84_87),V(NODE6_84_88),V(NODE6_84_89),V(NODE6_84_90),V(NODE6_84_91),V(NODE6_84_92),V(NODE6_84_93),V(NODE6_84_94),V(NODE6_84_95),V(NODE6_84_96),V(NODE6_84_97),V(NODE6_84_98),V(NODE6_84_99),V(NODE6_85_0),V(NODE6_85_1),V(NODE6_85_2),V(NODE6_85_3),V(NODE6_85_4),V(NODE6_85_5),V(NODE6_85_6),V(NODE6_85_7),V(NODE6_85_8),V(NODE6_85_9),V(NODE6_85_10),V(NODE6_85_11),V(NODE6_85_12),V(NODE6_85_13),V(NODE6_85_14),V(NODE6_85_15),V(NODE6_85_16),V(NODE6_85_17),V(NODE6_85_18),V(NODE6_85_19),V(NODE6_85_20),V(NODE6_85_21),V(NODE6_85_22),V(NODE6_85_23),V(NODE6_85_24),V(NODE6_85_25),V(NODE6_85_26),V(NODE6_85_27),V(NODE6_85_28),V(NODE6_85_29),V(NODE6_85_30),V(NODE6_85_31),V(NODE6_85_32),V(NODE6_85_33),V(NODE6_85_34),V(NODE6_85_35),V(NODE6_85_36),V(NODE6_85_37),V(NODE6_85_38),V(NODE6_85_39),V(NODE6_85_40),V(NODE6_85_41),V(NODE6_85_42),V(NODE6_85_43),V(NODE6_85_44),V(NODE6_85_45),V(NODE6_85_46),V(NODE6_85_47),V(NODE6_85_48),V(NODE6_85_49),V(NODE6_85_50),V(NODE6_85_51),V(NODE6_85_52),V(NODE6_85_53),V(NODE6_85_54),V(NODE6_85_55),V(NODE6_85_56),V(NODE6_85_57),V(NODE6_85_58),V(NODE6_85_59),V(NODE6_85_60),V(NODE6_85_61),V(NODE6_85_62),V(NODE6_85_63),V(NODE6_85_64),V(NODE6_85_65),V(NODE6_85_66),V(NODE6_85_67),V(NODE6_85_68),V(NODE6_85_69),V(NODE6_85_70),V(NODE6_85_71),V(NODE6_85_72),V(NODE6_85_73),V(NODE6_85_74),V(NODE6_85_75),V(NODE6_85_76),V(NODE6_85_77),V(NODE6_85_78),V(NODE6_85_79),V(NODE6_85_80),V(NODE6_85_81),V(NODE6_85_82),V(NODE6_85_83),V(NODE6_85_84),V(NODE6_85_85),V(NODE6_85_86),V(NODE6_85_87),V(NODE6_85_88),V(NODE6_85_89),V(NODE6_85_90),V(NODE6_85_91),V(NODE6_85_92),V(NODE6_85_93),V(NODE6_85_94),V(NODE6_85_95),V(NODE6_85_96),V(NODE6_85_97),V(NODE6_85_98),V(NODE6_85_99),V(NODE6_86_0),V(NODE6_86_1),V(NODE6_86_2),V(NODE6_86_3),V(NODE6_86_4),V(NODE6_86_5),V(NODE6_86_6),V(NODE6_86_7),V(NODE6_86_8),V(NODE6_86_9),V(NODE6_86_10),V(NODE6_86_11),V(NODE6_86_12),V(NODE6_86_13),V(NODE6_86_14),V(NODE6_86_15),V(NODE6_86_16),V(NODE6_86_17),V(NODE6_86_18),V(NODE6_86_19),V(NODE6_86_20),V(NODE6_86_21),V(NODE6_86_22),V(NODE6_86_23),V(NODE6_86_24),V(NODE6_86_25),V(NODE6_86_26),V(NODE6_86_27),V(NODE6_86_28),V(NODE6_86_29),V(NODE6_86_30),V(NODE6_86_31),V(NODE6_86_32),V(NODE6_86_33),V(NODE6_86_34),V(NODE6_86_35),V(NODE6_86_36),V(NODE6_86_37),V(NODE6_86_38),V(NODE6_86_39),V(NODE6_86_40),V(NODE6_86_41),V(NODE6_86_42),V(NODE6_86_43),V(NODE6_86_44),V(NODE6_86_45),V(NODE6_86_46),V(NODE6_86_47),V(NODE6_86_48),V(NODE6_86_49),V(NODE6_86_50),V(NODE6_86_51),V(NODE6_86_52),V(NODE6_86_53),V(NODE6_86_54),V(NODE6_86_55),V(NODE6_86_56),V(NODE6_86_57),V(NODE6_86_58),V(NODE6_86_59),V(NODE6_86_60),V(NODE6_86_61),V(NODE6_86_62),V(NODE6_86_63),V(NODE6_86_64),V(NODE6_86_65),V(NODE6_86_66),V(NODE6_86_67),V(NODE6_86_68),V(NODE6_86_69),V(NODE6_86_70),V(NODE6_86_71),V(NODE6_86_72),V(NODE6_86_73),V(NODE6_86_74),V(NODE6_86_75),V(NODE6_86_76),V(NODE6_86_77),V(NODE6_86_78),V(NODE6_86_79),V(NODE6_86_80),V(NODE6_86_81),V(NODE6_86_82),V(NODE6_86_83),V(NODE6_86_84),V(NODE6_86_85),V(NODE6_86_86),V(NODE6_86_87),V(NODE6_86_88),V(NODE6_86_89),V(NODE6_86_90),V(NODE6_86_91),V(NODE6_86_92),V(NODE6_86_93),V(NODE6_86_94),V(NODE6_86_95),V(NODE6_86_96),V(NODE6_86_97),V(NODE6_86_98),V(NODE6_86_99),V(NODE6_87_0),V(NODE6_87_1),V(NODE6_87_2),V(NODE6_87_3),V(NODE6_87_4),V(NODE6_87_5),V(NODE6_87_6),V(NODE6_87_7),V(NODE6_87_8),V(NODE6_87_9),V(NODE6_87_10),V(NODE6_87_11),V(NODE6_87_12),V(NODE6_87_13),V(NODE6_87_14),V(NODE6_87_15),V(NODE6_87_16),V(NODE6_87_17),V(NODE6_87_18),V(NODE6_87_19),V(NODE6_87_20),V(NODE6_87_21),V(NODE6_87_22),V(NODE6_87_23),V(NODE6_87_24),V(NODE6_87_25),V(NODE6_87_26),V(NODE6_87_27),V(NODE6_87_28),V(NODE6_87_29),V(NODE6_87_30),V(NODE6_87_31),V(NODE6_87_32),V(NODE6_87_33),V(NODE6_87_34),V(NODE6_87_35),V(NODE6_87_36),V(NODE6_87_37),V(NODE6_87_38),V(NODE6_87_39),V(NODE6_87_40),V(NODE6_87_41),V(NODE6_87_42),V(NODE6_87_43),V(NODE6_87_44),V(NODE6_87_45),V(NODE6_87_46),V(NODE6_87_47),V(NODE6_87_48),V(NODE6_87_49),V(NODE6_87_50),V(NODE6_87_51),V(NODE6_87_52),V(NODE6_87_53),V(NODE6_87_54),V(NODE6_87_55),V(NODE6_87_56),V(NODE6_87_57),V(NODE6_87_58),V(NODE6_87_59),V(NODE6_87_60),V(NODE6_87_61),V(NODE6_87_62),V(NODE6_87_63),V(NODE6_87_64),V(NODE6_87_65),V(NODE6_87_66),V(NODE6_87_67),V(NODE6_87_68),V(NODE6_87_69),V(NODE6_87_70),V(NODE6_87_71),V(NODE6_87_72),V(NODE6_87_73),V(NODE6_87_74),V(NODE6_87_75),V(NODE6_87_76),V(NODE6_87_77),V(NODE6_87_78),V(NODE6_87_79),V(NODE6_87_80),V(NODE6_87_81),V(NODE6_87_82),V(NODE6_87_83),V(NODE6_87_84),V(NODE6_87_85),V(NODE6_87_86),V(NODE6_87_87),V(NODE6_87_88),V(NODE6_87_89),V(NODE6_87_90),V(NODE6_87_91),V(NODE6_87_92),V(NODE6_87_93),V(NODE6_87_94),V(NODE6_87_95),V(NODE6_87_96),V(NODE6_87_97),V(NODE6_87_98),V(NODE6_87_99),V(NODE6_88_0),V(NODE6_88_1),V(NODE6_88_2),V(NODE6_88_3),V(NODE6_88_4),V(NODE6_88_5),V(NODE6_88_6),V(NODE6_88_7),V(NODE6_88_8),V(NODE6_88_9),V(NODE6_88_10),V(NODE6_88_11),V(NODE6_88_12),V(NODE6_88_13),V(NODE6_88_14),V(NODE6_88_15),V(NODE6_88_16),V(NODE6_88_17),V(NODE6_88_18),V(NODE6_88_19),V(NODE6_88_20),V(NODE6_88_21),V(NODE6_88_22),V(NODE6_88_23),V(NODE6_88_24),V(NODE6_88_25),V(NODE6_88_26),V(NODE6_88_27),V(NODE6_88_28),V(NODE6_88_29),V(NODE6_88_30),V(NODE6_88_31),V(NODE6_88_32),V(NODE6_88_33),V(NODE6_88_34),V(NODE6_88_35),V(NODE6_88_36),V(NODE6_88_37),V(NODE6_88_38),V(NODE6_88_39),V(NODE6_88_40),V(NODE6_88_41),V(NODE6_88_42),V(NODE6_88_43),V(NODE6_88_44),V(NODE6_88_45),V(NODE6_88_46),V(NODE6_88_47),V(NODE6_88_48),V(NODE6_88_49),V(NODE6_88_50),V(NODE6_88_51),V(NODE6_88_52),V(NODE6_88_53),V(NODE6_88_54),V(NODE6_88_55),V(NODE6_88_56),V(NODE6_88_57),V(NODE6_88_58),V(NODE6_88_59),V(NODE6_88_60),V(NODE6_88_61),V(NODE6_88_62),V(NODE6_88_63),V(NODE6_88_64),V(NODE6_88_65),V(NODE6_88_66),V(NODE6_88_67),V(NODE6_88_68),V(NODE6_88_69),V(NODE6_88_70),V(NODE6_88_71),V(NODE6_88_72),V(NODE6_88_73),V(NODE6_88_74),V(NODE6_88_75),V(NODE6_88_76),V(NODE6_88_77),V(NODE6_88_78),V(NODE6_88_79),V(NODE6_88_80),V(NODE6_88_81),V(NODE6_88_82),V(NODE6_88_83),V(NODE6_88_84),V(NODE6_88_85),V(NODE6_88_86),V(NODE6_88_87),V(NODE6_88_88),V(NODE6_88_89),V(NODE6_88_90),V(NODE6_88_91),V(NODE6_88_92),V(NODE6_88_93),V(NODE6_88_94),V(NODE6_88_95),V(NODE6_88_96),V(NODE6_88_97),V(NODE6_88_98),V(NODE6_88_99),V(NODE6_89_0),V(NODE6_89_1),V(NODE6_89_2),V(NODE6_89_3),V(NODE6_89_4),V(NODE6_89_5),V(NODE6_89_6),V(NODE6_89_7),V(NODE6_89_8),V(NODE6_89_9),V(NODE6_89_10),V(NODE6_89_11),V(NODE6_89_12),V(NODE6_89_13),V(NODE6_89_14),V(NODE6_89_15),V(NODE6_89_16),V(NODE6_89_17),V(NODE6_89_18),V(NODE6_89_19),V(NODE6_89_20),V(NODE6_89_21),V(NODE6_89_22),V(NODE6_89_23),V(NODE6_89_24),V(NODE6_89_25),V(NODE6_89_26),V(NODE6_89_27),V(NODE6_89_28),V(NODE6_89_29),V(NODE6_89_30),V(NODE6_89_31),V(NODE6_89_32),V(NODE6_89_33),V(NODE6_89_34),V(NODE6_89_35),V(NODE6_89_36),V(NODE6_89_37),V(NODE6_89_38),V(NODE6_89_39),V(NODE6_89_40),V(NODE6_89_41),V(NODE6_89_42),V(NODE6_89_43),V(NODE6_89_44),V(NODE6_89_45),V(NODE6_89_46),V(NODE6_89_47),V(NODE6_89_48),V(NODE6_89_49),V(NODE6_89_50),V(NODE6_89_51),V(NODE6_89_52),V(NODE6_89_53),V(NODE6_89_54),V(NODE6_89_55),V(NODE6_89_56),V(NODE6_89_57),V(NODE6_89_58),V(NODE6_89_59),V(NODE6_89_60),V(NODE6_89_61),V(NODE6_89_62),V(NODE6_89_63),V(NODE6_89_64),V(NODE6_89_65),V(NODE6_89_66),V(NODE6_89_67),V(NODE6_89_68),V(NODE6_89_69),V(NODE6_89_70),V(NODE6_89_71),V(NODE6_89_72),V(NODE6_89_73),V(NODE6_89_74),V(NODE6_89_75),V(NODE6_89_76),V(NODE6_89_77),V(NODE6_89_78),V(NODE6_89_79),V(NODE6_89_80),V(NODE6_89_81),V(NODE6_89_82),V(NODE6_89_83),V(NODE6_89_84),V(NODE6_89_85),V(NODE6_89_86),V(NODE6_89_87),V(NODE6_89_88),V(NODE6_89_89),V(NODE6_89_90),V(NODE6_89_91),V(NODE6_89_92),V(NODE6_89_93),V(NODE6_89_94),V(NODE6_89_95),V(NODE6_89_96),V(NODE6_89_97),V(NODE6_89_98),V(NODE6_89_99),V(NODE6_90_0),V(NODE6_90_1),V(NODE6_90_2),V(NODE6_90_3),V(NODE6_90_4),V(NODE6_90_5),V(NODE6_90_6),V(NODE6_90_7),V(NODE6_90_8),V(NODE6_90_9),V(NODE6_90_10),V(NODE6_90_11),V(NODE6_90_12),V(NODE6_90_13),V(NODE6_90_14),V(NODE6_90_15),V(NODE6_90_16),V(NODE6_90_17),V(NODE6_90_18),V(NODE6_90_19),V(NODE6_90_20),V(NODE6_90_21),V(NODE6_90_22),V(NODE6_90_23),V(NODE6_90_24),V(NODE6_90_25),V(NODE6_90_26),V(NODE6_90_27),V(NODE6_90_28),V(NODE6_90_29),V(NODE6_90_30),V(NODE6_90_31),V(NODE6_90_32),V(NODE6_90_33),V(NODE6_90_34),V(NODE6_90_35),V(NODE6_90_36),V(NODE6_90_37),V(NODE6_90_38),V(NODE6_90_39),V(NODE6_90_40),V(NODE6_90_41),V(NODE6_90_42),V(NODE6_90_43),V(NODE6_90_44),V(NODE6_90_45),V(NODE6_90_46),V(NODE6_90_47),V(NODE6_90_48),V(NODE6_90_49),V(NODE6_90_50),V(NODE6_90_51),V(NODE6_90_52),V(NODE6_90_53),V(NODE6_90_54),V(NODE6_90_55),V(NODE6_90_56),V(NODE6_90_57),V(NODE6_90_58),V(NODE6_90_59),V(NODE6_90_60),V(NODE6_90_61),V(NODE6_90_62),V(NODE6_90_63),V(NODE6_90_64),V(NODE6_90_65),V(NODE6_90_66),V(NODE6_90_67),V(NODE6_90_68),V(NODE6_90_69),V(NODE6_90_70),V(NODE6_90_71),V(NODE6_90_72),V(NODE6_90_73),V(NODE6_90_74),V(NODE6_90_75),V(NODE6_90_76),V(NODE6_90_77),V(NODE6_90_78),V(NODE6_90_79),V(NODE6_90_80),V(NODE6_90_81),V(NODE6_90_82),V(NODE6_90_83),V(NODE6_90_84),V(NODE6_90_85),V(NODE6_90_86),V(NODE6_90_87),V(NODE6_90_88),V(NODE6_90_89),V(NODE6_90_90),V(NODE6_90_91),V(NODE6_90_92),V(NODE6_90_93),V(NODE6_90_94),V(NODE6_90_95),V(NODE6_90_96),V(NODE6_90_97),V(NODE6_90_98),V(NODE6_90_99),V(NODE6_91_0),V(NODE6_91_1),V(NODE6_91_2),V(NODE6_91_3),V(NODE6_91_4),V(NODE6_91_5),V(NODE6_91_6),V(NODE6_91_7),V(NODE6_91_8),V(NODE6_91_9),V(NODE6_91_10),V(NODE6_91_11),V(NODE6_91_12),V(NODE6_91_13),V(NODE6_91_14),V(NODE6_91_15),V(NODE6_91_16),V(NODE6_91_17),V(NODE6_91_18),V(NODE6_91_19),V(NODE6_91_20),V(NODE6_91_21),V(NODE6_91_22),V(NODE6_91_23),V(NODE6_91_24),V(NODE6_91_25),V(NODE6_91_26),V(NODE6_91_27),V(NODE6_91_28),V(NODE6_91_29),V(NODE6_91_30),V(NODE6_91_31),V(NODE6_91_32),V(NODE6_91_33),V(NODE6_91_34),V(NODE6_91_35),V(NODE6_91_36),V(NODE6_91_37),V(NODE6_91_38),V(NODE6_91_39),V(NODE6_91_40),V(NODE6_91_41),V(NODE6_91_42),V(NODE6_91_43),V(NODE6_91_44),V(NODE6_91_45),V(NODE6_91_46),V(NODE6_91_47),V(NODE6_91_48),V(NODE6_91_49),V(NODE6_91_50),V(NODE6_91_51),V(NODE6_91_52),V(NODE6_91_53),V(NODE6_91_54),V(NODE6_91_55),V(NODE6_91_56),V(NODE6_91_57),V(NODE6_91_58),V(NODE6_91_59),V(NODE6_91_60),V(NODE6_91_61),V(NODE6_91_62),V(NODE6_91_63),V(NODE6_91_64),V(NODE6_91_65),V(NODE6_91_66),V(NODE6_91_67),V(NODE6_91_68),V(NODE6_91_69),V(NODE6_91_70),V(NODE6_91_71),V(NODE6_91_72),V(NODE6_91_73),V(NODE6_91_74),V(NODE6_91_75),V(NODE6_91_76),V(NODE6_91_77),V(NODE6_91_78),V(NODE6_91_79),V(NODE6_91_80),V(NODE6_91_81),V(NODE6_91_82),V(NODE6_91_83),V(NODE6_91_84),V(NODE6_91_85),V(NODE6_91_86),V(NODE6_91_87),V(NODE6_91_88),V(NODE6_91_89),V(NODE6_91_90),V(NODE6_91_91),V(NODE6_91_92),V(NODE6_91_93),V(NODE6_91_94),V(NODE6_91_95),V(NODE6_91_96),V(NODE6_91_97),V(NODE6_91_98),V(NODE6_91_99),V(NODE6_92_0),V(NODE6_92_1),V(NODE6_92_2),V(NODE6_92_3),V(NODE6_92_4),V(NODE6_92_5),V(NODE6_92_6),V(NODE6_92_7),V(NODE6_92_8),V(NODE6_92_9),V(NODE6_92_10),V(NODE6_92_11),V(NODE6_92_12),V(NODE6_92_13),V(NODE6_92_14),V(NODE6_92_15),V(NODE6_92_16),V(NODE6_92_17),V(NODE6_92_18),V(NODE6_92_19),V(NODE6_92_20),V(NODE6_92_21),V(NODE6_92_22),V(NODE6_92_23),V(NODE6_92_24),V(NODE6_92_25),V(NODE6_92_26),V(NODE6_92_27),V(NODE6_92_28),V(NODE6_92_29),V(NODE6_92_30),V(NODE6_92_31),V(NODE6_92_32),V(NODE6_92_33),V(NODE6_92_34),V(NODE6_92_35),V(NODE6_92_36),V(NODE6_92_37),V(NODE6_92_38),V(NODE6_92_39),V(NODE6_92_40),V(NODE6_92_41),V(NODE6_92_42),V(NODE6_92_43),V(NODE6_92_44),V(NODE6_92_45),V(NODE6_92_46),V(NODE6_92_47),V(NODE6_92_48),V(NODE6_92_49),V(NODE6_92_50),V(NODE6_92_51),V(NODE6_92_52),V(NODE6_92_53),V(NODE6_92_54),V(NODE6_92_55),V(NODE6_92_56),V(NODE6_92_57),V(NODE6_92_58),V(NODE6_92_59),V(NODE6_92_60),V(NODE6_92_61),V(NODE6_92_62),V(NODE6_92_63),V(NODE6_92_64),V(NODE6_92_65),V(NODE6_92_66),V(NODE6_92_67),V(NODE6_92_68),V(NODE6_92_69),V(NODE6_92_70),V(NODE6_92_71),V(NODE6_92_72),V(NODE6_92_73),V(NODE6_92_74),V(NODE6_92_75),V(NODE6_92_76),V(NODE6_92_77),V(NODE6_92_78),V(NODE6_92_79),V(NODE6_92_80),V(NODE6_92_81),V(NODE6_92_82),V(NODE6_92_83),V(NODE6_92_84),V(NODE6_92_85),V(NODE6_92_86),V(NODE6_92_87),V(NODE6_92_88),V(NODE6_92_89),V(NODE6_92_90),V(NODE6_92_91),V(NODE6_92_92),V(NODE6_92_93),V(NODE6_92_94),V(NODE6_92_95),V(NODE6_92_96),V(NODE6_92_97),V(NODE6_92_98),V(NODE6_92_99),V(NODE6_93_0),V(NODE6_93_1),V(NODE6_93_2),V(NODE6_93_3),V(NODE6_93_4),V(NODE6_93_5),V(NODE6_93_6),V(NODE6_93_7),V(NODE6_93_8),V(NODE6_93_9),V(NODE6_93_10),V(NODE6_93_11),V(NODE6_93_12),V(NODE6_93_13),V(NODE6_93_14),V(NODE6_93_15),V(NODE6_93_16),V(NODE6_93_17),V(NODE6_93_18),V(NODE6_93_19),V(NODE6_93_20),V(NODE6_93_21),V(NODE6_93_22),V(NODE6_93_23),V(NODE6_93_24),V(NODE6_93_25),V(NODE6_93_26),V(NODE6_93_27),V(NODE6_93_28),V(NODE6_93_29),V(NODE6_93_30),V(NODE6_93_31),V(NODE6_93_32),V(NODE6_93_33),V(NODE6_93_34),V(NODE6_93_35),V(NODE6_93_36),V(NODE6_93_37),V(NODE6_93_38),V(NODE6_93_39),V(NODE6_93_40),V(NODE6_93_41),V(NODE6_93_42),V(NODE6_93_43),V(NODE6_93_44),V(NODE6_93_45),V(NODE6_93_46),V(NODE6_93_47),V(NODE6_93_48),V(NODE6_93_49),V(NODE6_93_50),V(NODE6_93_51),V(NODE6_93_52),V(NODE6_93_53),V(NODE6_93_54),V(NODE6_93_55),V(NODE6_93_56),V(NODE6_93_57),V(NODE6_93_58),V(NODE6_93_59),V(NODE6_93_60),V(NODE6_93_61),V(NODE6_93_62),V(NODE6_93_63),V(NODE6_93_64),V(NODE6_93_65),V(NODE6_93_66),V(NODE6_93_67),V(NODE6_93_68),V(NODE6_93_69),V(NODE6_93_70),V(NODE6_93_71),V(NODE6_93_72),V(NODE6_93_73),V(NODE6_93_74),V(NODE6_93_75),V(NODE6_93_76),V(NODE6_93_77),V(NODE6_93_78),V(NODE6_93_79),V(NODE6_93_80),V(NODE6_93_81),V(NODE6_93_82),V(NODE6_93_83),V(NODE6_93_84),V(NODE6_93_85),V(NODE6_93_86),V(NODE6_93_87),V(NODE6_93_88),V(NODE6_93_89),V(NODE6_93_90),V(NODE6_93_91),V(NODE6_93_92),V(NODE6_93_93),V(NODE6_93_94),V(NODE6_93_95),V(NODE6_93_96),V(NODE6_93_97),V(NODE6_93_98),V(NODE6_93_99),V(NODE6_94_0),V(NODE6_94_1),V(NODE6_94_2),V(NODE6_94_3),V(NODE6_94_4),V(NODE6_94_5),V(NODE6_94_6),V(NODE6_94_7),V(NODE6_94_8),V(NODE6_94_9),V(NODE6_94_10),V(NODE6_94_11),V(NODE6_94_12),V(NODE6_94_13),V(NODE6_94_14),V(NODE6_94_15),V(NODE6_94_16),V(NODE6_94_17),V(NODE6_94_18),V(NODE6_94_19),V(NODE6_94_20),V(NODE6_94_21),V(NODE6_94_22),V(NODE6_94_23),V(NODE6_94_24),V(NODE6_94_25),V(NODE6_94_26),V(NODE6_94_27),V(NODE6_94_28),V(NODE6_94_29),V(NODE6_94_30),V(NODE6_94_31),V(NODE6_94_32),V(NODE6_94_33),V(NODE6_94_34),V(NODE6_94_35),V(NODE6_94_36),V(NODE6_94_37),V(NODE6_94_38),V(NODE6_94_39),V(NODE6_94_40),V(NODE6_94_41),V(NODE6_94_42),V(NODE6_94_43),V(NODE6_94_44),V(NODE6_94_45),V(NODE6_94_46),V(NODE6_94_47),V(NODE6_94_48),V(NODE6_94_49),V(NODE6_94_50),V(NODE6_94_51),V(NODE6_94_52),V(NODE6_94_53),V(NODE6_94_54),V(NODE6_94_55),V(NODE6_94_56),V(NODE6_94_57),V(NODE6_94_58),V(NODE6_94_59),V(NODE6_94_60),V(NODE6_94_61),V(NODE6_94_62),V(NODE6_94_63),V(NODE6_94_64),V(NODE6_94_65),V(NODE6_94_66),V(NODE6_94_67),V(NODE6_94_68),V(NODE6_94_69),V(NODE6_94_70),V(NODE6_94_71),V(NODE6_94_72),V(NODE6_94_73),V(NODE6_94_74),V(NODE6_94_75),V(NODE6_94_76),V(NODE6_94_77),V(NODE6_94_78),V(NODE6_94_79),V(NODE6_94_80),V(NODE6_94_81),V(NODE6_94_82),V(NODE6_94_83),V(NODE6_94_84),V(NODE6_94_85),V(NODE6_94_86),V(NODE6_94_87),V(NODE6_94_88),V(NODE6_94_89),V(NODE6_94_90),V(NODE6_94_91),V(NODE6_94_92),V(NODE6_94_93),V(NODE6_94_94),V(NODE6_94_95),V(NODE6_94_96),V(NODE6_94_97),V(NODE6_94_98),V(NODE6_94_99),V(NODE6_95_0),V(NODE6_95_1),V(NODE6_95_2),V(NODE6_95_3),V(NODE6_95_4),V(NODE6_95_5),V(NODE6_95_6),V(NODE6_95_7),V(NODE6_95_8),V(NODE6_95_9),V(NODE6_95_10),V(NODE6_95_11),V(NODE6_95_12),V(NODE6_95_13),V(NODE6_95_14),V(NODE6_95_15),V(NODE6_95_16),V(NODE6_95_17),V(NODE6_95_18),V(NODE6_95_19),V(NODE6_95_20),V(NODE6_95_21),V(NODE6_95_22),V(NODE6_95_23),V(NODE6_95_24),V(NODE6_95_25),V(NODE6_95_26),V(NODE6_95_27),V(NODE6_95_28),V(NODE6_95_29),V(NODE6_95_30),V(NODE6_95_31),V(NODE6_95_32),V(NODE6_95_33),V(NODE6_95_34),V(NODE6_95_35),V(NODE6_95_36),V(NODE6_95_37),V(NODE6_95_38),V(NODE6_95_39),V(NODE6_95_40),V(NODE6_95_41),V(NODE6_95_42),V(NODE6_95_43),V(NODE6_95_44),V(NODE6_95_45),V(NODE6_95_46),V(NODE6_95_47),V(NODE6_95_48),V(NODE6_95_49),V(NODE6_95_50),V(NODE6_95_51),V(NODE6_95_52),V(NODE6_95_53),V(NODE6_95_54),V(NODE6_95_55),V(NODE6_95_56),V(NODE6_95_57),V(NODE6_95_58),V(NODE6_95_59),V(NODE6_95_60),V(NODE6_95_61),V(NODE6_95_62),V(NODE6_95_63),V(NODE6_95_64),V(NODE6_95_65),V(NODE6_95_66),V(NODE6_95_67),V(NODE6_95_68),V(NODE6_95_69),V(NODE6_95_70),V(NODE6_95_71),V(NODE6_95_72),V(NODE6_95_73),V(NODE6_95_74),V(NODE6_95_75),V(NODE6_95_76),V(NODE6_95_77),V(NODE6_95_78),V(NODE6_95_79),V(NODE6_95_80),V(NODE6_95_81),V(NODE6_95_82),V(NODE6_95_83),V(NODE6_95_84),V(NODE6_95_85),V(NODE6_95_86),V(NODE6_95_87),V(NODE6_95_88),V(NODE6_95_89),V(NODE6_95_90),V(NODE6_95_91),V(NODE6_95_92),V(NODE6_95_93),V(NODE6_95_94),V(NODE6_95_95),V(NODE6_95_96),V(NODE6_95_97),V(NODE6_95_98),V(NODE6_95_99),V(NODE6_96_0),V(NODE6_96_1),V(NODE6_96_2),V(NODE6_96_3),V(NODE6_96_4),V(NODE6_96_5),V(NODE6_96_6),V(NODE6_96_7),V(NODE6_96_8),V(NODE6_96_9),V(NODE6_96_10),V(NODE6_96_11),V(NODE6_96_12),V(NODE6_96_13),V(NODE6_96_14),V(NODE6_96_15),V(NODE6_96_16),V(NODE6_96_17),V(NODE6_96_18),V(NODE6_96_19),V(NODE6_96_20),V(NODE6_96_21),V(NODE6_96_22),V(NODE6_96_23),V(NODE6_96_24),V(NODE6_96_25),V(NODE6_96_26),V(NODE6_96_27),V(NODE6_96_28),V(NODE6_96_29),V(NODE6_96_30),V(NODE6_96_31),V(NODE6_96_32),V(NODE6_96_33),V(NODE6_96_34),V(NODE6_96_35),V(NODE6_96_36),V(NODE6_96_37),V(NODE6_96_38),V(NODE6_96_39),V(NODE6_96_40),V(NODE6_96_41),V(NODE6_96_42),V(NODE6_96_43),V(NODE6_96_44),V(NODE6_96_45),V(NODE6_96_46),V(NODE6_96_47),V(NODE6_96_48),V(NODE6_96_49),V(NODE6_96_50),V(NODE6_96_51),V(NODE6_96_52),V(NODE6_96_53),V(NODE6_96_54),V(NODE6_96_55),V(NODE6_96_56),V(NODE6_96_57),V(NODE6_96_58),V(NODE6_96_59),V(NODE6_96_60),V(NODE6_96_61),V(NODE6_96_62),V(NODE6_96_63),V(NODE6_96_64),V(NODE6_96_65),V(NODE6_96_66),V(NODE6_96_67),V(NODE6_96_68),V(NODE6_96_69),V(NODE6_96_70),V(NODE6_96_71),V(NODE6_96_72),V(NODE6_96_73),V(NODE6_96_74),V(NODE6_96_75),V(NODE6_96_76),V(NODE6_96_77),V(NODE6_96_78),V(NODE6_96_79),V(NODE6_96_80),V(NODE6_96_81),V(NODE6_96_82),V(NODE6_96_83),V(NODE6_96_84),V(NODE6_96_85),V(NODE6_96_86),V(NODE6_96_87),V(NODE6_96_88),V(NODE6_96_89),V(NODE6_96_90),V(NODE6_96_91),V(NODE6_96_92),V(NODE6_96_93),V(NODE6_96_94),V(NODE6_96_95),V(NODE6_96_96),V(NODE6_96_97),V(NODE6_96_98),V(NODE6_96_99),V(NODE6_97_0),V(NODE6_97_1),V(NODE6_97_2),V(NODE6_97_3),V(NODE6_97_4),V(NODE6_97_5),V(NODE6_97_6),V(NODE6_97_7),V(NODE6_97_8),V(NODE6_97_9),V(NODE6_97_10),V(NODE6_97_11),V(NODE6_97_12),V(NODE6_97_13),V(NODE6_97_14),V(NODE6_97_15),V(NODE6_97_16),V(NODE6_97_17),V(NODE6_97_18),V(NODE6_97_19),V(NODE6_97_20),V(NODE6_97_21),V(NODE6_97_22),V(NODE6_97_23),V(NODE6_97_24),V(NODE6_97_25),V(NODE6_97_26),V(NODE6_97_27),V(NODE6_97_28),V(NODE6_97_29),V(NODE6_97_30),V(NODE6_97_31),V(NODE6_97_32),V(NODE6_97_33),V(NODE6_97_34),V(NODE6_97_35),V(NODE6_97_36),V(NODE6_97_37),V(NODE6_97_38),V(NODE6_97_39),V(NODE6_97_40),V(NODE6_97_41),V(NODE6_97_42),V(NODE6_97_43),V(NODE6_97_44),V(NODE6_97_45),V(NODE6_97_46),V(NODE6_97_47),V(NODE6_97_48),V(NODE6_97_49),V(NODE6_97_50),V(NODE6_97_51),V(NODE6_97_52),V(NODE6_97_53),V(NODE6_97_54),V(NODE6_97_55),V(NODE6_97_56),V(NODE6_97_57),V(NODE6_97_58),V(NODE6_97_59),V(NODE6_97_60),V(NODE6_97_61),V(NODE6_97_62),V(NODE6_97_63),V(NODE6_97_64),V(NODE6_97_65),V(NODE6_97_66),V(NODE6_97_67),V(NODE6_97_68),V(NODE6_97_69),V(NODE6_97_70),V(NODE6_97_71),V(NODE6_97_72),V(NODE6_97_73),V(NODE6_97_74),V(NODE6_97_75),V(NODE6_97_76),V(NODE6_97_77),V(NODE6_97_78),V(NODE6_97_79),V(NODE6_97_80),V(NODE6_97_81),V(NODE6_97_82),V(NODE6_97_83),V(NODE6_97_84),V(NODE6_97_85),V(NODE6_97_86),V(NODE6_97_87),V(NODE6_97_88),V(NODE6_97_89),V(NODE6_97_90),V(NODE6_97_91),V(NODE6_97_92),V(NODE6_97_93),V(NODE6_97_94),V(NODE6_97_95),V(NODE6_97_96),V(NODE6_97_97),V(NODE6_97_98),V(NODE6_97_99),V(NODE6_98_0),V(NODE6_98_1),V(NODE6_98_2),V(NODE6_98_3),V(NODE6_98_4),V(NODE6_98_5),V(NODE6_98_6),V(NODE6_98_7),V(NODE6_98_8),V(NODE6_98_9),V(NODE6_98_10),V(NODE6_98_11),V(NODE6_98_12),V(NODE6_98_13),V(NODE6_98_14),V(NODE6_98_15),V(NODE6_98_16),V(NODE6_98_17),V(NODE6_98_18),V(NODE6_98_19),V(NODE6_98_20),V(NODE6_98_21),V(NODE6_98_22),V(NODE6_98_23),V(NODE6_98_24),V(NODE6_98_25),V(NODE6_98_26),V(NODE6_98_27),V(NODE6_98_28),V(NODE6_98_29),V(NODE6_98_30),V(NODE6_98_31),V(NODE6_98_32),V(NODE6_98_33),V(NODE6_98_34),V(NODE6_98_35),V(NODE6_98_36),V(NODE6_98_37),V(NODE6_98_38),V(NODE6_98_39),V(NODE6_98_40),V(NODE6_98_41),V(NODE6_98_42),V(NODE6_98_43),V(NODE6_98_44),V(NODE6_98_45),V(NODE6_98_46),V(NODE6_98_47),V(NODE6_98_48),V(NODE6_98_49),V(NODE6_98_50),V(NODE6_98_51),V(NODE6_98_52),V(NODE6_98_53),V(NODE6_98_54),V(NODE6_98_55),V(NODE6_98_56),V(NODE6_98_57),V(NODE6_98_58),V(NODE6_98_59),V(NODE6_98_60),V(NODE6_98_61),V(NODE6_98_62),V(NODE6_98_63),V(NODE6_98_64),V(NODE6_98_65),V(NODE6_98_66),V(NODE6_98_67),V(NODE6_98_68),V(NODE6_98_69),V(NODE6_98_70),V(NODE6_98_71),V(NODE6_98_72),V(NODE6_98_73),V(NODE6_98_74),V(NODE6_98_75),V(NODE6_98_76),V(NODE6_98_77),V(NODE6_98_78),V(NODE6_98_79),V(NODE6_98_80),V(NODE6_98_81),V(NODE6_98_82),V(NODE6_98_83),V(NODE6_98_84),V(NODE6_98_85),V(NODE6_98_86),V(NODE6_98_87),V(NODE6_98_88),V(NODE6_98_89),V(NODE6_98_90),V(NODE6_98_91),V(NODE6_98_92),V(NODE6_98_93),V(NODE6_98_94),V(NODE6_98_95),V(NODE6_98_96),V(NODE6_98_97),V(NODE6_98_98),V(NODE6_98_99),V(NODE6_99_0),V(NODE6_99_1),V(NODE6_99_2),V(NODE6_99_3),V(NODE6_99_4),V(NODE6_99_5),V(NODE6_99_6),V(NODE6_99_7),V(NODE6_99_8),V(NODE6_99_9),V(NODE6_99_10),V(NODE6_99_11),V(NODE6_99_12),V(NODE6_99_13),V(NODE6_99_14),V(NODE6_99_15),V(NODE6_99_16),V(NODE6_99_17),V(NODE6_99_18),V(NODE6_99_19),V(NODE6_99_20),V(NODE6_99_21),V(NODE6_99_22),V(NODE6_99_23),V(NODE6_99_24),V(NODE6_99_25),V(NODE6_99_26),V(NODE6_99_27),V(NODE6_99_28),V(NODE6_99_29),V(NODE6_99_30),V(NODE6_99_31),V(NODE6_99_32),V(NODE6_99_33),V(NODE6_99_34),V(NODE6_99_35),V(NODE6_99_36),V(NODE6_99_37),V(NODE6_99_38),V(NODE6_99_39),V(NODE6_99_40),V(NODE6_99_41),V(NODE6_99_42),V(NODE6_99_43),V(NODE6_99_44),V(NODE6_99_45),V(NODE6_99_46),V(NODE6_99_47),V(NODE6_99_48),V(NODE6_99_49),V(NODE6_99_50),V(NODE6_99_51),V(NODE6_99_52),V(NODE6_99_53),V(NODE6_99_54),V(NODE6_99_55),V(NODE6_99_56),V(NODE6_99_57),V(NODE6_99_58),V(NODE6_99_59),V(NODE6_99_60),V(NODE6_99_61),V(NODE6_99_62),V(NODE6_99_63),V(NODE6_99_64),V(NODE6_99_65),V(NODE6_99_66),V(NODE6_99_67),V(NODE6_99_68),V(NODE6_99_69),V(NODE6_99_70),V(NODE6_99_71),V(NODE6_99_72),V(NODE6_99_73),V(NODE6_99_74),V(NODE6_99_75),V(NODE6_99_76),V(NODE6_99_77),V(NODE6_99_78),V(NODE6_99_79),V(NODE6_99_80),V(NODE6_99_81),V(NODE6_99_82),V(NODE6_99_83),V(NODE6_99_84),V(NODE6_99_85),V(NODE6_99_86),V(NODE6_99_87),V(NODE6_99_88),V(NODE6_99_89),V(NODE6_99_90),V(NODE6_99_91),V(NODE6_99_92),V(NODE6_99_93),V(NODE6_99_94),V(NODE6_99_95),V(NODE6_99_96),V(NODE6_99_97),V(NODE6_99_98),V(NODE6_99_99)
3.2201e+02,3.2201e+02,3.2202e+02,3.2202e+02,3.2203e+02,3.2203e+02,3.2204e+02,3.2205e+02,3.2206e+02,3.2207e+02,3.2208e+02,3.2209e+02,3.2211e+02,3.2212e+02,3.2214e+02,3.2216e+02,3.2217e+02,3.2219e+02,3.2221e+02,3.2223e+02,3.2225e+02,3.2227e+02,3.2229e+02,3.2231e+02,3.2233e+02,3.2235e+02,3.2237e+02,3.2239e+02,3.2241e+02,3.2243e+02,3.2245e+02,3.2246e+02,3.2248e+02,3.2249e+02,3.2251e+02,3.2252e+02,3.2253e+02,3.2254e+02,3.2255e+02,3.2256e+02,3.2256e+02,3.2257e+02,3.2257e+02,3.2257e+02,3.2257e+02,3.2257e+02,3.2256e+02,3.2256e+02,3.2255e+02,3.2255e+02,3.2254e+02,3.2253e+02,3.2252e+02,3.2250e+02,3.2249e+02,3.2247e+02,3.2246e+02,3.2244e+02,3.2242e+02,3.2240e+02,3.2238e+02,3.2236e+02,3.2234e+02,3.2232e+02,3.2230e+02,3.2228e+02,3.2226e+02,3.2223e+02,3.2221e+02,3.2219e+02,3.2216e+02,3.2214e+02,3.2211e+02,3.2209e+02,3.2207e+02,3.2204e+02,3.2202e+02,3.2200e+02,3.2197e+02,3.2195e+02,3.2193e+02,3.2191e+02,3.2189e+02,3.2187e+02,3.2185e+02,3.2183e+02,3.2181e+02,3.2180e+02,3.2178e+02,3.2177e+02,3.2175e+02,3.2174e+02,3.2173e+02,3.2172e+02,3.2171e+02,3.2170e+02,3.2170e+02,3.2169e+02,3.2169e+02,3.2169e+02,3.2201e+02,3.2201e+02,3.2202e+02,3.2202e+02,3.2203e+02,3.2203e+02,3.2204e+02,3.2205e+02,3.2206e+02,3.2207e+02,3.2208e+02,3.2209e+02,3.2211e+02,3.2212e+02,3.2214e+02,3.2216e+02,3.2218e+02,3.2219e+02,3.2221e+02,3.2223e+02,3.2225e+02,3.2227e+02,3.2229e+02,3.2231e+02,3.2234e+02,3.2236e+02,3.2238e+02,3.2240e+02,3.2242e+02,3.2243e+02,3.2245e+02,3.2247e+02,3.2248e+02,3.2250e+02,3.2251e+02,3.2253e+02,3.2254e+02,3.2255e+02,3.2256e+02,3.2256e+02,3.2257e+02,3.2257e+02,3.2258e+02,3.2258e+02,3.2258e+02,3.2258e+02,3.2257e+02,3.2257e+02,3.2256e+02,3.2255e+02,3.2254e+02,3.2253e+02,3.2252e+02,3.2251e+02,3.2250e+02,3.2248e+02,3.2246e+02,3.2245e+02,3.2243e+02,3.2241e+02,3.2239e+02,3.2237e+02,3.2235e+02,3.2233e+02,3.2231e+02,3.2228e+02,3.2226e+02,3.2224e+02,3.2221e+02,3.2219e+02,3.2217e+02,3.2214e+02,3.2212e+02,3.2209e+02,3.2207e+02,3.2205e+02,3.2202e+02,3.2200e+02,3.2198e+02,3.2195e+02,3.2193e+02,3.2191e+02,3.2189e+02,3.2187e+02,3.2185e+02,3.2183e+02,3.2181e+02,3.2180e+02,3.2178e+02,3.2176e+02,3.2175e+02,3.2174e+02,3.2173e+02,3.2172e+02,3.2171e+02,3.2170e+02,3.2170e+02,3.2169e+02,3.2169e+02,3.2169e+02,3.2201e+02,3.2202e+02,3.2202e+02,3.2202e+02,3.2203e+02,3.2203e+02,3.2204e+02,3.2205e+02,3.2206e+02,3.2207e+02,3.2208e+02,3.2210e+02,3.2211e+02,3.2213e+02,3.2214e+02,3.2216e+02,3.2218e+02,3.2220e+02,3.2222e+02,3.2224e+02,3.2226e+02,3.2228e+02,3.2230e+02,3.2232e+02,3.2235e+02,3.2237e+02,3.2239e+02,3.2241e+02,3.2243e+02,3.2245e+02,3.2247e+02,3.2248e+02,3.2250e+02,3.2251e+02,3.2253e+02,3.2254e+02,3.2255e+02,3.2256e+02,3.2257e+02,3.2258e+02,3.2259e+02,3.2259e+02,3.2259e+02,3.2259e+02,3.2259e+02,3.2259e+02,3.2259e+02,3.2258e+02,3.2258e+02,3.2257e+02,3.2256e+02,3.2255e+02,3.2254e+02,3.2252e+02,3.2251e+02,3.2249e+02,3.2248e+02,3.2246e+02,3.2244e+02,3.2242e+02,3.2240e+02,3.2238e+02,3.2236e+02,3.2234e+02,3.2231e+02,3.2229e+02,3.2227e+02,3.2224e+02,3.2222e+02,3.2220e+02,3.2217e+02,3.2215e+02,3.2212e+02,3.2210e+02,3.2207e+02,3.2205e+02,3.2203e+02,3.2200e+02,3.2198e+02,3.2195e+02,3.2193e+02,3.2191e+02,3.2189e+02,3.2187e+02,3.2185e+02,3.2183e+02,3.2181e+02,3.2179e+02,3.2178e+02,3.2176e+02,3.2175e+02,3.2174e+02,3.2172e+02,3.2171e+02,3.2171e+02,3.2170e+02,3.2169e+02,3.2169e+02,3.2169e+02,3.2168e+02,3.2202e+02,3.2202e+02,3.2202e+02,3.2202e+02,3.2203e+02,3.2204e+02,3.2204e+02,3.2205e+02,3.2206e+02,3.2207e+02,3.2209e+02,3.2210e+02,3.2212e+02,3.2213e+02,3.2215e+02,3.2217e+02,3.2219e+02,3.2221e+02,3.2223e+02,3.2225e+02,3.2227e+02,3.2229e+02,3.2231e+02,3.2234e+02,3.2236e+02,3.2238e+02,3.2240e+02,3.2243e+02,3.2245e+02,3.2247e+02,3.2249e+02,3.2250e+02,3.2252e+02,3.2254e+02,3.2255e+02,3.2257e+02,3.2258e+02,3.2259e+02,3.2260e+02,3.2260e+02,3.2261e+02,3.2262e+02,3.2262e+02,3.2262e+02,3.2262e+02,3.2262e+02,3.2261e+02,3.2261e+02,3.2260e+02,3.2259e+02,3.2258e+02,3.2257e+02,3.2256e+02,3.2255e+02,3.2253e+02,3.2252e+02,3.2250e+02,3.2248e+02,3.2246e+02,3.2244e+02,3.2242e+02,3.2240e+02,3.2238e+02,3.2235e+02,3.2233e+02,3.2231e+02,3.2228e+02,3.2226e+02,3.2223e+02,3.2221e+02,3.2218e+02,3.2216e+02,3.2213e+02,3.2211e+02,3.2208e+02,3.2206e+02,3.2203e+02,3.2201e+02,3.2198e+02,3.2196e+02,3.2193e+02,3.2191e+02,3.2189e+02,3.2187e+02,3.2185e+02,3.2183e+02,3.2181e+02,3.2179e+02,3.2177e+02,3.2176e+02,3.2174e+02,3.2173e+02,3.2172e+02,3.2171e+02,3.2170e+02,3.2169e+02,3.2169e+02,3.2168e+02,3.2168e+02,3.2168e+02,3.2202e+02,3.2202e+02,3.2202e+02,3.2203e+02,3.2203e+02,3.2204e+02,3.2205e+02,3.2206e+02,3.2207e+02,3.2208e+02,3.2209e+02,3.2211e+02,3.2212e+02,3.2214e+02,3.2216e+02,3.2218e+02,3.2220e+02,3.2222e+02,3.2224e+02,3.2226e+02,3.2228e+02,3.2231e+02,3.2233e+02,3.2236e+02,3.2238e+02,3.2240e+02,3.2243e+02,3.2245e+02,3.2247e+02,3.2249e+02,3.2251e+02,3.2253e+02,3.2255e+02,3.2257e+02,3.2258e+02,3.2260e+02,3.2261e+02,3.2262e+02,3.2263e+02,3.2264e+02,3.2265e+02,3.2265e+02,3.2265e+02,3.2265e+02,3.2265e+02,3.2265e+02,3.2265e+02,3.2264e+02,3.2264e+02,3.2263e+02,3.2262e+02,3.2260e+02,3.2259e+02,3.2258e+02,3.2256e+02,3.2254e+02,3.2253e+02,3.2251e+02,3.2249e+02,3.2246e+02,3.2244e+02,3.2242e+02,3.2240e+02,3.2237e+02,3.2235e+02,3.2232e+02,3.2230e+02,3.2227e+02,3.2225e+02,3.2222e+02,3.2219e+02,3.2217e+02,3.2214e+02,3.2212e+02,3.2209e+02,3.2206e+02,3.2204e+02,3.2201e+02,3.2199e+02,3.2196e+02,3.2194e+02,3.2191e+02,3.2189e+02,3.2187e+02,3.2185e+02,3.2183e+02,3.2181e+02,3.2179e+02,3.2177e+02,3.2175e+02,3.2174e+02,3.2173e+02,3.2171e+02,3.2170e+02,3.2169e+02,3.2169e+02,3.2168e+02,3.2167e+02,3.2167e+02,3.2167e+02,3.2202e+02,3.2202e+02,3.2202e+02,3.2203e+02,3.2203e+02,3.2204e+02,3.2205e+02,3.2206e+02,3.2207e+02,3.2208e+02,3.2210e+02,3.2211e+02,3.2213e+02,3.2215e+02,3.2217e+02,3.2219e+02,3.2221e+02,3.2223e+02,3.2225e+02,3.2228e+02,3.2230e+02,3.2233e+02,3.2235e+02,3.2238e+02,3.2240e+02,3.2243e+02,3.2245e+02,3.2248e+02,3.2250e+02,3.2253e+02,3.2255e+02,3.2257e+02,3.2259e+02,3.2261e+02,3.2262e+02,3.2264e+02,3.2265e+02,3.2266e+02,3.2267e+02,3.2268e+02,3.2269e+02,3.2269e+02,3.2270e+02,3.2270e+02,3.2270e+02,3.2270e+02,3.2269e+02,3.2269e+02,3.2268e+02,3.2267e+02,3.2266e+02,3.2264e+02,3.2263e+02,3.2261e+02,3.2260e+02,3.2258e+02,3.2256e+02,3.2254e+02,3.2252e+02,3.2250e+02,3.2247e+02,3.2245e+02,3.2242e+02,3.2240e+02,3.2237e+02,3.2235e+02,3.2232e+02,3.2229e+02,3.2227e+02,3.2224e+02,3.2221e+02,3.2218e+02,3.2216e+02,3.2213e+02,3.2210e+02,3.2207e+02,3.2205e+02,3.2202e+02,3.2199e+02,3.2197e+02,3.2194e+02,3.2192e+02,3.2189e+02,3.2187e+02,3.2185e+02,3.2182e+02,3.2180e+02,3.2178e+02,3.2177e+02,3.2175e+02,3.2173e+02,3.2172e+02,3.2171e+02,3.2169e+02,3.2168e+02,3.2168e+02,3.2167e+02,3.2166e+02,3.2166e+02,3.2166e+02,3.2202e+02,3.2202e+02,3.2203e+02,3.2203e+02,3.2204e+02,3.2204e+02,3.2205e+02,3.2206e+02,3.2208e+02,3.2209e+02,3.2210e+02,3.2212e+02,3.2214e+02,3.2216e+02,3.2218e+02,3.2220e+02,3.2222e+02,3.2225e+02,3.2227e+02,3.2230e+02,3.2232e+02,3.2235e+02,3.2238e+02,3.2241e+02,3.2243e+02,3.2246e+02,3.2249e+02,3.2252e+02,3.2254e+02,3.2257e+02,3.2259e+02,3.2261e+02,3.2263e+02,3.2265e+02,3.2267e+02,3.2269e+02,3.2270e+02,3.2272e+02,3.2273e+02,3.2274e+02,3.2274e+02,3.2275e+02,3.2275e+02,3.2275e+02,3.2275e+02,3.2275e+02,3.2274e+02,3.2274e+02,3.2273e+02,3.2272e+02,3.2271e+02,3.2269e+02,3.2268e+02,3.2266e+02,3.2264e+02,3.2262e+02,3.2260e+02,3.2258e+02,3.2256e+02,3.2253e+02,3.2251e+02,3.2248e+02,3.2246e+02,3.2243e+02,3.2240e+02,3.2237e+02,3.2235e+02,3.2232e+02,3.2229e+02,3.2226e+02,3.2223e+02,3.2220e+02,3.2217e+02,3.2214e+02,3.2211e+02,3.2209e+02,3.2206e+02,3.2203e+02,3.2200e+02,3.2197e+02,3.2195e+02,3.2192e+02,3.2189e+02,3.2187e+02,3.2184e+02,3.2182e+02,3.2180e+02,3.2178e+02,3.2176e+02,3.2174e+02,3.2172e+02,3.2171e+02,3.2170e+02,3.2168e+02,3.2167e+02,3.2166e+02,3.2166e+02,3.2165e+02,3.2165e+02,3.2165e+02,3.2202e+02,3.2202e+02,3.2203e+02,3.2203e+02,3.2204e+02,3.2205e+02,3.2206e+02,3.2207e+02,3.2208e+02,3.2209e+02,3.2211e+02,3.2213e+02,3.2215e+02,3.2217e+02,3.2219e+02,3.2221e+02,3.2224e+02,3.2227e+02,3.2229e+02,3.2232e+02,3.2235e+02,3.2238e+02,3.2241e+02,3.2244e+02,3.2247e+02,3.2250e+02,3.2253e+02,3.2256e+02,3.2259e+02,3.2262e+02,3.2264e+02,3.2267e+02,3.2269e+02,3.2271e+02,3.2273e+02,3.2275e+02,3.2276e+02,3.2278e+02,3.2279e+02,3.2280e+02,3.2281e+02,3.2281e+02,3.2282e+02,3.2282e+02,3.2282e+02,3.2281e+02,3.2281e+02,3.2280e+02,3.2279e+02,3.2278e+02,3.2277e+02,3.2275e+02,3.2274e+02,3.2272e+02,3.2270e+02,3.2268e+02,3.2265e+02,3.2263e+02,3.2260e+02,3.2258e+02,3.2255e+02,3.2252e+02,3.2249e+02,3.2246e+02,3.2244e+02,3.2241e+02,3.2238e+02,3.2235e+02,3.2231e+02,3.2228e+02,3.2225e+02,3.2222e+02,3.2219e+02,3.2216e+02,3.2213e+02,3.2210e+02,3.2207e+02,3.2204e+02,3.2201e+02,3.2198e+02,3.2195e+02,3.2192e+02,3.2189e+02,3.2187e+02,3.2184e+02,3.2182e+02,3.2179e+02,3.2177e+02,3.2175e+02,3.2173e+02,3.2171e+02,3.2170e+02,3.2168e+02,3.2167e+02,3.2166e+02,3.2165e+02,3.2164e+02,3.2164e+02,3.2163e+02,3.2163e+02,3.2202e+02,3.2203e+02,3.2203e+02,3.2203e+02,3.2204e+02,3.2205e+02,3.2206e+02,3.2207e+02,3.2209e+02,3.2210e+02,3.2212e+02,3.2214e+02,3.2216e+02,3.2218e+02,3.2220e+02,3.2223e+02,3.2226e+02,3.2229e+02,3.2232e+02,3.2235e+02,3.2238e+02,3.2241e+02,3.2245e+02,3.2248e+02,3.2251e+02,3.2255e+02,3.2258e+02,3.2261e+02,3.2264e+02,3.2267e+02,3.2270e+02,3.2273e+02,3.2276e+02,3.2278e+02,3.2280e+02,3.2282e+02,3.2284e+02,3.2285e+02,3.2287e+02,3.2288e+02,3.2288e+02,3.2289e+02,3.2289e+02,3.2289e+02,3.2289e+02,3.2289e+02,3.2288e+02,3.2288e+02,3.2287e+02,3.2285e+02,3.2284e+02,3.2282e+02,3.2280e+02,3.2278e+02,3.2276e+02,3.2274e+02,3.2271e+02,3.2269e+02,3.2266e+02,3.2263e+02,3.2260e+02,3.2257e+02,3.2254e+02,3.2251e+02,3.2247e+02,3.2244e+02,3.2241e+02,3.2238e+02,3.2235e+02,3.2231e+02,3.2228e+02,3.2225e+02,3.2221e+02,3.2218e+02,3.2215e+02,3.2211e+02,3.2208e+02,3.2205e+02,3.2202e+02,3.2199e+02,3.2196e+02,3.2193e+02,3.2190e+02,3.2187e+02,3.2184e+02,3.2181e+02,3.2179e+02,3.2176e+02,3.2174e+02,3.2172e+02,3.2170e+02,3.2168e+02,3.2167e+02,3.2165e+02,3.2164e+02,3.2163e+02,3.2162e+02,3.2162e+02,3.2161e+02,3.2161e+02,3.2203e+02,3.2203e+02,3.2203e+02,3.2204e+02,3.2204e+02,3.2205e+02,3.2206e+02,3.2208e+02,3.2209e+02,3.2211e+02,3.2213e+02,3.2215e+02,3.2217e+02,3.2219e+02,3.2222e+02,3.2225e+02,3.2228e+02,3.2231e+02,3.2234e+02,3.2238e+02,3.2241e+02,3.2245e+02,3.2249e+02,3.2252e+02,3.2256e+02,3.2260e+02,3.2264e+02,3.2267e+02,3.2271e+02,3.2274e+02,3.2277e+02,3.2280e+02,3.2283e+02,3.2286e+02,3.2288e+02,3.2290e+02,3.2292e+02,3.2294e+02,3.2295e+02,3.2296e+02,3.2297e+02,3.2298e+02,3.2298e+02,3.2298e+02,3.2298e+02,3.2298e+02,3.2297e+02,3.2296e+02,3.2295e+02,3.2294e+02,3.2292e+02,3.2290e+02,3.2288e+02,3.2286e+02,3.2283e+02,3.2281e+02,3.2278e+02,3.2275e+02,3.2272e+02,3.2269e+02,3.2266e+02,3.2262e+02,3.2259e+02,3.2255e+02,3.2252e+02,3.2249e+02,3.2245e+02,3.2241e+02,3.2238e+02,3.2234e+02,3.2231e+02,3.2227e+02,3.2224e+02,3.2220e+02,3.2217e+02,3.2213e+02,3.2210e+02,3.2206e+02,3.2203e+02,3.2199e+02,3.2196e+02,3.2193e+02,3.2190e+02,3.2187e+02,3.2184e+02,3.2181e+02,3.2178e+02,3.2175e+02,3.2173e+02,3.2171e+02,3.2169e+02,3.2167e+02,3.2165e+02,3.2164e+02,3.2162e+02,3.2161e+02,3.2160e+02,3.2160e+02,3.2159e+02,3.2159e+02,3.2203e+02,3.2203e+02,3.2203e+02,3.2204e+02,3.2205e+02,3.2206e+02,3.2207e+02,3.2208e+02,3.2210e+02,3.2212e+02,3.2214e+02,3.2216e+02,3.2218e+02,3.2221e+02,3.2224e+02,3.2227e+02,3.2230e+02,3.2234e+02,3.2237e+02,3.2241e+02,3.2245e+02,3.2249e+02,3.2253e+02,3.2258e+02,3.2262e+02,3.2266e+02,3.2270e+02,3.2274e+02,3.2278e+02,3.2282e+02,3.2286e+02,3.2289e+02,3.2292e+02,3.2295e+02,3.2298e+02,3.2300e+02,3.2302e+02,3.2304e+02,3.2306e+02,3.2307e+02,3.2308e+02,3.2308e+02,3.2309e+02,3.2309e+02,3.2309e+02,3.2308e+02,3.2307e+02,3.2306e+02,3.2305e+02,3.2304e+02,3.2302e+02,3.2300e+02,3.2297e+02,3.2295e+02,3.2292e+02,3.2289e+02,3.2286e+02,3.2283e+02,3.2279e+02,3.2276e+02,3.2272e+02,3.2268e+02,3.2265e+02,3.2261e+02,3.2257e+02,3.2253e+02,3.2249e+02,3.2246e+02,3.2242e+02,3.2238e+02,3.2234e+02,3.2230e+02,3.2227e+02,3.2223e+02,3.2219e+02,3.2215e+02,3.2211e+02,3.2208e+02,3.2204e+02,3.2200e+02,3.2197e+02,3.2193e+02,3.2190e+02,3.2186e+02,3.2183e+02,3.2180e+02,3.2177e+02,3.2174e+02,3.2171e+02,3.2169e+02,3.2167e+02,3.2165e+02,3.2163e+02,3.2161e+02,3.2160e+02,3.2159e+02,3.2158e+02,3.2157e+02,3.2157e+02,3.2156e+02,3.2203e+02,3.2203e+02,3.2203e+02,3.2204e+02,3.2205e+02,3.2206e+02,3.2207e+02,3.2209e+02,3.2210e+02,3.2212e+02,3.2214e+02,3.2217e+02,3.2219e+02,3.2222e+02,3.2225e+02,3.2229e+02,3.2233e+02,3.2236e+02,3.2241e+02,3.2245e+02,3.2249e+02,3.2254e+02,3.2259e+02,3.2264e+02,3.2268e+02,3.2273e+02,3.2278e+02,3.2283e+02,3.2287e+02,3.2291e+02,3.2295e+02,3.2299e+02,3.2303e+02,3.2306e+02,3.2309e+02,3.2311e+02,3.2314e+02,3.2316e+02,3.2317e+02,3.2319e+02,3.2320e+02,3.2320e+02,3.2321e+02,3.2321e+02,3.2321e+02,3.2320e+02,3.2319e+02,3.2318e+02,3.2317e+02,3.2315e+02,3.2313e+02,3.2310e+02,3.2308e+02,3.2305e+02,3.2302e+02,3.2298e+02,3.2295e+02,3.2291e+02,3.2287e+02,3.2283e+02,3.2279e+02,3.2275e+02,3.2271e+02,3.2267e+02,3.2263e+02,3.2258e+02,3.2254e+02,3.2250e+02,3.2246e+02,3.2242e+02,3.2238e+02,3.2234e+02,3.2230e+02,3.2226e+02,3.2221e+02,3.2217e+02,3.2213e+02,3.2209e+02,3.2205e+02,3.2201e+02,3.2197e+02,3.2193e+02,3.2190e+02,3.2186e+02,3.2182e+02,3.2179e+02,3.2176e+02,3.2173e+02,3.2170e+02,3.2167e+02,3.2165e+02,3.2162e+02,3.2160e+02,3.2159e+02,3.2157e+02,3.2156e+02,3.2155e+02,3.2154e+02,3.2154e+02,3.2153e+02,3.2203e+02,3.2203e+02,3.2203e+02,3.2204e+02,3.2205e+02,3.2206e+02,3.2207e+02,3.2209e+02,3.2211e+02,3.2213e+02,3.2215e+02,3.2218e+02,3.2221e+02,3.2224e+02,3.2227e+02,3.2231e+02,3.2235e+02,3.2239e+02,3.2244e+02,3.2249e+02,3.2254e+02,3.2259e+02,3.2265e+02,3.2270e+02,3.2276e+02,3.2281e+02,3.2287e+02,3.2292e+02,3.2297e+02,3.2302e+02,3.2306e+02,3.2311e+02,3.2315e+02,3.2318e+02,3.2321e+02,3.2324e+02,3.2327e+02,3.2329e+02,3.2331e+02,3.2332e+02,3.2333e+02,3.2334e+02,3.2335e+02,3.2335e+02,3.2334e+02,3.2334e+02,3.2333e+02,3.2332e+02,3.2330e+02,3.2328e+02,3.2326e+02,3.2323e+02,3.2320e+02,3.2317e+02,3.2313e+02,3.2309e+02,3.2305e+02,3.2301e+02,3.2296e+02,3.2292e+02,3.2287e+02,3.2283e+02,3.2278e+02,3.2273e+02,3.2269e+02,3.2264e+02,3.2260e+02,3.2255e+02,3.2251e+02,3.2246e+02,3.2242e+02,3.2237e+02,3.2233e+02,3.2229e+02,3.2224e+02,3.2220e+02,3.2215e+02,3.2211e+02,3.2206e+02,3.2202e+02,3.2198e+02,3.2193e+02,3.2189e+02,3.2185e+02,3.2181e+02,3.2178e+02,3.2174e+02,3.2171e+02,3.2168e+02,3.2165e+02,3.2162e+02,3.2160e+02,3.2157e+02,3.2155e+02,3.2154e+02,3.2152e+02,3.2151e+02,3.2150e+02,3.2150e+02,3.2150e+02,3.2202e+02,3.2203e+02,3.2203e+02,3.2204e+02,3.2205e+02,3.2206e+02,3.2207e+02,3.2209e+02,3.2211e+02,3.2213e+02,3.2216e+02,3.2219e+02,3.2222e+02,3.2225e+02,3.2229e+02,3.2233e+02,3.2238e+02,3.2243e+02,3.2248e+02,3.2253e+02,3.2259e+02,3.2265e+02,3.2271e+02,3.2278e+02,3.2284e+02,3.2290e+02,3.2297e+02,3.2303e+02,3.2309e+02,3.2314e+02,3.2319e+02,3.2324e+02,3.2329e+02,3.2333e+02,3.2336e+02,3.2339e+02,3.2342e+02,3.2345e+02,3.2347e+02,3.2348e+02,3.2349e+02,3.2350e+02,3.2351e+02,3.2351e+02,3.2350e+02,3.2350e+02,3.2348e+02,3.2347e+02,3.2345e+02,3.2343e+02,3.2340e+02,3.2337e+02,3.2334e+02,3.2330e+02,3.2326e+02,3.2321e+02,3.2316e+02,3.2312e+02,3.2306e+02,3.2301e+02,3.2296e+02,3.2291e+02,3.2286e+02,3.2281e+02,3.2275e+02,3.2270e+02,3.2266e+02,3.2261e+02,3.2256e+02,3.2251e+02,3.2246e+02,3.2241e+02,3.2236e+02,3.2232e+02,3.2227e+02,3.2222e+02,3.2217e+02,3.2212e+02,3.2208e+02,3.2203e+02,3.2198e+02,3.2193e+02,3.2189e+02,3.2184e+02,3.2180e+02,3.2176e+02,3.2172e+02,3.2168e+02,3.2165e+02,3.2162e+02,3.2159e+02,3.2156e+02,3.2154e+02,3.2152e+02,3.2150e+02,3.2148e+02,3.2147e+02,3.2146e+02,3.2146e+02,3.2145e+02,3.2202e+02,3.2202e+02,3.2203e+02,3.2203e+02,3.2204e+02,3.2206e+02,3.2207e+02,3.2209e+02,3.2211e+02,3.2214e+02,3.2216e+02,3.2219e+02,3.2223e+02,3.2227e+02,3.2231e+02,3.2235e+02,3.2240e+02,3.2246e+02,3.2252e+02,3.2258e+02,3.2264e+02,3.2271e+02,3.2279e+02,3.2286e+02,3.2293e+02,3.2301e+02,3.2308e+02,3.2315e+02,3.2322e+02,3.2328e+02,3.2334e+02,3.2340e+02,3.2345e+02,3.2349e+02,3.2353e+02,3.2357e+02,3.2360e+02,3.2362e+02,3.2365e+02,3.2366e+02,3.2368e+02,3.2368e+02,3.2369e+02,3.2369e+02,3.2368e+02,3.2368e+02,3.2366e+02,3.2365e+02,3.2363e+02,3.2360e+02,3.2357e+02,3.2353e+02,3.2349e+02,3.2345e+02,3.2340e+02,3.2335e+02,3.2329e+02,3.2324e+02,3.2318e+02,3.2312e+02,3.2306e+02,3.2300e+02,3.2294e+02,3.2288e+02,3.2283e+02,3.2277e+02,3.2272e+02,3.2266e+02,3.2261e+02,3.2256e+02,3.2251e+02,3.2245e+02,3.2240e+02,3.2235e+02,3.2230e+02,3.2225e+02,3.2219e+02,3.2214e+02,3.2209e+02,3.2204e+02,3.2198e+02,3.2193e+02,3.2188e+02,3.2183e+02,3.2179e+02,3.2174e+02,3.2170e+02,3.2166e+02,3.2162e+02,3.2158e+02,3.2155e+02,3.2152e+02,3.2150e+02,3.2147e+02,3.2146e+02,3.2144e+02,3.2143e+02,3.2142e+02,3.2141e+02,3.2141e+02,3.2201e+02,3.2201e+02,3.2202e+02,3.2203e+02,3.2204e+02,3.2205e+02,3.2207e+02,3.2209e+02,3.2211e+02,3.2214e+02,3.2216e+02,3.2220e+02,3.2224e+02,3.2228e+02,3.2232e+02,3.2237e+02,3.2243e+02,3.2249e+02,3.2256e+02,3.2263e+02,3.2270e+02,3.2278e+02,3.2287e+02,3.2295e+02,3.2304e+02,3.2313e+02,3.2321e+02,3.2329e+02,3.2337e+02,3.2344e+02,3.2351e+02,3.2357e+02,3.2363e+02,3.2368e+02,3.2373e+02,3.2377e+02,3.2380e+02,3.2383e+02,3.2385e+02,3.2387e+02,3.2388e+02,3.2389e+02,3.2390e+02,3.2390e+02,3.2389e+02,3.2388e+02,3.2387e+02,3.2385e+02,3.2383e+02,3.2380e+02,3.2376e+02,3.2372e+02,3.2367e+02,3.2362e+02,3.2357e+02,3.2351e+02,3.2344e+02,3.2337e+02,3.2330e+02,3.2323e+02,3.2316e+02,3.2310e+02,3.2303e+02,3.2297e+02,3.2290e+02,3.2284e+02,3.2278e+02,3.2272e+02,3.2266e+02,3.2261e+02,3.2255e+02,3.2250e+02,3.2244e+02,3.2238e+02,3.2233e+02,3.2227e+02,3.2221e+02,3.2216e+02,3.2210e+02,3.2204e+02,3.2198e+02,3.2193e+02,3.2187e+02,3.2182e+02,3.2177e+02,3.2172e+02,3.2167e+02,3.2162e+02,3.2158e+02,3.2154e+02,3.2151e+02,3.2148e+02,3.2145e+02,3.2142e+02,3.2140e+02,3.2139e+02,3.2137e+02,3.2136e+02,3.2135e+02,3.2135e+02,3.2200e+02,3.2200e+02,3.2201e+02,3.2202e+02,3.2203e+02,3.2204e+02,3.2206e+02,3.2208e+02,3.2210e+02,3.2213e+02,3.2216e+02,3.2220e+02,3.2224e+02,3.2229e+02,3.2234e+02,3.2239e+02,3.2245e+02,3.2252e+02,3.2260e+02,3.2268e+02,3.2276e+02,3.2286e+02,3.2295e+02,3.2305e+02,3.2316e+02,3.2326e+02,3.2336e+02,3.2346e+02,3.2355e+02,3.2363e+02,3.2371e+02,3.2378e+02,3.2385e+02,3.2390e+02,3.2395e+02,3.2399e+02,3.2403e+02,3.2406e+02,3.2409e+02,3.2411e+02,3.2412e+02,3.2413e+02,3.2414e+02,3.2414e+02,3.2413e+02,3.2412e+02,3.2411e+02,3.2408e+02,3.2406e+02,3.2402e+02,3.2398e+02,3.2393e+02,3.2388e+02,3.2382e+02,3.2375e+02,3.2368e+02,3.2361e+02,3.2352e+02,3.2344e+02,3.2336e+02,3.2328e+02,3.2320e+02,3.2312e+02,3.2305e+02,3.2298e+02,3.2291e+02,3.2285e+02,3.2278e+02,3.2272e+02,3.2266e+02,3.2260e+02,3.2254e+02,3.2248e+02,3.2242e+02,3.2236e+02,3.2229e+02,3.2223e+02,3.2217e+02,3.2211e+02,3.2204e+02,3.2198e+02,3.2192e+02,3.2186e+02,3.2180e+02,3.2174e+02,3.2169e+02,3.2163e+02,3.2158e+02,3.2154e+02,3.2150e+02,3.2146e+02,3.2142e+02,3.2139e+02,3.2137e+02,3.2134e+02,3.2132e+02,3.2131e+02,3.2130e+02,3.2129e+02,3.2129e+02,3.2198e+02,3.2199e+02,3.2199e+02,3.2200e+02,3.2201e+02,3.2203e+02,3.2205e+02,3.2207e+02,3.2210e+02,3.2213e+02,3.2216e+02,3.2220e+02,3.2224e+02,3.2229e+02,3.2235e+02,3.2241e+02,3.2247e+02,3.2255e+02,3.2263e+02,3.2272e+02,3.2282e+02,3.2293e+02,3.2305e+02,3.2317e+02,3.2329e+02,3.2342e+02,3.2354e+02,3.2365e+02,3.2376e+02,3.2386e+02,3.2394e+02,3.2402e+02,3.2409e+02,3.2416e+02,3.2421e+02,3.2426e+02,3.2430e+02,3.2433e+02,3.2436e+02,3.2438e+02,3.2440e+02,3.2441e+02,3.2442e+02,3.2441e+02,3.2441e+02,3.2440e+02,3.2438e+02,3.2435e+02,3.2432e+02,3.2428e+02,3.2424e+02,3.2418e+02,3.2412e+02,3.2405e+02,3.2397e+02,3.2389e+02,3.2379e+02,3.2369e+02,3.2359e+02,3.2349e+02,3.2340e+02,3.2331e+02,3.2322e+02,3.2314e+02,3.2306e+02,3.2298e+02,3.2291e+02,3.2284e+02,3.2278e+02,3.2271e+02,3.2264e+02,3.2258e+02,3.2251e+02,3.2245e+02,3.2238e+02,3.2232e+02,3.2225e+02,3.2218e+02,3.2211e+02,3.2204e+02,3.2197e+02,3.2191e+02,3.2184e+02,3.2177e+02,3.2171e+02,3.2165e+02,3.2159e+02,3.2154e+02,3.2149e+02,3.2144e+02,3.2140e+02,3.2136e+02,3.2133e+02,3.2130e+02,3.2127e+02,3.2125e+02,3.2124e+02,3.2122e+02,3.2122e+02,3.2121e+02,3.2196e+02,3.2197e+02,3.2197e+02,3.2198e+02,3.2200e+02,3.2201e+02,3.2203e+02,3.2205e+02,3.2208e+02,3.2211e+02,3.2215e+02,3.2219e+02,3.2224e+02,3.2229e+02,3.2235e+02,3.2242e+02,3.2249e+02,3.2257e+02,3.2267e+02,3.2277e+02,3.2289e+02,3.2301e+02,3.2315e+02,3.2329e+02,3.2345e+02,3.2360e+02,3.2375e+02,3.2388e+02,3.2401e+02,3.2412e+02,3.2422e+02,3.2431e+02,3.2439e+02,3.2446e+02,3.2452e+02,3.2457e+02,3.2461e+02,3.2465e+02,3.2468e+02,3.2470e+02,3.2472e+02,3.2473e+02,3.2473e+02,3.2473e+02,3.2473e+02,3.2471e+02,3.2469e+02,3.2466e+02,3.2463e+02,3.2458e+02,3.2453e+02,3.2447e+02,3.2440e+02,3.2432e+02,3.2422e+02,3.2412e+02,3.2400e+02,3.2388e+02,3.2376e+02,3.2364e+02,3.2352e+02,3.2342e+02,3.2332e+02,3.2322e+02,3.2314e+02,3.2305e+02,3.2298e+02,3.2290e+02,3.2283e+02,3.2276e+02,3.2269e+02,3.2262e+02,3.2255e+02,3.2248e+02,3.2241e+02,3.2233e+02,3.2226e+02,3.2219e+02,3.2211e+02,3.2204e+02,3.2196e+02,3.2189e+02,3.2181e+02,3.2174e+02,3.2167e+02,3.2160e+02,3.2154e+02,3.2148e+02,3.2142e+02,3.2137e+02,3.2133e+02,3.2129e+02,3.2125e+02,3.2122e+02,3.2119e+02,3.2117e+02,3.2115e+02,3.2114e+02,3.2113e+02,3.2113e+02,3.2194e+02,3.2194e+02,3.2195e+02,3.2196e+02,3.2197e+02,3.2199e+02,3.2201e+02,3.2203e+02,3.2206e+02,3.2209e+02,3.2213e+02,3.2217e+02,3.2222e+02,3.2228e+02,3.2234e+02,3.2242e+02,3.2250e+02,3.2259e+02,3.2269e+02,3.2281e+02,3.2294e+02,3.2309e+02,3.2325e+02,3.2343e+02,3.2362e+02,3.2381e+02,3.2399e+02,3.2415e+02,3.2430e+02,3.2443e+02,3.2454e+02,3.2464e+02,3.2473e+02,3.2480e+02,3.2487e+02,3.2493e+02,3.2497e+02,3.2501e+02,3.2504e+02,3.2507e+02,3.2509e+02,3.2510e+02,3.2510e+02,3.2510e+02,3.2509e+02,3.2508e+02,3.2505e+02,3.2502e+02,3.2498e+02,3.2494e+02,3.2488e+02,3.2481e+02,3.2473e+02,3.2463e+02,3.2452e+02,3.2439e+02,3.2425e+02,3.2409e+02,3.2393e+02,3.2378e+02,3.2365e+02,3.2352e+02,3.2341e+02,3.2330e+02,3.2321e+02,3.2312e+02,3.2303e+02,3.2295e+02,3.2287e+02,3.2280e+02,3.2272e+02,3.2265e+02,3.2257e+02,3.2250e+02,3.2242e+02,3.2235e+02,3.2227e+02,3.2219e+02,3.2211e+02,3.2202e+02,3.2194e+02,3.2186e+02,3.2177e+02,3.2169e+02,3.2162e+02,3.2154e+02,3.2147e+02,3.2141e+02,3.2135e+02,3.2130e+02,3.2125e+02,3.2120e+02,3.2116e+02,3.2113e+02,3.2110e+02,3.2108e+02,3.2106e+02,3.2104e+02,3.2103e+02,3.2103e+02,3.2191e+02,3.2191e+02,3.2191e+02,3.2192e+02,3.2194e+02,3.2196e+02,3.2198e+02,3.2200e+02,3.2203e+02,3.2207e+02,3.2211e+02,3.2215e+02,3.2220e+02,3.2226e+02,3.2233e+02,3.2241e+02,3.2250e+02,3.2260e+02,3.2271e+02,3.2284e+02,3.2299e+02,3.2316e+02,3.2335e+02,3.2357e+02,3.2382e+02,3.2407e+02,3.2429e+02,3.2448e+02,3.2465e+02,3.2480e+02,3.2492e+02,3.2503e+02,3.2513e+02,3.2521e+02,3.2528e+02,3.2534e+02,3.2539e+02,3.2543e+02,3.2547e+02,3.2549e+02,3.2551e+02,3.2552e+02,3.2553e+02,3.2553e+02,3.2552e+02,3.2550e+02,3.2547e+02,3.2544e+02,3.2540e+02,3.2534e+02,3.2528e+02,3.2520e+02,3.2511e+02,3.2500e+02,3.2487e+02,3.2471e+02,3.2453e+02,3.2432e+02,3.2411e+02,3.2392e+02,3.2376e+02,3.2362e+02,3.2349e+02,3.2337e+02,3.2327e+02,3.2317e+02,3.2308e+02,3.2299e+02,3.2291e+02,3.2283e+02,3.2275e+02,3.2267e+02,3.2259e+02,3.2251e+02,3.2243e+02,3.2235e+02,3.2226e+02,3.2218e+02,3.2209e+02,3.2200e+02,3.2191e+02,3.2182e+02,3.2172e+02,3.2164e+02,3.2155e+02,3.2147e+02,3.2140e+02,3.2133e+02,3.2126e+02,3.2120e+02,3.2115e+02,3.2110e+02,3.2106e+02,3.2103e+02,3.2099e+02,3.2097e+02,3.2095e+02,3.2093e+02,3.2092e+02,3.2092e+02,3.2187e+02,3.2188e+02,3.2188e+02,3.2190e+02,3.2191e+02,3.2193e+02,3.2195e+02,3.2197e+02,3.2200e+02,3.2204e+02,3.2208e+02,3.2213e+02,3.2218e+02,3.2225e+02,3.2232e+02,3.2240e+02,3.2250e+02,3.2260e+02,3.2273e+02,3.2287e+02,3.2303e+02,3.2322e+02,3.2345e+02,3.2371e+02,3.2402e+02,3.2433e+02,3.2460e+02,3.2482e+02,3.2501e+02,3.2517e+02,3.2531e+02,3.2543e+02,3.2553e+02,3.2562e+02,3.2570e+02,3.2576e+02,3.2581e+02,3.2586e+02,3.2589e+02,3.2592e+02,3.2594e+02,3.2595e+02,3.2595e+02,3.2595e+02,3.2594e+02,3.2592e+02,3.2590e+02,3.2586e+02,3.2581e+02,3.2576e+02,3.2568e+02,3.2560e+02,3.2550e+02,3.2537e+02,3.2522e+02,3.2504e+02,3.2482e+02,3.2455e+02,3.2428e+02,3.2405e+02,3.2387e+02,3.2370e+02,3.2356e+02,3.2343e+02,3.2332e+02,3.2321e+02,3.2312e+02,3.2302e+02,3.2294e+02,3.2285e+02,3.2277e+02,3.2268e+02,3.2260e+02,3.2252e+02,3.2243e+02,3.2234e+02,3.2225e+02,3.2216e+02,3.2207e+02,3.2197e+02,3.2187e+02,3.2177e+02,3.2167e+02,3.2158e+02,3.2148e+02,3.2140e+02,3.2132e+02,3.2124e+02,3.2117e+02,3.2111e+02,3.2105e+02,3.2100e+02,3.2096e+02,3.2092e+02,3.2088e+02,3.2086e+02,3.2084e+02,3.2082e+02,3.2081e+02,3.2080e+02,3.2187e+02,3.2187e+02,3.2188e+02,3.2189e+02,3.2190e+02,3.2192e+02,3.2194e+02,3.2197e+02,3.2200e+02,3.2203e+02,3.2208e+02,3.2213e+02,3.2218e+02,3.2225e+02,3.2232e+02,3.2241e+02,3.2251e+02,3.2262e+02,3.2275e+02,3.2291e+02,3.2309e+02,3.2330e+02,3.2354e+02,3.2383e+02,3.2418e+02,3.2454e+02,3.2483e+02,3.2508e+02,3.2528e+02,3.2546e+02,3.2561e+02,3.2574e+02,3.2585e+02,3.2594e+02,3.2602e+02,3.2609e+02,3.2614e+02,3.2619e+02,3.2622e+02,3.2625e+02,3.2627e+02,3.2628e+02,3.2629e+02,3.2628e+02,3.2627e+02,3.2625e+02,3.2623e+02,3.2619e+02,3.2614e+02,3.2608e+02,3.2600e+02,3.2591e+02,3.2580e+02,3.2566e+02,3.2549e+02,3.2529e+02,3.2504e+02,3.2473e+02,3.2443e+02,3.2418e+02,3.2397e+02,3.2379e+02,3.2363e+02,3.2350e+02,3.2338e+02,3.2326e+02,3.2316e+02,3.2306e+02,3.2297e+02,3.2288e+02,3.2279e+02,3.2271e+02,3.2262e+02,3.2253e+02,3.2244e+02,3.2235e+02,3.2225e+02,3.2215e+02,3.2205e+02,3.2195e+02,3.2184e+02,3.2174e+02,3.2163e+02,3.2153e+02,3.2143e+02,3.2133e+02,3.2125e+02,3.2117e+02,3.2109e+02,3.2103e+02,3.2097e+02,3.2091e+02,3.2086e+02,3.2082e+02,3.2079e+02,3.2076e+02,3.2074e+02,3.2072e+02,3.2071e+02,3.2070e+02,3.2187e+02,3.2188e+02,3.2188e+02,3.2190e+02,3.2191e+02,3.2193e+02,3.2195e+02,3.2198e+02,3.2201e+02,3.2205e+02,3.2209e+02,3.2214e+02,3.2220e+02,3.2226e+02,3.2234e+02,3.2243e+02,3.2253e+02,3.2265e+02,3.2279e+02,3.2295e+02,3.2314e+02,3.2336e+02,3.2363e+02,3.2394e+02,3.2432e+02,3.2469e+02,3.2501e+02,3.2527e+02,3.2549e+02,3.2568e+02,3.2584e+02,3.2597e+02,3.2609e+02,3.2618e+02,3.2627e+02,3.2633e+02,3.2639e+02,3.2644e+02,3.2648e+02,3.2650e+02,3.2652e+02,3.2654e+02,3.2654e+02,3.2654e+02,3.2652e+02,3.2650e+02,3.2647e+02,3.2643e+02,3.2638e+02,3.2632e+02,3.2624e+02,3.2614e+02,3.2602e+02,3.2587e+02,3.2570e+02,3.2548e+02,3.2521e+02,3.2488e+02,3.2455e+02,3.2428e+02,3.2406e+02,3.2387e+02,3.2370e+02,3.2356e+02,3.2343e+02,3.2331e+02,3.2321e+02,3.2310e+02,3.2301e+02,3.2292e+02,3.2282e+02,3.2273e+02,3.2264e+02,3.2255e+02,3.2245e+02,3.2236e+02,3.2226e+02,3.2215e+02,3.2205e+02,3.2194e+02,3.2183e+02,3.2171e+02,3.2160e+02,3.2149e+02,3.2138e+02,3.2128e+02,3.2119e+02,3.2110e+02,3.2103e+02,3.2095e+02,3.2089e+02,3.2083e+02,3.2078e+02,3.2074e+02,3.2070e+02,3.2067e+02,3.2065e+02,3.2063e+02,3.2062e+02,3.2061e+02,3.2190e+02,3.2191e+02,3.2191e+02,3.2192e+02,3.2194e+02,3.2195e+02,3.2198e+02,3.2200e+02,3.2204e+02,3.2207e+02,3.2212e+02,3.2217e+02,3.2223e+02,3.2229e+02,3.2237e+02,3.2246e+02,3.2257e+02,3.2269e+02,3.2283e+02,3.2300e+02,3.2320e+02,3.2343e+02,3.2370e+02,3.2403e+02,3.2442e+02,3.2481e+02,3.2514e+02,3.2541e+02,3.2564e+02,3.2583e+02,3.2600e+02,3.2614e+02,3.2625e+02,3.2635e+02,3.2644e+02,3.2651e+02,3.2657e+02,3.2661e+02,3.2665e+02,3.2668e+02,3.2670e+02,3.2671e+02,3.2671e+02,3.2671e+02,3.2670e+02,3.2668e+02,3.2665e+02,3.2660e+02,3.2655e+02,3.2648e+02,3.2640e+02,3.2630e+02,3.2618e+02,3.2602e+02,3.2584e+02,3.2561e+02,3.2533e+02,3.2499e+02,3.2465e+02,3.2437e+02,3.2413e+02,3.2393e+02,3.2376e+02,3.2361e+02,3.2348e+02,3.2336e+02,3.2325e+02,3.2314e+02,3.2304e+02,3.2295e+02,3.2285e+02,3.2276e+02,3.2267e+02,3.2257e+02,3.2247e+02,3.2237e+02,3.2227e+02,3.2216e+02,3.2205e+02,3.2193e+02,3.2181e+02,3.2169e+02,3.2157e+02,3.2145e+02,3.2134e+02,3.2124e+02,3.2114e+02,3.2105e+02,3.2097e+02,3.2089e+02,3.2082e+02,3.2076e+02,3.2071e+02,3.2067e+02,3.2063e+02,3.2059e+02,3.2057e+02,3.2055e+02,3.2054e+02,3.2053e+02,3.2195e+02,3.2195e+02,3.2196e+02,3.2197e+02,3.2198e+02,3.2200e+02,3.2202e+02,3.2205e+02,3.2208e+02,3.2212e+02,3.2216e+02,3.2221e+02,3.2227e+02,3.2234e+02,3.2241e+02,3.2251e+02,3.2261e+02,3.2274e+02,3.2288e+02,3.2305e+02,3.2325e+02,3.2348e+02,3.2376e+02,3.2409e+02,3.2449e+02,3.2489e+02,3.2522e+02,3.2550e+02,3.2573e+02,3.2593e+02,3.2610e+02,3.2624e+02,3.2636e+02,3.2646e+02,3.2654e+02,3.2661e+02,3.2667e+02,3.2671e+02,3.2675e+02,3.2678e+02,3.2680e+02,3.2681e+02,3.2682e+02,3.2681e+02,3.2680e+02,3.2678e+02,3.2675e+02,3.2670e+02,3.2665e+02,3.2658e+02,3.2650e+02,3.2640e+02,3.2627e+02,3.2611e+02,3.2592e+02,3.2569e+02,3.2541e+02,3.2506e+02,3.2471e+02,3.2443e+02,3.2419e+02,3.2398e+02,3.2381e+02,3.2366e+02,3.2352e+02,3.2340e+02,3.2328e+02,3.2318e+02,3.2308e+02,3.2298e+02,3.2288e+02,3.2278e+02,3.2269e+02,3.2259e+02,3.2249e+02,3.2238e+02,3.2227e+02,3.2216e+02,3.2204e+02,3.2192e+02,3.2180e+02,3.2167e+02,3.2155e+02,3.2143e+02,3.2131e+02,3.2120e+02,3.2110e+02,3.2100e+02,3.2092e+02,3.2084e+02,3.2077e+02,3.2070e+02,3.2065e+02,3.2060e+02,3.2056e+02,3.2053e+02,3.2050e+02,3.2048e+02,3.2047e+02,3.2046e+02,3.2201e+02,3.2201e+02,3.2202e+02,3.2203e+02,3.2204e+02,3.2206e+02,3.2208e+02,3.2211e+02,3.2214e+02,3.2217e+02,3.2222e+02,3.2227e+02,3.2232e+02,3.2239e+02,3.2247e+02,3.2256e+02,3.2266e+02,3.2279e+02,3.2293e+02,3.2310e+02,3.2329e+02,3.2353e+02,3.2381e+02,3.2414e+02,3.2453e+02,3.2493e+02,3.2526e+02,3.2554e+02,3.2577e+02,3.2597e+02,3.2614e+02,3.2628e+02,3.2639e+02,3.2649e+02,3.2657e+02,3.2664e+02,3.2670e+02,3.2675e+02,3.2678e+02,3.2681e+02,3.2683e+02,3.2684e+02,3.2685e+02,3.2684e+02,3.2683e+02,3.2681e+02,3.2678e+02,3.2673e+02,3.2668e+02,3.2661e+02,3.2653e+02,3.2643e+02,3.2630e+02,3.2615e+02,3.2596e+02,3.2572e+02,3.2544e+02,3.2509e+02,3.2474e+02,3.2446e+02,3.2422e+02,3.2401e+02,3.2384e+02,3.2369e+02,3.2355e+02,3.2343e+02,3.2331e+02,3.2321e+02,3.2310e+02,3.2300e+02,3.2290e+02,3.2281e+02,3.2271e+02,3.2260e+02,3.2250e+02,3.2239e+02,3.2228e+02,3.2216e+02,3.2204e+02,3.2192e+02,3.2179e+02,3.2166e+02,3.2153e+02,3.2140e+02,3.2128e+02,3.2117e+02,3.2106e+02,3.2096e+02,3.2087e+02,3.2079e+02,3.2072e+02,3.2065e+02,3.2059e+02,3.2054e+02,3.2050e+02,3.2047e+02,3.2044e+02,3.2042e+02,3.2040e+02,3.2040e+02,3.2208e+02,3.2209e+02,3.2209e+02,3.2210e+02,3.2212e+02,3.2213e+02,3.2215e+02,3.2218e+02,3.2221e+02,3.2224e+02,3.2229e+02,3.2233e+02,3.2239e+02,3.2246e+02,3.2253e+02,3.2262e+02,3.2272e+02,3.2284e+02,3.2298e+02,3.2314e+02,3.2334e+02,3.2356e+02,3.2384e+02,3.2416e+02,3.2455e+02,3.2494e+02,3.2526e+02,3.2554e+02,3.2576e+02,3.2596e+02,3.2612e+02,3.2625e+02,3.2637e+02,3.2646e+02,3.2654e+02,3.2661e+02,3.2667e+02,3.2671e+02,3.2675e+02,3.2677e+02,3.2679e+02,3.2680e+02,3.2680e+02,3.2680e+02,3.2679e+02,3.2677e+02,3.2674e+02,3.2669e+02,3.2664e+02,3.2658e+02,3.2650e+02,3.2639e+02,3.2627e+02,3.2612e+02,3.2594e+02,3.2571e+02,3.2543e+02,3.2508e+02,3.2474e+02,3.2446e+02,3.2422e+02,3.2402e+02,3.2385e+02,3.2370e+02,3.2357e+02,3.2344e+02,3.2333e+02,3.2323e+02,3.2312e+02,3.2302e+02,3.2292e+02,3.2282e+02,3.2272e+02,3.2262e+02,3.2251e+02,3.2240e+02,3.2228e+02,3.2216e+02,3.2204e+02,3.2191e+02,3.2178e+02,3.2164e+02,3.2151e+02,3.2138e+02,3.2125e+02,3.2114e+02,3.2103e+02,3.2092e+02,3.2083e+02,3.2075e+02,3.2067e+02,3.2060e+02,3.2054e+02,3.2049e+02,3.2045e+02,3.2041e+02,3.2038e+02,3.2036e+02,3.2035e+02,3.2034e+02,3.2217e+02,3.2218e+02,3.2218e+02,3.2219e+02,3.2220e+02,3.2222e+02,3.2224e+02,3.2227e+02,3.2229e+02,3.2233e+02,3.2237e+02,3.2242e+02,3.2247e+02,3.2253e+02,3.2260e+02,3.2269e+02,3.2278e+02,3.2290e+02,3.2303e+02,3.2319e+02,3.2337e+02,3.2359e+02,3.2385e+02,3.2416e+02,3.2453e+02,3.2491e+02,3.2522e+02,3.2548e+02,3.2570e+02,3.2588e+02,3.2604e+02,3.2617e+02,3.2627e+02,3.2637e+02,3.2644e+02,3.2651e+02,3.2656e+02,3.2660e+02,3.2664e+02,3.2666e+02,3.2668e+02,3.2669e+02,3.2669e+02,3.2669e+02,3.2667e+02,3.2665e+02,3.2662e+02,3.2658e+02,3.2653e+02,3.2647e+02,3.2639e+02,3.2630e+02,3.2618e+02,3.2604e+02,3.2586e+02,3.2564e+02,3.2537e+02,3.2504e+02,3.2471e+02,3.2443e+02,3.2421e+02,3.2402e+02,3.2385e+02,3.2370e+02,3.2357e+02,3.2345e+02,3.2334e+02,3.2324e+02,3.2314e+02,3.2304e+02,3.2294e+02,3.2283e+02,3.2273e+02,3.2263e+02,3.2252e+02,3.2240e+02,3.2229e+02,3.2216e+02,3.2204e+02,3.2190e+02,3.2177e+02,3.2163e+02,3.2149e+02,3.2136e+02,3.2123e+02,3.2111e+02,3.2099e+02,3.2089e+02,3.2079e+02,3.2071e+02,3.2063e+02,3.2056e+02,3.2050e+02,3.2044e+02,3.2040e+02,3.2036e+02,3.2033e+02,3.2031e+02,3.2029e+02,3.2029e+02,3.2228e+02,3.2228e+02,3.2229e+02,3.2229e+02,3.2231e+02,3.2232e+02,3.2234e+02,3.2236e+02,3.2239e+02,3.2242e+02,3.2246e+02,3.2251e+02,3.2256e+02,3.2262e+02,3.2268e+02,3.2276e+02,3.2285e+02,3.2296e+02,3.2308e+02,3.2323e+02,3.2340e+02,3.2360e+02,3.2385e+02,3.2414e+02,3.2449e+02,3.2484e+02,3.2513e+02,3.2538e+02,3.2558e+02,3.2575e+02,3.2589e+02,3.2601e+02,3.2611e+02,3.2620e+02,3.2627e+02,3.2633e+02,3.2638e+02,3.2642e+02,3.2645e+02,3.2647e+02,3.2649e+02,3.2650e+02,3.2650e+02,3.2650e+02,3.2648e+02,3.2646e+02,3.2644e+02,3.2640e+02,3.2635e+02,3.2629e+02,3.2622e+02,3.2613e+02,3.2602e+02,3.2589e+02,3.2572e+02,3.2552e+02,3.2526e+02,3.2495e+02,3.2464e+02,3.2438e+02,3.2417e+02,3.2399e+02,3.2383e+02,3.2369e+02,3.2357e+02,3.2345e+02,3.2334e+02,3.2324e+02,3.2314e+02,3.2304e+02,3.2294e+02,3.2284e+02,3.2274e+02,3.2263e+02,3.2252e+02,3.2241e+02,3.2229e+02,3.2216e+02,3.2203e+02,3.2190e+02,3.2176e+02,3.2162e+02,3.2148e+02,3.2134e+02,3.2121e+02,3.2108e+02,3.2097e+02,3.2086e+02,3.2076e+02,3.2067e+02,3.2059e+02,3.2052e+02,3.2046e+02,3.2040e+02,3.2035e+02,3.2032e+02,3.2029e+02,3.2026e+02,3.2025e+02,3.2024e+02,3.2239e+02,3.2239e+02,3.2240e+02,3.2241e+02,3.2242e+02,3.2243e+02,3.2245e+02,3.2247e+02,3.2250e+02,3.2253e+02,3.2257e+02,3.2261e+02,3.2265e+02,3.2271e+02,3.2277e+02,3.2284e+02,3.2293e+02,3.2303e+02,3.2314e+02,3.2327e+02,3.2343e+02,3.2361e+02,3.2383e+02,3.2409e+02,3.2441e+02,3.2473e+02,3.2499e+02,3.2521e+02,3.2539e+02,3.2554e+02,3.2567e+02,3.2578e+02,3.2587e+02,3.2595e+02,3.2602e+02,3.2607e+02,3.2612e+02,3.2616e+02,3.2618e+02,3.2621e+02,3.2622e+02,3.2623e+02,3.2623e+02,3.2623e+02,3.2621e+02,3.2620e+02,3.2617e+02,3.2614e+02,3.2609e+02,3.2604e+02,3.2597e+02,3.2589e+02,3.2579e+02,3.2567e+02,3.2552e+02,3.2533e+02,3.2510e+02,3.2482e+02,3.2453e+02,3.2430e+02,3.2411e+02,3.2394e+02,3.2380e+02,3.2367e+02,3.2355e+02,3.2344e+02,3.2334e+02,3.2324e+02,3.2314e+02,3.2304e+02,3.2294e+02,3.2284e+02,3.2274e+02,3.2263e+02,3.2252e+02,3.2240e+02,3.2228e+02,3.2216e+02,3.2202e+02,3.2189e+02,3.2175e+02,3.2160e+02,3.2146e+02,3.2132e+02,3.2118e+02,3.2106e+02,3.2094e+02,3.2083e+02,3.2073e+02,3.2064e+02,3.2056e+02,3.2048e+02,3.2042e+02,3.2036e+02,3.2031e+02,3.2028e+02,3.2024e+02,3.2022e+02,3.2021e+02,3.2020e+02,3.2252e+02,3.2252e+02,3.2252e+02,3.2253e+02,3.2254e+02,3.2256e+02,3.2257e+02,3.2259e+02,3.2262e+02,3.2265e+02,3.2268e+02,3.2272e+02,3.2276e+02,3.2281e+02,3.2287e+02,3.2293e+02,3.2301e+02,3.2309e+02,3.2320e+02,3.2331e+02,3.2345e+02,3.2361e+02,3.2379e+02,3.2402e+02,3.2429e+02,3.2456e+02,3.2478e+02,3.2497e+02,3.2513e+02,3.2526e+02,3.2537e+02,3.2547e+02,3.2555e+02,3.2562e+02,3.2568e+02,3.2573e+02,3.2577e+02,3.2580e+02,3.2583e+02,3.2585e+02,3.2586e+02,3.2587e+02,3.2587e+02,3.2587e+02,3.2585e+02,3.2584e+02,3.2581e+02,3.2578e+02,3.2574e+02,3.2569e+02,3.2563e+02,3.2556e+02,3.2547e+02,3.2536e+02,3.2524e+02,3.2508e+02,3.2488e+02,3.2464e+02,3.2440e+02,3.2420e+02,3.2403e+02,3.2388e+02,3.2375e+02,3.2364e+02,3.2353e+02,3.2342e+02,3.2332e+02,3.2323e+02,3.2313e+02,3.2304e+02,3.2294e+02,3.2284e+02,3.2273e+02,3.2263e+02,3.2252e+02,3.2240e+02,3.2227e+02,3.2215e+02,3.2201e+02,3.2187e+02,3.2173e+02,3.2159e+02,3.2144e+02,3.2130e+02,3.2116e+02,3.2103e+02,3.2091e+02,3.2080e+02,3.2070e+02,3.2061e+02,3.2052e+02,3.2045e+02,3.2038e+02,3.2033e+02,3.2028e+02,3.2024e+02,3.2021e+02,3.2018e+02,3.2017e+02,3.2016e+02,3.2265e+02,3.2265e+02,3.2265e+02,3.2266e+02,3.2267e+02,3.2268e+02,3.2270e+02,3.2272e+02,3.2274e+02,3.2277e+02,3.2280e+02,3.2283e+02,3.2287e+02,3.2291e+02,3.2296e+02,3.2302e+02,3.2309e+02,3.2317e+02,3.2325e+02,3.2335e+02,3.2347e+02,3.2360e+02,3.2375e+02,3.2392e+02,3.2412e+02,3.2432e+02,3.2449e+02,3.2464e+02,3.2477e+02,3.2488e+02,3.2498e+02,3.2506e+02,3.2513e+02,3.2519e+02,3.2525e+02,3.2529e+02,3.2533e+02,3.2535e+02,3.2538e+02,3.2539e+02,3.2541e+02,3.2541e+02,3.2541e+02,3.2541e+02,3.2540e+02,3.2538e+02,3.2536e+02,3.2533e+02,3.2529e+02,3.2525e+02,3.2520e+02,3.2513e+02,3.2506e+02,3.2497e+02,3.2486e+02,3.2473e+02,3.2458e+02,3.2441e+02,3.2423e+02,3.2408e+02,3.2394e+02,3.2381e+02,3.2370e+02,3.2359e+02,3.2349e+02,3.2340e+02,3.2330e+02,3.2321e+02,3.2312e+02,3.2303e+02,3.2293e+02,3.2283e+02,3.2273e+02,3.2262e+02,3.2251e+02,3.2239e+02,3.2226e+02,3.2214e+02,3.2200e+02,3.2186e+02,3.2172e+02,3.2157e+02,3.2142e+02,3.2128e+02,3.2114e+02,3.2101e+02,3.2089e+02,3.2077e+02,3.2067e+02,3.2058e+02,3.2049e+02,3.2042e+02,3.2035e+02,3.2029e+02,3.2024e+02,3.2020e+02,3.2017e+02,3.2015e+02,3.2013e+02,3.2012e+02,3.2278e+02,3.2278e+02,3.2279e+02,3.2279e+02,3.2280e+02,3.2281e+02,3.2283e+02,3.2284e+02,3.2286e+02,3.2289e+02,3.2291e+02,3.2294e+02,3.2298e+02,3.2302e+02,3.2306e+02,3.2311e+02,3.2317e+02,3.2324e+02,3.2331e+02,3.2339e+02,3.2349e+02,3.2359e+02,3.2371e+02,3.2384e+02,3.2398e+02,3.2411e+02,3.2424e+02,3.2436e+02,3.2446e+02,3.2456e+02,3.2463e+02,3.2470e+02,3.2477e+02,3.2482e+02,3.2486e+02,3.2490e+02,3.2493e+02,3.2495e+02,3.2497e+02,3.2499e+02,3.2500e+02,3.2500e+02,3.2500e+02,3.2500e+02,3.2499e+02,3.2497e+02,3.2495e+02,3.2493e+02,3.2489e+02,3.2486e+02,3.2481e+02,3.2476e+02,3.2469e+02,3.2462e+02,3.2453e+02,3.2443e+02,3.2432e+02,3.2420e+02,3.2407e+02,3.2396e+02,3.2384e+02,3.2374e+02,3.2364e+02,3.2355e+02,3.2346e+02,3.2337e+02,3.2328e+02,3.2319e+02,3.2310e+02,3.2301e+02,3.2291e+02,3.2282e+02,3.2271e+02,3.2261e+02,3.2249e+02,3.2238e+02,3.2225e+02,3.2212e+02,3.2198e+02,3.2184e+02,3.2170e+02,3.2155e+02,3.2140e+02,3.2126e+02,3.2112e+02,3.2099e+02,3.2086e+02,3.2075e+02,3.2064e+02,3.2055e+02,3.2046e+02,3.2038e+02,3.2032e+02,3.2026e+02,3.2021e+02,3.2017e+02,3.2014e+02,3.2011e+02,3.2009e+02,3.2009e+02,3.2291e+02,3.2291e+02,3.2291e+02,3.2292e+02,3.2293e+02,3.2294e+02,3.2295e+02,3.2297e+02,3.2298e+02,3.2300e+02,3.2303e+02,3.2305e+02,3.2308e+02,3.2312e+02,3.2316e+02,3.2320e+02,3.2325e+02,3.2330e+02,3.2337e+02,3.2343e+02,3.2351e+02,3.2359e+02,3.2368e+02,3.2377e+02,3.2387e+02,3.2397e+02,3.2406e+02,3.2415e+02,3.2423e+02,3.2430e+02,3.2437e+02,3.2443e+02,3.2448e+02,3.2452e+02,3.2456e+02,3.2459e+02,3.2461e+02,3.2463e+02,3.2465e+02,3.2466e+02,3.2467e+02,3.2467e+02,3.2467e+02,3.2467e+02,3.2466e+02,3.2464e+02,3.2462e+02,3.2460e+02,3.2457e+02,3.2454e+02,3.2450e+02,3.2445e+02,3.2440e+02,3.2434e+02,3.2427e+02,3.2420e+02,3.2411e+02,3.2402e+02,3.2393e+02,3.2384e+02,3.2375e+02,3.2367e+02,3.2358e+02,3.2350e+02,3.2342e+02,3.2333e+02,3.2325e+02,3.2317e+02,3.2308e+02,3.2299e+02,3.2290e+02,3.2280e+02,3.2270e+02,3.2259e+02,3.2248e+02,3.2236e+02,3.2223e+02,3.2210e+02,3.2197e+02,3.2182e+02,3.2168e+02,3.2153e+02,3.2138e+02,3.2123e+02,3.2109e+02,3.2096e+02,3.2084e+02,3.2072e+02,3.2062e+02,3.2052e+02,3.2043e+02,3.2035e+02,3.2029e+02,3.2023e+02,3.2018e+02,3.2014e+02,3.2010e+02,3.2008e+02,3.2006e+02,3.2005e+02,3.2303e+02,3.2303e+02,3.2304e+02,3.2304e+02,3.2305e+02,3.2306e+02,3.2307e+02,3.2308e+02,3.2310e+02,3.2312e+02,3.2314e+02,3.2316e+02,3.2319e+02,3.2322e+02,3.2325e+02,3.2329e+02,3.2333e+02,3.2337e+02,3.2342e+02,3.2347e+02,3.2353e+02,3.2360e+02,3.2366e+02,3.2373e+02,3.2380e+02,3.2387e+02,3.2394e+02,3.2400e+02,3.2406e+02,3.2412e+02,3.2417e+02,3.2421e+02,3.2425e+02,3.2429e+02,3.2432e+02,3.2435e+02,3.2437e+02,3.2438e+02,3.2440e+02,3.2441e+02,3.2441e+02,3.2441e+02,3.2441e+02,3.2441e+02,3.2440e+02,3.2438e+02,3.2437e+02,3.2435e+02,3.2432e+02,3.2429e+02,3.2426e+02,3.2422e+02,3.2417e+02,3.2412e+02,3.2407e+02,3.2401e+02,3.2395e+02,3.2388e+02,3.2381e+02,3.2374e+02,3.2367e+02,3.2360e+02,3.2352e+02,3.2345e+02,3.2337e+02,3.2330e+02,3.2322e+02,3.2314e+02,3.2305e+02,3.2297e+02,3.2287e+02,3.2278e+02,3.2268e+02,3.2257e+02,3.2246e+02,3.2234e+02,3.2221e+02,3.2208e+02,3.2195e+02,3.2180e+02,3.2166e+02,3.2151e+02,3.2136e+02,3.2121e+02,3.2107e+02,3.2094e+02,3.2081e+02,3.2069e+02,3.2059e+02,3.2049e+02,3.2040e+02,3.2033e+02,3.2026e+02,3.2020e+02,3.2015e+02,3.2010e+02,3.2007e+02,3.2005e+02,3.2003e+02,3.2002e+02,3.2315e+02,3.2315e+02,3.2315e+02,3.2316e+02,3.2316e+02,3.2317e+02,3.2318e+02,3.2319e+02,3.2321e+02,3.2322e+02,3.2324e+02,3.2326e+02,3.2328e+02,3.2331e+02,3.2333e+02,3.2337e+02,3.2340e+02,3.2344e+02,3.2348e+02,3.2352e+02,3.2356e+02,3.2361e+02,3.2366e+02,3.2371e+02,3.2376e+02,3.2381e+02,3.2385e+02,3.2390e+02,3.2395e+02,3.2399e+02,3.2403e+02,3.2406e+02,3.2409e+02,3.2412e+02,3.2415e+02,3.2417e+02,3.2418e+02,3.2420e+02,3.2421e+02,3.2421e+02,3.2422e+02,3.2422e+02,3.2421e+02,3.2421e+02,3.2420e+02,3.2419e+02,3.2417e+02,3.2415e+02,3.2413e+02,3.2410e+02,3.2407e+02,3.2404e+02,3.2400e+02,3.2396e+02,3.2392e+02,3.2387e+02,3.2382e+02,3.2377e+02,3.2371e+02,3.2365e+02,3.2359e+02,3.2353e+02,3.2347e+02,3.2340e+02,3.2333e+02,3.2326e+02,3.2318e+02,3.2311e+02,3.2302e+02,3.2294e+02,3.2285e+02,3.2275e+02,3.2265e+02,3.2255e+02,3.2243e+02,3.2232e+02,3.2219e+02,3.2206e+02,3.2192e+02,3.2178e+02,3.2163e+02,3.2148e+02,3.2133e+02,3.2118e+02,3.2104e+02,3.2091e+02,3.2078e+02,3.2067e+02,3.2056e+02,3.2046e+02,3.2037e+02,3.2030e+02,3.2023e+02,3.2017e+02,3.2012e+02,3.2007e+02,3.2004e+02,3.2002e+02,3.2000e+02,3.1999e+02,3.2326e+02,3.2326e+02,3.2326e+02,3.2327e+02,3.2327e+02,3.2328e+02,3.2329e+02,3.2330e+02,3.2331e+02,3.2332e+02,3.2334e+02,3.2335e+02,3.2337e+02,3.2339e+02,3.2342e+02,3.2344e+02,3.2347e+02,3.2350e+02,3.2353e+02,3.2356e+02,3.2360e+02,3.2363e+02,3.2367e+02,3.2370e+02,3.2374e+02,3.2377e+02,3.2381e+02,3.2384e+02,3.2388e+02,3.2391e+02,3.2394e+02,3.2397e+02,3.2399e+02,3.2401e+02,3.2403e+02,3.2405e+02,3.2406e+02,3.2407e+02,3.2408e+02,3.2408e+02,3.2408e+02,3.2408e+02,3.2408e+02,3.2407e+02,3.2406e+02,3.2405e+02,3.2403e+02,3.2401e+02,3.2399e+02,3.2397e+02,3.2394e+02,3.2391e+02,3.2388e+02,3.2384e+02,3.2380e+02,3.2376e+02,3.2372e+02,3.2368e+02,3.2363e+02,3.2358e+02,3.2353e+02,3.2348e+02,3.2342e+02,3.2335e+02,3.2329e+02,3.2322e+02,3.2315e+02,3.2307e+02,3.2299e+02,3.2291e+02,3.2282e+02,3.2272e+02,3.2262e+02,3.2252e+02,3.2241e+02,3.2229e+02,3.2216e+02,3.2203e+02,3.2190e+02,3.2175e+02,3.2161e+02,3.2145e+02,3.2130e+02,3.2116e+02,3.2102e+02,3.2088e+02,3.2075e+02,3.2064e+02,3.2053e+02,3.2043e+02,3.2035e+02,3.2027e+02,3.2020e+02,3.2014e+02,3.2009e+02,3.2004e+02,3.2001e+02,3.1999e+02,3.1997e+02,3.1996e+02,3.2336e+02,3.2336e+02,3.2336e+02,3.2337e+02,3.2337e+02,3.2338e+02,3.2338e+02,3.2339e+02,3.2340e+02,3.2341e+02,3.2343e+02,3.2344e+02,3.2346e+02,3.2347e+02,3.2349e+02,3.2351e+02,3.2353e+02,3.2356e+02,3.2358e+02,3.2361e+02,3.2364e+02,3.2367e+02,3.2369e+02,3.2372e+02,3.2375e+02,3.2377e+02,3.2380e+02,3.2382e+02,3.2385e+02,3.2387e+02,3.2390e+02,3.2392e+02,3.2394e+02,3.2395e+02,3.2397e+02,3.2398e+02,3.2399e+02,3.2400e+02,3.2400e+02,3.2400e+02,3.2400e+02,3.2400e+02,3.2399e+02,3.2398e+02,3.2397e+02,3.2396e+02,3.2394e+02,3.2393e+02,3.2390e+02,3.2388e+02,3.2386e+02,3.2383e+02,3.2380e+02,3.2376e+02,3.2373e+02,3.2369e+02,3.2366e+02,3.2362e+02,3.2357e+02,3.2353e+02,3.2348e+02,3.2343e+02,3.2337e+02,3.2331e+02,3.2325e+02,3.2318e+02,3.2311e+02,3.2303e+02,3.2296e+02,3.2287e+02,3.2278e+02,3.2269e+02,3.2259e+02,3.2249e+02,3.2238e+02,3.2226e+02,3.2213e+02,3.2200e+02,3.2187e+02,3.2172e+02,3.2158e+02,3.2143e+02,3.2127e+02,3.2113e+02,3.2099e+02,3.2085e+02,3.2073e+02,3.2061e+02,3.2050e+02,3.2040e+02,3.2032e+02,3.2024e+02,3.2017e+02,3.2011e+02,3.2006e+02,3.2002e+02,3.1998e+02,3.1996e+02,3.1994e+02,3.1993e+02,3.2345e+02,3.2345e+02,3.2346e+02,3.2346e+02,3.2346e+02,3.2347e+02,3.2347e+02,3.2348e+02,3.2349e+02,3.2350e+02,3.2351e+02,3.2352e+02,3.2353e+02,3.2355e+02,3.2356e+02,3.2358e+02,3.2360e+02,3.2362e+02,3.2364e+02,3.2366e+02,3.2368e+02,3.2371e+02,3.2373e+02,3.2375e+02,3.2378e+02,3.2380e+02,3.2382e+02,3.2384e+02,3.2386e+02,3.2388e+02,3.2390e+02,3.2392e+02,3.2393e+02,3.2394e+02,3.2395e+02,3.2396e+02,3.2397e+02,3.2397e+02,3.2398e+02,3.2398e+02,3.2397e+02,3.2397e+02,3.2396e+02,3.2395e+02,3.2394e+02,3.2393e+02,3.2391e+02,3.2389e+02,3.2387e+02,3.2385e+02,3.2382e+02,3.2379e+02,3.2376e+02,3.2373e+02,3.2369e+02,3.2366e+02,3.2362e+02,3.2358e+02,3.2353e+02,3.2349e+02,3.2344e+02,3.2338e+02,3.2333e+02,3.2327e+02,3.2321e+02,3.2314e+02,3.2307e+02,3.2300e+02,3.2292e+02,3.2284e+02,3.2275e+02,3.2266e+02,3.2256e+02,3.2245e+02,3.2234e+02,3.2222e+02,3.2210e+02,3.2197e+02,3.2183e+02,3.2169e+02,3.2154e+02,3.2139e+02,3.2124e+02,3.2110e+02,3.2095e+02,3.2082e+02,3.2069e+02,3.2058e+02,3.2047e+02,3.2037e+02,3.2029e+02,3.2021e+02,3.2014e+02,3.2008e+02,3.2003e+02,3.1999e+02,3.1995e+02,3.1993e+02,3.1991e+02,3.1990e+02,3.2354e+02,3.2354e+02,3.2354e+02,3.2354e+02,3.2355e+02,3.2355e+02,3.2355e+02,3.2356e+02,3.2357e+02,3.2357e+02,3.2358e+02,3.2359e+02,3.2360e+02,3.2361e+02,3.2363e+02,3.2364e+02,3.2366e+02,3.2368e+02,3.2369e+02,3.2371e+02,3.2374e+02,3.2376e+02,3.2378e+02,3.2380e+02,3.2383e+02,3.2385e+02,3.2387e+02,3.2389e+02,3.2391e+02,3.2393e+02,3.2395e+02,3.2396e+02,3.2398e+02,3.2399e+02,3.2399e+02,3.2400e+02,3.2400e+02,3.2400e+02,3.2400e+02,3.2400e+02,3.2400e+02,3.2399e+02,3.2398e+02,3.2397e+02,3.2396e+02,3.2394e+02,3.2393e+02,3.2391e+02,3.2388e+02,3.2386e+02,3.2383e+02,3.2380e+02,3.2377e+02,3.2373e+02,3.2369e+02,3.2365e+02,3.2361e+02,3.2356e+02,3.2351e+02,3.2346e+02,3.2341e+02,3.2335e+02,3.2329e+02,3.2323e+02,3.2317e+02,3.2310e+02,3.2303e+02,3.2295e+02,3.2288e+02,3.2279e+02,3.2271e+02,3.2261e+02,3.2252e+02,3.2241e+02,3.2230e+02,3.2219e+02,3.2206e+02,3.2193e+02,3.2180e+02,3.2165e+02,3.2151e+02,3.2136e+02,3.2121e+02,3.2106e+02,3.2092e+02,3.2079e+02,3.2066e+02,3.2055e+02,3.2044e+02,3.2034e+02,3.2026e+02,3.2018e+02,3.2011e+02,3.2005e+02,3.2000e+02,3.1996e+02,3.1992e+02,3.1990e+02,3.1988e+02,3.1987e+02,3.2361e+02,3.2362e+02,3.2362e+02,3.2362e+02,3.2362e+02,3.2362e+02,3.2363e+02,3.2363e+02,3.2364e+02,3.2364e+02,3.2365e+02,3.2366e+02,3.2367e+02,3.2368e+02,3.2369e+02,3.2370e+02,3.2372e+02,3.2373e+02,3.2375e+02,3.2377e+02,3.2379e+02,3.2382e+02,3.2384e+02,3.2387e+02,3.2390e+02,3.2393e+02,3.2396e+02,3.2399e+02,3.2401e+02,3.2403e+02,3.2405e+02,3.2406e+02,3.2407e+02,3.2408e+02,3.2408e+02,3.2409e+02,3.2409e+02,3.2409e+02,3.2409e+02,3.2408e+02,3.2408e+02,3.2407e+02,3.2406e+02,3.2404e+02,3.2403e+02,3.2401e+02,3.2399e+02,3.2397e+02,3.2395e+02,3.2392e+02,3.2389e+02,3.2386e+02,3.2382e+02,3.2378e+02,3.2373e+02,3.2368e+02,3.2363e+02,3.2357e+02,3.2351e+02,3.2345e+02,3.2338e+02,3.2332e+02,3.2326e+02,3.2319e+02,3.2313e+02,3.2306e+02,3.2299e+02,3.2291e+02,3.2283e+02,3.2275e+02,3.2266e+02,3.2257e+02,3.2247e+02,3.2237e+02,3.2226e+02,3.2214e+02,3.2202e+02,3.2189e+02,3.2176e+02,3.2161e+02,3.2147e+02,3.2132e+02,3.2117e+02,3.2103e+02,3.2089e+02,3.2075e+02,3.2063e+02,3.2051e+02,3.2041e+02,3.2031e+02,3.2022e+02,3.2015e+02,3.2008e+02,3.2002e+02,3.1997e+02,3.1993e+02,3.1989e+02,3.1987e+02,3.1985e+02,3.1984e+02,3.2368e+02,3.2368e+02,3.2369e+02,3.2369e+02,3.2369e+02,3.2369e+02,3.2369e+02,3.2370e+02,3.2370e+02,3.2371e+02,3.2371e+02,3.2372e+02,3.2372e+02,3.2373e+02,3.2374e+02,3.2375e+02,3.2377e+02,3.2378e+02,3.2380e+02,3.2382e+02,3.2385e+02,3.2388e+02,3.2392e+02,3.2396e+02,3.2400e+02,3.2405e+02,3.2409e+02,3.2412e+02,3.2415e+02,3.2418e+02,3.2419e+02,3.2421e+02,3.2422e+02,3.2423e+02,3.2423e+02,3.2423e+02,3.2423e+02,3.2423e+02,3.2423e+02,3.2422e+02,3.2421e+02,3.2420e+02,3.2419e+02,3.2417e+02,3.2416e+02,3.2414e+02,3.2412e+02,3.2409e+02,3.2407e+02,3.2404e+02,3.2400e+02,3.2396e+02,3.2392e+02,3.2387e+02,3.2381e+02,3.2375e+02,3.2368e+02,3.2360e+02,3.2352e+02,3.2344e+02,3.2337e+02,3.2329e+02,3.2322e+02,3.2315e+02,3.2308e+02,3.2301e+02,3.2294e+02,3.2286e+02,3.2278e+02,3.2270e+02,3.2261e+02,3.2252e+02,3.2242e+02,3.2232e+02,3.2221e+02,3.2210e+02,3.2197e+02,3.2185e+02,3.2171e+02,3.2157e+02,3.2143e+02,3.2128e+02,3.2113e+02,3.2099e+02,3.2085e+02,3.2072e+02,3.2059e+02,3.2048e+02,3.2037e+02,3.2028e+02,3.2019e+02,3.2011e+02,3.2005e+02,3.1999e+02,3.1994e+02,3.1990e+02,3.1986e+02,3.1984e+02,3.1982e+02,3.1981e+02,3.2375e+02,3.2375e+02,3.2375e+02,3.2375e+02,3.2375e+02,3.2375e+02,3.2375e+02,3.2376e+02,3.2376e+02,3.2376e+02,3.2377e+02,3.2377e+02,3.2378e+02,3.2378e+02,3.2379e+02,3.2380e+02,3.2382e+02,3.2383e+02,3.2385e+02,3.2388e+02,3.2391e+02,3.2395e+02,3.2400e+02,3.2406e+02,3.2413e+02,3.2421e+02,3.2427e+02,3.2431e+02,3.2435e+02,3.2438e+02,3.2440e+02,3.2441e+02,3.2443e+02,3.2443e+02,3.2444e+02,3.2444e+02,3.2444e+02,3.2443e+02,3.2443e+02,3.2442e+02,3.2441e+02,3.2440e+02,3.2438e+02,3.2437e+02,3.2435e+02,3.2433e+02,3.2430e+02,3.2428e+02,3.2425e+02,3.2421e+02,3.2417e+02,3.2413e+02,3.2408e+02,3.2402e+02,3.2395e+02,3.2387e+02,3.2377e+02,3.2366e+02,3.2355e+02,3.2345e+02,3.2335e+02,3.2327e+02,3.2319e+02,3.2311e+02,3.2304e+02,3.2296e+02,3.2289e+02,3.2281e+02,3.2273e+02,3.2265e+02,3.2256e+02,3.2247e+02,3.2237e+02,3.2227e+02,3.2216e+02,3.2204e+02,3.2192e+02,3.2180e+02,3.2166e+02,3.2152e+02,3.2138e+02,3.2123e+02,3.2109e+02,3.2094e+02,3.2081e+02,3.2068e+02,3.2055e+02,3.2044e+02,3.2034e+02,3.2024e+02,3.2016e+02,3.2008e+02,3.2001e+02,3.1996e+02,3.1991e+02,3.1987e+02,3.1983e+02,3.1981e+02,3.1979e+02,3.1978e+02,3.2380e+02,3.2380e+02,3.2380e+02,3.2380e+02,3.2380e+02,3.2380e+02,3.2381e+02,3.2381e+02,3.2381e+02,3.2381e+02,3.2381e+02,3.2382e+02,3.2382e+02,3.2383e+02,3.2384e+02,3.2385e+02,3.2386e+02,3.2388e+02,3.2390e+02,3.2393e+02,3.2397e+02,3.2401e+02,3.2408e+02,3.2416e+02,3.2428e+02,3.2439e+02,3.2448e+02,3.2454e+02,3.2458e+02,3.2462e+02,3.2464e+02,3.2466e+02,3.2467e+02,3.2468e+02,3.2468e+02,3.2468e+02,3.2468e+02,3.2467e+02,3.2467e+02,3.2466e+02,3.2464e+02,3.2463e+02,3.2461e+02,3.2460e+02,3.2458e+02,3.2455e+02,3.2453e+02,3.2450e+02,3.2446e+02,3.2443e+02,3.2438e+02,3.2433e+02,3.2427e+02,3.2420e+02,3.2412e+02,3.2402e+02,3.2389e+02,3.2373e+02,3.2358e+02,3.2345e+02,3.2334e+02,3.2324e+02,3.2315e+02,3.2307e+02,3.2299e+02,3.2291e+02,3.2283e+02,3.2275e+02,3.2267e+02,3.2259e+02,3.2250e+02,3.2241e+02,3.2231e+02,3.2221e+02,3.2210e+02,3.2199e+02,3.2187e+02,3.2174e+02,3.2161e+02,3.2147e+02,3.2133e+02,3.2118e+02,3.2104e+02,3.2090e+02,3.2076e+02,3.2063e+02,3.2051e+02,3.2040e+02,3.2030e+02,3.2020e+02,3.2012e+02,3.2005e+02,3.1998e+02,3.1992e+02,3.1987e+02,3.1983e+02,3.1980e+02,3.1978e+02,3.1976e+02,3.1975e+02,3.2385e+02,3.2385e+02,3.2385e+02,3.2385e+02,3.2385e+02,3.2385e+02,3.2385e+02,3.2385e+02,3.2385e+02,3.2385e+02,3.2386e+02,3.2386e+02,3.2386e+02,3.2387e+02,3.2388e+02,3.2389e+02,3.2390e+02,3.2392e+02,3.2394e+02,3.2397e+02,3.2402e+02,3.2407e+02,3.2415e+02,3.2425e+02,3.2439e+02,3.2453e+02,3.2463e+02,3.2470e+02,3.2476e+02,3.2480e+02,3.2483e+02,3.2485e+02,3.2486e+02,3.2487e+02,3.2487e+02,3.2487e+02,3.2486e+02,3.2486e+02,3.2485e+02,3.2483e+02,3.2482e+02,3.2481e+02,3.2479e+02,3.2477e+02,3.2474e+02,3.2472e+02,3.2469e+02,3.2466e+02,3.2462e+02,3.2458e+02,3.2453e+02,3.2447e+02,3.2441e+02,3.2433e+02,3.2423e+02,3.2411e+02,3.2396e+02,3.2378e+02,3.2359e+02,3.2344e+02,3.2332e+02,3.2321e+02,3.2311e+02,3.2302e+02,3.2293e+02,3.2285e+02,3.2277e+02,3.2269e+02,3.2260e+02,3.2252e+02,3.2243e+02,3.2234e+02,3.2224e+02,3.2214e+02,3.2204e+02,3.2192e+02,3.2180e+02,3.2168e+02,3.2155e+02,3.2141e+02,3.2127e+02,3.2113e+02,3.2099e+02,3.2085e+02,3.2072e+02,3.2059e+02,3.2047e+02,3.2036e+02,3.2026e+02,3.2017e+02,3.2008e+02,3.2001e+02,3.1994e+02,3.1989e+02,3.1984e+02,3.1980e+02,3.1977e+02,3.1975e+02,3.1973e+02,3.1972e+02,3.2389e+02,3.2389e+02,3.2389e+02,3.2389e+02,3.2389e+02,3.2389e+02,3.2389e+02,3.2389e+02,3.2389e+02,3.2389e+02,3.2389e+02,3.2389e+02,3.2390e+02,3.2390e+02,3.2391e+02,3.2392e+02,3.2393e+02,3.2395e+02,3.2398e+02,3.2401e+02,3.2406e+02,3.2412e+02,3.2420e+02,3.2432e+02,3.2447e+02,3.2462e+02,3.2474e+02,3.2482e+02,3.2488e+02,3.2492e+02,3.2496e+02,3.2498e+02,3.2499e+02,3.2500e+02,3.2500e+02,3.2500e+02,3.2499e+02,3.2498e+02,3.2497e+02,3.2496e+02,3.2494e+02,3.2492e+02,3.2490e+02,3.2488e+02,3.2486e+02,3.2483e+02,3.2480e+02,3.2476e+02,3.2472e+02,3.2468e+02,3.2462e+02,3.2456e+02,3.2449e+02,3.2440e+02,3.2429e+02,3.2416e+02,3.2399e+02,3.2379e+02,3.2359e+02,3.2342e+02,3.2328e+02,3.2316e+02,3.2305e+02,3.2296e+02,3.2287e+02,3.2278e+02,3.2270e+02,3.2261e+02,3.2253e+02,3.2245e+02,3.2236e+02,3.2227e+02,3.2217e+02,3.2207e+02,3.2196e+02,3.2185e+02,3.2174e+02,3.2161e+02,3.2149e+02,3.2135e+02,3.2122e+02,3.2107e+02,3.2093e+02,3.2080e+02,3.2067e+02,3.2054e+02,3.2042e+02,3.2032e+02,3.2022e+02,3.2013e+02,3.2004e+02,3.1997e+02,3.1991e+02,3.1985e+02,3.1981e+02,3.1977e+02,3.1974e+02,3.1971e+02,3.1970e+02,3.1969e+02,3.2393e+02,3.2393e+02,3.2393e+02,3.2393e+02,3.2393e+02,3.2393e+02,3.2392e+02,3.2392e+02,3.2392e+02,3.2392e+02,3.2392e+02,3.2392e+02,3.2392e+02,3.2393e+02,3.2393e+02,3.2394e+02,3.2396e+02,3.2397e+02,3.2400e+02,3.2404e+02,3.2409e+02,3.2415e+02,3.2424e+02,3.2436e+02,3.2452e+02,3.2468e+02,3.2480e+02,3.2489e+02,3.2496e+02,3.2500e+02,3.2504e+02,3.2506e+02,3.2507e+02,3.2508e+02,3.2508e+02,3.2507e+02,3.2507e+02,3.2506e+02,3.2504e+02,3.2503e+02,3.2501e+02,3.2499e+02,3.2497e+02,3.2495e+02,3.2492e+02,3.2489e+02,3.2486e+02,3.2482e+02,3.2477e+02,3.2472e+02,3.2467e+02,3.2460e+02,3.2452e+02,3.2442e+02,3.2431e+02,3.2416e+02,3.2399e+02,3.2377e+02,3.2356e+02,3.2338e+02,3.2323e+02,3.2310e+02,3.2299e+02,3.2289e+02,3.2279e+02,3.2270e+02,3.2262e+02,3.2253e+02,3.2245e+02,3.2236e+02,3.2228e+02,3.2218e+02,3.2209e+02,3.2199e+02,3.2189e+02,3.2178e+02,3.2166e+02,3.2154e+02,3.2142e+02,3.2129e+02,3.2115e+02,3.2101e+02,3.2088e+02,3.2074e+02,3.2061e+02,3.2049e+02,3.2038e+02,3.2027e+02,3.2017e+02,3.2008e+02,3.2000e+02,3.1993e+02,3.1987e+02,3.1982e+02,3.1977e+02,3.1973e+02,3.1970e+02,3.1968e+02,3.1967e+02,3.1966e+02,3.2396e+02,3.2396e+02,3.2396e+02,3.2396e+02,3.2396e+02,3.2395e+02,3.2395e+02,3.2395e+02,3.2395e+02,3.2395e+02,3.2395e+02,3.2394e+02,3.2395e+02,3.2395e+02,3.2395e+02,3.2396e+02,3.2397e+02,3.2399e+02,3.2402e+02,3.2405e+02,3.2410e+02,3.2417e+02,3.2426e+02,3.2439e+02,3.2455e+02,3.2471e+02,3.2484e+02,3.2493e+02,3.2499e+02,3.2504e+02,3.2507e+02,3.2509e+02,3.2510e+02,3.2511e+02,3.2511e+02,3.2510e+02,3.2509e+02,3.2508e+02,3.2507e+02,3.2505e+02,3.2503e+02,3.2501e+02,3.2499e+02,3.2496e+02,3.2493e+02,3.2490e+02,3.2486e+02,3.2482e+02,3.2478e+02,3.2472e+02,3.2466e+02,3.2459e+02,3.2451e+02,3.2440e+02,3.2428e+02,3.2413e+02,3.2395e+02,3.2372e+02,3.2350e+02,3.2332e+02,3.2316e+02,3.2303e+02,3.2291e+02,3.2280e+02,3.2271e+02,3.2262e+02,3.2253e+02,3.2244e+02,3.2236e+02,3.2227e+02,3.2219e+02,3.2210e+02,3.2200e+02,3.2190e+02,3.2180e+02,3.2169e+02,3.2158e+02,3.2146e+02,3.2134e+02,3.2121e+02,3.2108e+02,3.2095e+02,3.2081e+02,3.2068e+02,3.2055e+02,3.2044e+02,3.2032e+02,3.2022e+02,3.2013e+02,3.2004e+02,3.1996e+02,3.1989e+02,3.1983e+02,3.1978e+02,3.1974e+02,3.1970e+02,3.1967e+02,3.1965e+02,3.1963e+02,3.1963e+02,3.2398e+02,3.2398e+02,3.2398e+02,3.2398e+02,3.2398e+02,3.2398e+02,3.2397e+02,3.2397e+02,3.2397e+02,3.2397e+02,3.2396e+02,3.2396e+02,3.2396e+02,3.2396e+02,3.2396e+02,3.2397e+02,3.2398e+02,3.2400e+02,3.2402e+02,3.2406e+02,3.2411e+02,3.2417e+02,3.2426e+02,3.2439e+02,3.2455e+02,3.2471e+02,3.2483e+02,3.2492e+02,3.2499e+02,3.2504e+02,3.2507e+02,3.2508e+02,3.2509e+02,3.2510e+02,3.2509e+02,3.2509e+02,3.2508e+02,3.2506e+02,3.2505e+02,3.2503e+02,3.2501e+02,3.2498e+02,3.2496e+02,3.2493e+02,3.2490e+02,3.2486e+02,3.2483e+02,3.2478e+02,3.2474e+02,3.2468e+02,3.2462e+02,3.2454e+02,3.2445e+02,3.2435e+02,3.2422e+02,3.2407e+02,3.2388e+02,3.2365e+02,3.2342e+02,3.2323e+02,3.2307e+02,3.2293e+02,3.2281e+02,3.2271e+02,3.2261e+02,3.2252e+02,3.2243e+02,3.2234e+02,3.2226e+02,3.2217e+02,3.2209e+02,3.2200e+02,3.2190e+02,3.2181e+02,3.2171e+02,3.2160e+02,3.2149e+02,3.2138e+02,3.2126e+02,3.2113e+02,3.2101e+02,3.2088e+02,3.2074e+02,3.2062e+02,3.2049e+02,3.2038e+02,3.2027e+02,3.2017e+02,3.2008e+02,3.2000e+02,3.1992e+02,3.1985e+02,3.1980e+02,3.1974e+02,3.1970e+02,3.1967e+02,3.1964e+02,3.1962e+02,3.1960e+02,3.1959e+02,3.2400e+02,3.2400e+02,3.2400e+02,3.2400e+02,3.2400e+02,3.2399e+02,3.2399e+02,3.2399e+02,3.2398e+02,3.2398e+02,3.2398e+02,3.2397e+02,3.2397e+02,3.2397e+02,3.2397e+02,3.2397e+02,3.2398e+02,3.2400e+02,3.2402e+02,3.2405e+02,3.2409e+02,3.2416e+02,3.2425e+02,3.2436e+02,3.2452e+02,3.2468e+02,3.2480e+02,3.2489e+02,3.2495e+02,3.2499e+02,3.2502e+02,3.2503e+02,3.2504e+02,3.2504e+02,3.2503e+02,3.2502e+02,3.2501e+02,3.2500e+02,3.2498e+02,3.2496e+02,3.2493e+02,3.2491e+02,3.2488e+02,3.2485e+02,3.2482e+02,3.2478e+02,3.2474e+02,3.2470e+02,3.2465e+02,3.2459e+02,3.2452e+02,3.2445e+02,3.2436e+02,3.2425e+02,3.2412e+02,3.2397e+02,3.2378e+02,3.2354e+02,3.2332e+02,3.2313e+02,3.2296e+02,3.2283e+02,3.2271e+02,3.2260e+02,3.2250e+02,3.2241e+02,3.2232e+02,3.2223e+02,3.2215e+02,3.2206e+02,3.2198e+02,3.2189e+02,3.2180e+02,3.2171e+02,3.2161e+02,3.2151e+02,3.2140e+02,3.2129e+02,3.2117e+02,3.2105e+02,3.2093e+02,3.2080e+02,3.2067e+02,3.2055e+02,3.2043e+02,3.2032e+02,3.2021e+02,3.2012e+02,3.2003e+02,3.1995e+02,3.1988e+02,3.1981e+02,3.1976e+02,3.1971e+02,3.1966e+02,3.1963e+02,3.1960e+02,3.1958e+02,3.1957e+02,3.1956e+02,3.2402e+02,3.2402e+02,3.2401e+02,3.2401e+02,3.2401e+02,3.2401e+02,3.2400e+02,3.2400e+02,3.2399e+02,3.2399e+02,3.2398e+02,3.2398e+02,3.2397e+02,3.2397e+02,3.2397e+02,3.2397e+02,3.2398e+02,3.2399e+02,3.2400e+02,3.2403e+02,3.2407e+02,3.2413e+02,3.2421e+02,3.2432e+02,3.2447e+02,3.2462e+02,3.2473e+02,3.2481e+02,3.2487e+02,3.2490e+02,3.2492e+02,3.2494e+02,3.2494e+02,3.2494e+02,3.2493e+02,3.2491e+02,3.2490e+02,3.2488e+02,3.2486e+02,3.2484e+02,3.2481e+02,3.2479e+02,3.2476e+02,3.2473e+02,3.2469e+02,3.2465e+02,3.2461e+02,3.2457e+02,3.2451e+02,3.2446e+02,3.2439e+02,3.2431e+02,3.2422e+02,3.2411e+02,3.2398e+02,3.2383e+02,3.2364e+02,3.2341e+02,3.2319e+02,3.2300e+02,3.2284e+02,3.2270e+02,3.2258e+02,3.2247e+02,3.2237e+02,3.2228e+02,3.2219e+02,3.2211e+02,3.2203e+02,3.2194e+02,3.2186e+02,3.2177e+02,3.2168e+02,3.2159e+02,3.2150e+02,3.2140e+02,3.2130e+02,3.2119e+02,3.2108e+02,3.2096e+02,3.2084e+02,3.2072e+02,3.2060e+02,3.2048e+02,3.2036e+02,3.2026e+02,3.2016e+02,3.2006e+02,3.1998e+02,3.1990e+02,3.1983e+02,3.1977e+02,3.1971e+02,3.1967e+02,3.1963e+02,3.1959e+02,3.1957e+02,3.1955e+02,3.1953e+02,3.1953e+02,3.2403e+02,3.2403e+02,3.2402e+02,3.2402e+02,3.2402e+02,3.2401e+02,3.2401e+02,3.2400e+02,3.2400e+02,3.2399e+02,3.2398e+02,3.2398e+02,3.2397e+02,3.2397e+02,3.2396e+02,3.2396e+02,3.2396e+02,3.2397e+02,3.2398e+02,3.2400e+02,3.2403e+02,3.2408e+02,3.2415e+02,3.2425e+02,3.2439e+02,3.2453e+02,3.2463e+02,3.2469e+02,3.2474e+02,3.2477e+02,3.2479e+02,3.2479e+02,3.2479e+02,3.2478e+02,3.2477e+02,3.2476e+02,3.2474e+02,3.2472e+02,3.2469e+02,3.2467e+02,3.2464e+02,3.2461e+02,3.2458e+02,3.2455e+02,3.2451e+02,3.2447e+02,3.2443e+02,3.2438e+02,3.2433e+02,3.2427e+02,3.2420e+02,3.2413e+02,3.2404e+02,3.2393e+02,3.2381e+02,3.2366e+02,3.2347e+02,3.2325e+02,3.2303e+02,3.2285e+02,3.2269e+02,3.2256e+02,3.2244e+02,3.2234e+02,3.2224e+02,3.2215e+02,3.2206e+02,3.2198e+02,3.2190e+02,3.2181e+02,3.2173e+02,3.2165e+02,3.2156e+02,3.2147e+02,3.2138e+02,3.2129e+02,3.2119e+02,3.2108e+02,3.2097e+02,3.2086e+02,3.2075e+02,3.2063e+02,3.2052e+02,3.2040e+02,3.2029e+02,3.2019e+02,3.2010e+02,3.2001e+02,3.1993e+02,3.1985e+02,3.1979e+02,3.1973e+02,3.1967e+02,3.1963e+02,3.1959e+02,3.1956e+02,3.1953e+02,3.1951e+02,3.1950e+02,3.1950e+02,3.2403e+02,3.2403e+02,3.2403e+02,3.2402e+02,3.2402e+02,3.2402e+02,3.2401e+02,3.2400e+02,3.2400e+02,3.2399e+02,3.2398e+02,3.2397e+02,3.2396e+02,3.2396e+02,3.2395e+02,3.2394e+02,3.2394e+02,3.2394e+02,3.2395e+02,3.2396e+02,3.2398e+02,3.2402e+02,3.2408e+02,3.2416e+02,3.2428e+02,3.2440e+02,3.2448e+02,3.2454e+02,3.2457e+02,3.2459e+02,3.2460e+02,3.2460e+02,3.2459e+02,3.2458e+02,3.2456e+02,3.2454e+02,3.2452e+02,3.2450e+02,3.2447e+02,3.2445e+02,3.2442e+02,3.2439e+02,3.2435e+02,3.2432e+02,3.2428e+02,3.2424e+02,3.2420e+02,3.2415e+02,3.2410e+02,3.2404e+02,3.2397e+02,3.2389e+02,3.2381e+02,3.2371e+02,3.2359e+02,3.2344e+02,3.2327e+02,3.2306e+02,3.2285e+02,3.2268e+02,3.2253e+02,3.2240e+02,3.2229e+02,3.2219e+02,3.2209e+02,3.2200e+02,3.2192e+02,3.2184e+02,3.2176e+02,3.2168e+02,3.2160e+02,3.2151e+02,3.2143e+02,3.2134e+02,3.2126e+02,3.2116e+02,3.2107e+02,3.2097e+02,3.2087e+02,3.2076e+02,3.2065e+02,3.2054e+02,3.2043e+02,3.2032e+02,3.2022e+02,3.2012e+02,3.2003e+02,3.1995e+02,3.1987e+02,3.1980e+02,3.1974e+02,3.1968e+02,3.1963e+02,3.1959e+02,3.1955e+02,3.1952e+02,3.1950e+02,3.1948e+02,3.1947e+02,3.1946e+02,3.2403e+02,3.2403e+02,3.2403e+02,3.2402e+02,3.2402e+02,3.2401e+02,3.2401e+02,3.2400e+02,3.2399e+02,3.2398e+02,3.2397e+02,3.2396e+02,3.2395e+02,3.2394e+02,3.2393e+02,3.2392e+02,3.2391e+02,3.2391e+02,3.2391e+02,3.2391e+02,3.2392e+02,3.2395e+02,3.2399e+02,3.2405e+02,3.2414e+02,3.2423e+02,3.2429e+02,3.2433e+02,3.2435e+02,3.2435e+02,3.2435e+02,3.2435e+02,3.2433e+02,3.2432e+02,3.2429e+02,3.2427e+02,3.2425e+02,3.2422e+02,3.2419e+02,3.2416e+02,3.2413e+02,3.2410e+02,3.2407e+02,3.2403e+02,3.2399e+02,3.2395e+02,3.2391e+02,3.2386e+02,3.2381e+02,3.2375e+02,3.2368e+02,3.2361e+02,3.2352e+02,3.2343e+02,3.2331e+02,3.2318e+02,3.2303e+02,3.2283e+02,3.2265e+02,3.2249e+02,3.2235e+02,3.2223e+02,3.2212e+02,3.2203e+02,3.2194e+02,3.2185e+02,3.2177e+02,3.2169e+02,3.2161e+02,3.2153e+02,3.2145e+02,3.2137e+02,3.2129e+02,3.2121e+02,3.2113e+02,3.2104e+02,3.2095e+02,3.2085e+02,3.2075e+02,3.2065e+02,3.2055e+02,3.2045e+02,3.2034e+02,3.2024e+02,3.2015e+02,3.2006e+02,3.1997e+02,3.1989e+02,3.1982e+02,3.1975e+02,3.1969e+02,3.1964e+02,3.1959e+02,3.1955e+02,3.1952e+02,3.1949e+02,3.1946e+02,3.1945e+02,3.1943e+02,3.1943e+02,3.2403e+02,3.2402e+02,3.2402e+02,3.2402e+02,3.2401e+02,3.2401e+02,3.2400e+02,3.2399e+02,3.2398e+02,3.2397e+02,3.2396e+02,3.2395e+02,3.2393e+02,3.2392e+02,3.2391e+02,3.2389e+02,3.2388e+02,3.2387e+02,3.2386e+02,3.2386e+02,3.2386e+02,3.2386e+02,3.2388e+02,3.2391e+02,3.2396e+02,3.2401e+02,3.2404e+02,3.2406e+02,3.2406e+02,3.2406e+02,3.2405e+02,3.2403e+02,3.2401e+02,3.2399e+02,3.2396e+02,3.2394e+02,3.2391e+02,3.2388e+02,3.2385e+02,3.2382e+02,3.2379e+02,3.2375e+02,3.2372e+02,3.2368e+02,3.2364e+02,3.2360e+02,3.2355e+02,3.2350e+02,3.2345e+02,3.2339e+02,3.2333e+02,3.2326e+02,3.2318e+02,3.2309e+02,3.2298e+02,3.2287e+02,3.2273e+02,3.2258e+02,3.2242e+02,3.2229e+02,3.2216e+02,3.2205e+02,3.2195e+02,3.2186e+02,3.2177e+02,3.2169e+02,3.2161e+02,3.2154e+02,3.2146e+02,3.2138e+02,3.2131e+02,3.2123e+02,3.2115e+02,3.2107e+02,3.2099e+02,3.2091e+02,3.2082e+02,3.2073e+02,3.2064e+02,3.2054e+02,3.2045e+02,3.2035e+02,3.2026e+02,3.2016e+02,3.2007e+02,3.1999e+02,3.1991e+02,3.1983e+02,3.1976e+02,3.1970e+02,3.1964e+02,3.1959e+02,3.1955e+02,3.1951e+02,3.1948e+02,3.1945e+02,3.1943e+02,3.1941e+02,3.1940e+02,3.1940e+02,3.2402e+02,3.2401e+02,3.2401e+02,3.2401e+02,3.2400e+02,3.2399e+02,3.2399e+02,3.2398e+02,3.2397e+02,3.2395e+02,3.2394e+02,3.2393e+02,3.2391e+02,3.2389e+02,3.2388e+02,3.2386e+02,3.2384e+02,3.2383e+02,3.2381e+02,3.2379e+02,3.2378e+02,3.2378e+02,3.2377e+02,3.2378e+02,3.2378e+02,3.2379e+02,3.2380e+02,3.2379e+02,3.2378e+02,3.2376e+02,3.2374e+02,3.2372e+02,3.2369e+02,3.2367e+02,3.2364e+02,3.2361e+02,3.2358e+02,3.2354e+02,3.2351e+02,3.2348e+02,3.2344e+02,3.2341e+02,3.2337e+02,3.2333e+02,3.2329e+02,3.2325e+02,3.2320e+02,3.2315e+02,3.2310e+02,3.2304e+02,3.2298e+02,3.2291e+02,3.2284e+02,3.2275e+02,3.2266e+02,3.2256e+02,3.2244e+02,3.2232e+02,3.2220e+02,3.2208e+02,3.2198e+02,3.2188e+02,3.2178e+02,3.2170e+02,3.2161e+02,3.2153e+02,3.2146e+02,3.2138e+02,3.2131e+02,3.2124e+02,3.2116e+02,3.2109e+02,3.2101e+02,3.2094e+02,3.2086e+02,3.2078e+02,3.2070e+02,3.2061e+02,3.2052e+02,3.2044e+02,3.2035e+02,3.2026e+02,3.2017e+02,3.2008e+02,3.2000e+02,3.1992e+02,3.1984e+02,3.1977e+02,3.1971e+02,3.1965e+02,3.1960e+02,3.1955e+02,3.1951e+02,3.1947e+02,3.1944e+02,3.1942e+02,3.1940e+02,3.1938e+02,3.1937e+02,3.1936e+02,3.2400e+02,3.2400e+02,3.2400e+02,3.2399e+02,3.2399e+02,3.2398e+02,3.2397e+02,3.2396e+02,3.2395e+02,3.2393e+02,3.2392e+02,3.2390e+02,3.2388e+02,3.2387e+02,3.2385e+02,3.2382e+02,3.2380e+02,3.2378e+02,3.2375e+02,3.2373e+02,3.2371e+02,3.2369e+02,3.2367e+02,3.2365e+02,3.2363e+02,3.2361e+02,3.2359e+02,3.2357e+02,3.2355e+02,3.2352e+02,3.2349e+02,3.2346e+02,3.2343e+02,3.2339e+02,3.2336e+02,3.2333e+02,3.2329e+02,3.2326e+02,3.2323e+02,3.2319e+02,3.2315e+02,3.2312e+02,3.2308e+02,3.2304e+02,3.2300e+02,3.2295e+02,3.2291e+02,3.2286e+02,3.2281e+02,3.2275e+02,3.2269e+02,3.2262e+02,3.2255e+02,3.2247e+02,3.2239e+02,3.2230e+02,3.2220e+02,3.2210e+02,3.2199e+02,3.2189e+02,3.2180e+02,3.2170e+02,3.2162e+02,3.2154e+02,3.2146e+02,3.2138e+02,3.2131e+02,3.2123e+02,3.2116e+02,3.2109e+02,3.2102e+02,3.2095e+02,3.2088e+02,3.2080e+02,3.2073e+02,3.2065e+02,3.2057e+02,3.2049e+02,3.2041e+02,3.2033e+02,3.2025e+02,3.2016e+02,3.2008e+02,3.2000e+02,3.1993e+02,3.1985e+02,3.1978e+02,3.1972e+02,3.1966e+02,3.1960e+02,3.1955e+02,3.1951e+02,3.1947e+02,3.1944e+02,3.1941e+02,3.1938e+02,3.1936e+02,3.1935e+02,3.1934e+02,3.1933e+02,3.2398e+02,3.2398e+02,3.2397e+02,3.2397e+02,3.2396e+02,3.2396e+02,3.2395e+02,3.2393e+02,3.2392e+02,3.2391e+02,3.2389e+02,3.2387e+02,3.2385e+02,3.2383e+02,3.2381e+02,3.2378e+02,3.2376e+02,3.2373e+02,3.2370e+02,3.2367e+02,3.2364e+02,3.2360e+02,3.2357e+02,3.2354e+02,3.2350e+02,3.2347e+02,3.2343e+02,3.2339e+02,3.2336e+02,3.2332e+02,3.2328e+02,3.2324e+02,3.2321e+02,3.2317e+02,3.2313e+02,3.2310e+02,3.2306e+02,3.2302e+02,3.2299e+02,3.2295e+02,3.2291e+02,3.2287e+02,3.2283e+02,3.2279e+02,3.2275e+02,3.2271e+02,3.2266e+02,3.2261e+02,3.2256e+02,3.2250e+02,3.2244e+02,3.2238e+02,3.2231e+02,3.2224e+02,3.2216e+02,3.2207e+02,3.2199e+02,3.2190e+02,3.2180e+02,3.2171e+02,3.2163e+02,3.2154e+02,3.2146e+02,3.2138e+02,3.2131e+02,3.2123e+02,3.2116e+02,3.2109e+02,3.2102e+02,3.2095e+02,3.2088e+02,3.2082e+02,3.2075e+02,3.2068e+02,3.2060e+02,3.2053e+02,3.2046e+02,3.2038e+02,3.2031e+02,3.2023e+02,3.2015e+02,3.2008e+02,3.2000e+02,3.1993e+02,3.1986e+02,3.1979e+02,3.1972e+02,3.1966e+02,3.1961e+02,3.1956e+02,3.1951e+02,3.1947e+02,3.1943e+02,3.1940e+02,3.1937e+02,3.1935e+02,3.1933e+02,3.1932e+02,3.1931e+02,3.1930e+02,3.2395e+02,3.2395e+02,3.2395e+02,3.2394e+02,3.2394e+02,3.2393e+02,3.2392e+02,3.2391e+02,3.2389e+02,3.2388e+02,3.2386e+02,3.2384e+02,3.2382e+02,3.2379e+02,3.2377e+02,3.2374e+02,3.2371e+02,3.2368e+02,3.2364e+02,3.2361e+02,3.2357e+02,3.2352e+02,3.2348e+02,3.2343e+02,3.2339e+02,3.2334e+02,3.2329e+02,3.2324e+02,3.2320e+02,3.2315e+02,3.2311e+02,3.2307e+02,3.2303e+02,3.2299e+02,3.2294e+02,3.2291e+02,3.2287e+02,3.2283e+02,3.2279e+02,3.2275e+02,3.2271e+02,3.2267e+02,3.2263e+02,3.2259e+02,3.2254e+02,3.2250e+02,3.2245e+02,3.2240e+02,3.2235e+02,3.2230e+02,3.2224e+02,3.2217e+02,3.2211e+02,3.2204e+02,3.2196e+02,3.2189e+02,3.2180e+02,3.2172e+02,3.2164e+02,3.2155e+02,3.2147e+02,3.2139e+02,3.2131e+02,3.2124e+02,3.2117e+02,3.2109e+02,3.2103e+02,3.2096e+02,3.2089e+02,3.2082e+02,3.2076e+02,3.2069e+02,3.2062e+02,3.2056e+02,3.2049e+02,3.2042e+02,3.2035e+02,3.2028e+02,3.2021e+02,3.2014e+02,3.2006e+02,3.1999e+02,3.1992e+02,3.1985e+02,3.1979e+02,3.1973e+02,3.1967e+02,3.1961e+02,3.1956e+02,3.1951e+02,3.1947e+02,3.1943e+02,3.1939e+02,3.1936e+02,3.1934e+02,3.1932e+02,3.1930e+02,3.1929e+02,3.1928e+02,3.1927e+02,3.2392e+02,3.2392e+02,3.2392e+02,3.2391e+02,3.2390e+02,3.2389e+02,3.2388e+02,3.2387e+02,3.2386e+02,3.2384e+02,3.2382e+02,3.2380e+02,3.2378e+02,3.2375e+02,3.2372e+02,3.2369e+02,3.2366e+02,3.2362e+02,3.2359e+02,3.2354e+02,3.2350e+02,3.2345e+02,3.2340e+02,3.2335e+02,3.2329e+02,3.2323e+02,3.2318e+02,3.2312e+02,3.2307e+02,3.2302e+02,3.2297e+02,3.2293e+02,3.2288e+02,3.2284e+02,3.2279e+02,3.2275e+02,3.2271e+02,3.2267e+02,3.2263e+02,3.2259e+02,3.2255e+02,3.2251e+02,3.2246e+02,3.2242e+02,3.2238e+02,3.2233e+02,3.2228e+02,3.2223e+02,3.2218e+02,3.2213e+02,3.2207e+02,3.2201e+02,3.2194e+02,3.2187e+02,3.2180e+02,3.2173e+02,3.2165e+02,3.2157e+02,3.2149e+02,3.2141e+02,3.2133e+02,3.2126e+02,3.2118e+02,3.2111e+02,3.2104e+02,3.2097e+02,3.2090e+02,3.2083e+02,3.2077e+02,3.2070e+02,3.2064e+02,3.2057e+02,3.2051e+02,3.2045e+02,3.2038e+02,3.2032e+02,3.2025e+02,3.2018e+02,3.2012e+02,3.2005e+02,3.1998e+02,3.1992e+02,3.1985e+02,3.1979e+02,3.1973e+02,3.1967e+02,3.1961e+02,3.1956e+02,3.1951e+02,3.1947e+02,3.1943e+02,3.1939e+02,3.1936e+02,3.1933e+02,3.1931e+02,3.1929e+02,3.1927e+02,3.1926e+02,3.1925e+02,3.1925e+02,3.2388e+02,3.2388e+02,3.2388e+02,3.2387e+02,3.2387e+02,3.2386e+02,3.2384e+02,3.2383e+02,3.2382e+02,3.2380e+02,3.2378e+02,3.2376e+02,3.2373e+02,3.2371e+02,3.2368e+02,3.2364e+02,3.2361e+02,3.2357e+02,3.2353e+02,3.2348e+02,3.2344e+02,3.2338e+02,3.2333e+02,3.2327e+02,3.2321e+02,3.2315e+02,3.2309e+02,3.2303e+02,3.2297e+02,3.2292e+02,3.2286e+02,3.2281e+02,3.2277e+02,3.2272e+02,3.2267e+02,3.2263e+02,3.2259e+02,3.2254e+02,3.2250e+02,3.2246e+02,3.2242e+02,3.2238e+02,3.2234e+02,3.2229e+02,3.2225e+02,3.2220e+02,3.2215e+02,3.2210e+02,3.2205e+02,3.2199e+02,3.2194e+02,3.2187e+02,3.2181e+02,3.2174e+02,3.2167e+02,3.2160e+02,3.2152e+02,3.2144e+02,3.2136e+02,3.2129e+02,3.2121e+02,3.2113e+02,3.2106e+02,3.2099e+02,3.2092e+02,3.2085e+02,3.2078e+02,3.2072e+02,3.2065e+02,3.2059e+02,3.2053e+02,3.2047e+02,3.2041e+02,3.2034e+02,3.2028e+02,3.2022e+02,3.2016e+02,3.2009e+02,3.2003e+02,3.1997e+02,3.1991e+02,3.1984e+02,3.1978e+02,3.1972e+02,3.1967e+02,3.1961e+02,3.1956e+02,3.1951e+02,3.1947e+02,3.1943e+02,3.1939e+02,3.1936e+02,3.1933e+02,3.1930e+02,3.1928e+02,3.1926e+02,3.1924e+02,3.1923e+02,3.1922e+02,3.1922e+02,3.2384e+02,3.2384e+02,3.2383e+02,3.2383e+02,3.2382e+02,3.2381e+02,3.2380e+02,3.2379e+02,3.2377e+02,3.2375e+02,3.2373e+02,3.2371e+02,3.2369e+02,3.2366e+02,3.2363e+02,3.2359e+02,3.2356e+02,3.2352e+02,3.2347e+02,3.2343e+02,3.2337e+02,3.2332e+02,3.2326e+02,3.2320e+02,3.2314e+02,3.2307e+02,3.2301e+02,3.2295e+02,3.2289e+02,3.2284e+02,3.2278e+02,3.2273e+02,3.2268e+02,3.2263e+02,3.2259e+02,3.2254e+02,3.2250e+02,3.2245e+02,3.2241e+02,3.2237e+02,3.2233e+02,3.2228e+02,3.2224e+02,3.2219e+02,3.2215e+02,3.2210e+02,3.2205e+02,3.2200e+02,3.2195e+02,3.2189e+02,3.2183e+02,3.2177e+02,3.2171e+02,3.2164e+02,3.2157e+02,3.2149e+02,3.2141e+02,3.2134e+02,3.2126e+02,3.2118e+02,3.2110e+02,3.2103e+02,3.2095e+02,3.2088e+02,3.2081e+02,3.2074e+02,3.2068e+02,3.2061e+02,3.2055e+02,3.2049e+02,3.2043e+02,3.2037e+02,3.2031e+02,3.2025e+02,3.2019e+02,3.2013e+02,3.2007e+02,3.2001e+02,3.1995e+02,3.1989e+02,3.1984e+02,3.1978e+02,3.1972e+02,3.1967e+02,3.1961e+02,3.1956e+02,3.1951e+02,3.1947e+02,3.1943e+02,3.1939e+02,3.1935e+02,3.1932e+02,3.1930e+02,3.1927e+02,3.1925e+02,3.1923e+02,3.1922e+02,3.1921e+02,3.1920e+02,3.1920e+02,3.2379e+02,3.2379e+02,3.2378e+02,3.2378e+02,3.2377e+02,3.2376e+02,3.2375e+02,3.2374e+02,3.2372e+02,3.2370e+02,3.2368e+02,3.2366e+02,3.2363e+02,3.2360e+02,3.2357e+02,3.2354e+02,3.2350e+02,3.2346e+02,3.2342e+02,3.2337e+02,3.2332e+02,3.2326e+02,3.2321e+02,3.2315e+02,3.2308e+02,3.2302e+02,3.2296e+02,3.2290e+02,3.2284e+02,3.2278e+02,3.2273e+02,3.2267e+02,3.2262e+02,3.2258e+02,3.2253e+02,3.2248e+02,3.2244e+02,3.2239e+02,3.2235e+02,3.2231e+02,3.2226e+02,3.2222e+02,3.2218e+02,3.2213e+02,3.2208e+02,3.2204e+02,3.2199e+02,3.2193e+02,3.2188e+02,3.2182e+02,3.2176e+02,3.2170e+02,3.2163e+02,3.2156e+02,3.2149e+02,3.2141e+02,3.2133e+02,3.2125e+02,3.2117e+02,3.2109e+02,3.2101e+02,3.2093e+02,3.2086e+02,3.2078e+02,3.2072e+02,3.2065e+02,3.2058e+02,3.2052e+02,3.2046e+02,3.2040e+02,3.2034e+02,3.2028e+02,3.2022e+02,3.2016e+02,3.2011e+02,3.2005e+02,3.1999e+02,3.1994e+02,3.1988e+02,3.1983e+02,3.1977e+02,3.1972e+02,3.1966e+02,3.1961e+02,3.1956e+02,3.1952e+02,3.1947e+02,3.1943e+02,3.1939e+02,3.1936e+02,3.1932e+02,3.1929e+02,3.1927e+02,3.1924e+02,3.1922e+02,3.1921e+02,3.1920e+02,3.1919e+02,3.1918e+02,3.1918e+02,3.2373e+02,3.2373e+02,3.2373e+02,3.2372e+02,3.2371e+02,3.2371e+02,3.2369e+02,3.2368e+02,3.2366e+02,3.2364e+02,3.2362e+02,3.2360e+02,3.2357e+02,3.2355e+02,3.2351e+02,3.2348e+02,3.2344e+02,3.2340e+02,3.2336e+02,3.2331e+02,3.2326e+02,3.2321e+02,3.2316e+02,3.2310e+02,3.2304e+02,3.2298e+02,3.2292e+02,3.2286e+02,3.2281e+02,3.2275e+02,3.2270e+02,3.2265e+02,3.2260e+02,3.2255e+02,3.2250e+02,3.2245e+02,3.2241e+02,3.2236e+02,3.2232e+02,3.2228e+02,3.2223e+02,3.2219e+02,3.2214e+02,3.2210e+02,3.2205e+02,3.2200e+02,3.2195e+02,3.2190e+02,3.2184e+02,3.2179e+02,3.2172e+02,3.2166e+02,3.2159e+02,3.2152e+02,3.2144e+02,3.2136e+02,3.2127e+02,3.2119e+02,3.2110e+02,3.2101e+02,3.2093e+02,3.2085e+02,3.2077e+02,3.2070e+02,3.2063e+02,3.2056e+02,3.2050e+02,3.2043e+02,3.2037e+02,3.2031e+02,3.2026e+02,3.2020e+02,3.2014e+02,3.2009e+02,3.2003e+02,3.1998e+02,3.1993e+02,3.1987e+02,3.1982e+02,3.1977e+02,3.1971e+02,3.1966e+02,3.1961e+02,3.1956e+02,3.1952e+02,3.1947e+02,3.1943e+02,3.1939e+02,3.1936e+02,3.1932e+02,3.1929e+02,3.1927e+02,3.1924e+02,3.1922e+02,3.1920e+02,3.1919e+02,3.1917e+02,3.1916e+02,3.1916e+02,3.1916e+02,3.2367e+02,3.2367e+02,3.2367e+02,3.2366e+02,3.2365e+02,3.2364e+02,3.2363e+02,3.2362e+02,3.2360e+02,3.2358e+02,3.2356e+02,3.2354e+02,3.2351e+02,3.2348e+02,3.2345e+02,3.2342e+02,3.2338e+02,3.2334e+02,3.2330e+02,3.2326e+02,3.2321e+02,3.2316e+02,3.2311e+02,3.2306e+02,3.2301e+02,3.2296e+02,3.2291e+02,3.2285e+02,3.2280e+02,3.2275e+02,3.2270e+02,3.2265e+02,3.2260e+02,3.2255e+02,3.2250e+02,3.2246e+02,3.2241e+02,3.2237e+02,3.2232e+02,3.2228e+02,3.2223e+02,3.2219e+02,3.2214e+02,3.2210e+02,3.2205e+02,3.2200e+02,3.2195e+02,3.2190e+02,3.2184e+02,3.2178e+02,3.2172e+02,3.2165e+02,3.2158e+02,3.2150e+02,3.2142e+02,3.2133e+02,3.2124e+02,3.2114e+02,3.2105e+02,3.2095e+02,3.2087e+02,3.2078e+02,3.2070e+02,3.2063e+02,3.2055e+02,3.2048e+02,3.2042e+02,3.2036e+02,3.2030e+02,3.2024e+02,3.2018e+02,3.2013e+02,3.2007e+02,3.2002e+02,3.1997e+02,3.1991e+02,3.1986e+02,3.1981e+02,3.1976e+02,3.1971e+02,3.1966e+02,3.1961e+02,3.1957e+02,3.1952e+02,3.1948e+02,3.1944e+02,3.1940e+02,3.1936e+02,3.1933e+02,3.1930e+02,3.1927e+02,3.1924e+02,3.1922e+02,3.1920e+02,3.1918e+02,3.1917e+02,3.1916e+02,3.1915e+02,3.1914e+02,3.1914e+02,3.2360e+02,3.2360e+02,3.2360e+02,3.2359e+02,3.2358e+02,3.2357e+02,3.2356e+02,3.2355e+02,3.2353e+02,3.2351e+02,3.2349e+02,3.2347e+02,3.2344e+02,3.2342e+02,3.2339e+02,3.2335e+02,3.2332e+02,3.2328e+02,3.2324e+02,3.2320e+02,3.2315e+02,3.2311e+02,3.2307e+02,3.2303e+02,3.2299e+02,3.2296e+02,3.2292e+02,3.2287e+02,3.2282e+02,3.2278e+02,3.2273e+02,3.2268e+02,3.2263e+02,3.2258e+02,3.2254e+02,3.2249e+02,3.2245e+02,3.2240e+02,3.2236e+02,3.2231e+02,3.2227e+02,3.2223e+02,3.2218e+02,3.2213e+02,3.2209e+02,3.2204e+02,3.2198e+02,3.2193e+02,3.2187e+02,3.2181e+02,3.2175e+02,3.2168e+02,3.2160e+02,3.2152e+02,3.2143e+02,3.2133e+02,3.2123e+02,3.2112e+02,3.2101e+02,3.2091e+02,3.2081e+02,3.2072e+02,3.2064e+02,3.2056e+02,3.2049e+02,3.2042e+02,3.2035e+02,3.2029e+02,3.2023e+02,3.2017e+02,3.2011e+02,3.2006e+02,3.2001e+02,3.1996e+02,3.1990e+02,3.1985e+02,3.1981e+02,3.1976e+02,3.1971e+02,3.1966e+02,3.1962e+02,3.1957e+02,3.1953e+02,3.1948e+02,3.1944e+02,3.1940e+02,3.1937e+02,3.1933e+02,3.1930e+02,3.1927e+02,3.1924e+02,3.1922e+02,3.1920e+02,3.1918e+02,3.1916e+02,3.1915e+02,3.1914e+02,3.1913e+02,3.1913e+02,3.1912e+02,3.2353e+02,3.2352e+02,3.2352e+02,3.2351e+02,3.2351e+02,3.2350e+02,3.2348e+02,3.2347e+02,3.2346e+02,3.2344e+02,3.2342e+02,3.2339e+02,3.2337e+02,3.2334e+02,3.2331e+02,3.2328e+02,3.2325e+02,3.2321e+02,3.2317e+02,3.2314e+02,3.2310e+02,3.2306e+02,3.2303e+02,3.2300e+02,3.2299e+02,3.2298e+02,3.2295e+02,3.2292e+02,3.2288e+02,3.2283e+02,3.2279e+02,3.2274e+02,3.2270e+02,3.2265e+02,3.2261e+02,3.2256e+02,3.2252e+02,3.2247e+02,3.2243e+02,3.2239e+02,3.2234e+02,3.2230e+02,3.2225e+02,3.2221e+02,3.2216e+02,3.2211e+02,3.2206e+02,3.2200e+02,3.2194e+02,3.2188e+02,3.2181e+02,3.2174e+02,3.2166e+02,3.2157e+02,3.2148e+02,3.2137e+02,3.2125e+02,3.2112e+02,3.2099e+02,3.2087e+02,3.2077e+02,3.2067e+02,3.2058e+02,3.2050e+02,3.2043e+02,3.2035e+02,3.2029e+02,3.2023e+02,3.2017e+02,3.2011e+02,3.2005e+02,3.2000e+02,3.1995e+02,3.1990e+02,3.1985e+02,3.1980e+02,3.1976e+02,3.1971e+02,3.1966e+02,3.1962e+02,3.1957e+02,3.1953e+02,3.1949e+02,3.1945e+02,3.1941e+02,3.1937e+02,3.1934e+02,3.1931e+02,3.1928e+02,3.1925e+02,3.1922e+02,3.1920e+02,3.1918e+02,3.1916e+02,3.1915e+02,3.1914e+02,3.1913e+02,3.1912e+02,3.1911e+02,3.1911e+02,3.2344e+02,3.2344e+02,3.2344e+02,3.2343e+02,3.2342e+02,3.2341e+02,3.2340e+02,3.2339e+02,3.2337e+02,3.2335e+02,3.2333e+02,3.2331e+02,3.2329e+02,3.2326e+02,3.2323e+02,3.2320e+02,3.2317e+02,3.2314e+02,3.2310e+02,3.2307e+02,3.2304e+02,3.2301e+02,3.2298e+02,3.2297e+02,3.2297e+02,3.2298e+02,3.2296e+02,3.2294e+02,3.2290e+02,3.2286e+02,3.2282e+02,3.2278e+02,3.2274e+02,3.2269e+02,3.2265e+02,3.2261e+02,3.2256e+02,3.2252e+02,3.2248e+02,3.2243e+02,3.2239e+02,3.2234e+02,3.2230e+02,3.2225e+02,3.2220e+02,3.2215e+02,3.2210e+02,3.2205e+02,3.2199e+02,3.2192e+02,3.2185e+02,3.2178e+02,3.2169e+02,3.2160e+02,3.2150e+02,3.2139e+02,3.2126e+02,3.2111e+02,3.2097e+02,3.2084e+02,3.2073e+02,3.2062e+02,3.2053e+02,3.2045e+02,3.2037e+02,3.2030e+02,3.2023e+02,3.2017e+02,3.2011e+02,3.2005e+02,3.2000e+02,3.1995e+02,3.1990e+02,3.1985e+02,3.1980e+02,3.1976e+02,3.1971e+02,3.1967e+02,3.1962e+02,3.1958e+02,3.1954e+02,3.1950e+02,3.1946e+02,3.1942e+02,3.1938e+02,3.1935e+02,3.1932e+02,3.1929e+02,3.1926e+02,3.1923e+02,3.1921e+02,3.1919e+02,3.1917e+02,3.1915e+02,3.1914e+02,3.1913e+02,3.1912e+02,3.1911e+02,3.1911e+02,3.1910e+02,3.2335e+02,3.2335e+02,3.2334e+02,3.2334e+02,3.2333e+02,3.2332e+02,3.2331e+02,3.2330e+02,3.2328e+02,3.2326e+02,3.2325e+02,3.2322e+02,3.2320e+02,3.2318e+02,3.2315e+02,3.2312e+02,3.2309e+02,3.2306e+02,3.2303e+02,3.2300e+02,3.2297e+02,3.2295e+02,3.2293e+02,3.2293e+02,3.2294e+02,3.2295e+02,3.2295e+02,3.2293e+02,3.2290e+02,3.2287e+02,3.2283e+02,3.2279e+02,3.2275e+02,3.2271e+02,3.2267e+02,3.2262e+02,3.2258e+02,3.2254e+02,3.2250e+02,3.2245e+02,3.2241e+02,3.2237e+02,3.2232e+02,3.2228e+02,3.2223e+02,3.2218e+02,3.2212e+02,3.2207e+02,3.2201e+02,3.2194e+02,3.2187e+02,3.2179e+02,3.2171e+02,3.2161e+02,3.2151e+02,3.2139e+02,3.2125e+02,3.2110e+02,3.2094e+02,3.2081e+02,3.2069e+02,3.2058e+02,3.2049e+02,3.2040e+02,3.2032e+02,3.2025e+02,3.2018e+02,3.2012e+02,3.2006e+02,3.2001e+02,3.1995e+02,3.1990e+02,3.1985e+02,3.1981e+02,3.1976e+02,3.1972e+02,3.1967e+02,3.1963e+02,3.1959e+02,3.1955e+02,3.1951e+02,3.1947e+02,3.1943e+02,3.1940e+02,3.1936e+02,3.1933e+02,3.1930e+02,3.1927e+02,3.1924e+02,3.1922e+02,3.1920e+02,3.1918e+02,3.1916e+02,3.1914e+02,3.1913e+02,3.1912e+02,3.1911e+02,3.1910e+02,3.1910e+02,3.1910e+02,3.2325e+02,3.2325e+02,3.2324e+02,3.2324e+02,3.2323e+02,3.2322e+02,3.2321e+02,3.2320e+02,3.2318e+02,3.2317e+02,3.2315e+02,3.2313e+02,3.2311e+02,3.2308e+02,3.2306e+02,3.2303e+02,3.2300e+02,3.2297e+02,3.2294e+02,3.2292e+02,3.2289e+02,3.2288e+02,3.2287e+02,3.2287e+02,3.2289e+02,3.2291e+02,3.2291e+02,3.2290e+02,3.2288e+02,3.2285e+02,3.2281e+02,3.2278e+02,3.2274e+02,3.2270e+02,3.2266e+02,3.2262e+02,3.2258e+02,3.2254e+02,3.2250e+02,3.2245e+02,3.2241e+02,3.2237e+02,3.2232e+02,3.2228e+02,3.2223e+02,3.2218e+02,3.2212e+02,3.2207e+02,3.2201e+02,3.2194e+02,3.2187e+02,3.2179e+02,3.2171e+02,3.2161e+02,3.2150e+02,3.2138e+02,3.2123e+02,3.2107e+02,3.2091e+02,3.2077e+02,3.2065e+02,3.2054e+02,3.2044e+02,3.2036e+02,3.2028e+02,3.2021e+02,3.2014e+02,3.2008e+02,3.2002e+02,3.1996e+02,3.1991e+02,3.1986e+02,3.1982e+02,3.1977e+02,3.1973e+02,3.1968e+02,3.1964e+02,3.1960e+02,3.1956e+02,3.1952e+02,3.1948e+02,3.1945e+02,3.1941e+02,3.1938e+02,3.1934e+02,3.1931e+02,3.1928e+02,3.1926e+02,3.1923e+02,3.1921e+02,3.1919e+02,3.1917e+02,3.1915e+02,3.1914e+02,3.1913e+02,3.1912e+02,3.1911e+02,3.1910e+02,3.1910e+02,3.1910e+02,3.2314e+02,3.2314e+02,3.2314e+02,3.2313e+02,3.2312e+02,3.2311e+02,3.2310e+02,3.2309e+02,3.2308e+02,3.2306e+02,3.2304e+02,3.2302e+02,3.2300e+02,3.2298e+02,3.2296e+02,3.2293e+02,3.2290e+02,3.2288e+02,3.2285e+02,3.2283e+02,3.2281e+02,3.2280e+02,3.2279e+02,3.2280e+02,3.2282e+02,3.2285e+02,3.2286e+02,3.2285e+02,3.2283e+02,3.2281e+02,3.2278e+02,3.2274e+02,3.2271e+02,3.2267e+02,3.2263e+02,3.2259e+02,3.2255e+02,3.2251e+02,3.2247e+02,3.2243e+02,3.2239e+02,3.2235e+02,3.2230e+02,3.2226e+02,3.2221e+02,3.2216e+02,3.2211e+02,3.2205e+02,3.2199e+02,3.2192e+02,3.2185e+02,3.2177e+02,3.2168e+02,3.2159e+02,3.2148e+02,3.2135e+02,3.2121e+02,3.2104e+02,3.2088e+02,3.2074e+02,3.2061e+02,3.2050e+02,3.2040e+02,3.2032e+02,3.2024e+02,3.2017e+02,3.2010e+02,3.2004e+02,3.1998e+02,3.1993e+02,3.1988e+02,3.1983e+02,3.1978e+02,3.1974e+02,3.1969e+02,3.1965e+02,3.1961e+02,3.1957e+02,3.1954e+02,3.1950e+02,3.1946e+02,3.1943e+02,3.1939e+02,3.1936e+02,3.1933e+02,3.1930e+02,3.1927e+02,3.1925e+02,3.1922e+02,3.1920e+02,3.1918e+02,3.1917e+02,3.1915e+02,3.1914e+02,3.1913e+02,3.1912e+02,3.1911e+02,3.1910e+02,3.1910e+02,3.1910e+02,3.2302e+02,3.2302e+02,3.2302e+02,3.2301e+02,3.2301e+02,3.2300e+02,3.2299e+02,3.2298e+02,3.2296e+02,3.2295e+02,3.2293e+02,3.2291e+02,3.2289e+02,3.2287e+02,3.2285e+02,3.2282e+02,3.2280e+02,3.2277e+02,3.2275e+02,3.2273e+02,3.2271e+02,3.2270e+02,3.2270e+02,3.2271e+02,3.2274e+02,3.2278e+02,3.2279e+02,3.2278e+02,3.2277e+02,3.2275e+02,3.2272e+02,3.2269e+02,3.2265e+02,3.2262e+02,3.2258e+02,3.2254e+02,3.2250e+02,3.2247e+02,3.2243e+02,3.2239e+02,3.2235e+02,3.2230e+02,3.2226e+02,3.2222e+02,3.2217e+02,3.2212e+02,3.2207e+02,3.2201e+02,3.2195e+02,3.2189e+02,3.2181e+02,3.2174e+02,3.2165e+02,3.2155e+02,3.2144e+02,3.2131e+02,3.2117e+02,3.2100e+02,3.2084e+02,3.2070e+02,3.2057e+02,3.2046e+02,3.2037e+02,3.2028e+02,3.2020e+02,3.2013e+02,3.2006e+02,3.2000e+02,3.1995e+02,3.1989e+02,3.1984e+02,3.1980e+02,3.1975e+02,3.1971e+02,3.1967e+02,3.1963e+02,3.1959e+02,3.1955e+02,3.1952e+02,3.1948e+02,3.1945e+02,3.1941e+02,3.1938e+02,3.1935e+02,3.1932e+02,3.1929e+02,3.1927e+02,3.1924e+02,3.1922e+02,3.1920e+02,3.1918e+02,3.1917e+02,3.1915e+02,3.1914e+02,3.1913e+02,3.1912e+02,3.1911e+02,3.1911e+02,3.1910e+02,3.1910e+02,3.2290e+02,3.2290e+02,3.2289e+02,3.2289e+02,3.2288e+02,3.2287e+02,3.2287e+02,3.2285e+02,3.2284e+02,3.2283e+02,3.2281e+02,3.2279e+02,3.2277e+02,3.2275e+02,3.2273e+02,3.2271e+02,3.2269e+02,3.2266e+02,3.2264e+02,3.2262e+02,3.2261e+02,3.2260e+02,3.2260e+02,3.2262e+02,3.2265e+02,3.2268e+02,3.2270e+02,3.2270e+02,3.2268e+02,3.2267e+02,3.2264e+02,3.2261e+02,3.2258e+02,3.2255e+02,3.2251e+02,3.2247e+02,3.2244e+02,3.2240e+02,3.2236e+02,3.2232e+02,3.2228e+02,3.2224e+02,3.2220e+02,3.2216e+02,3.2211e+02,3.2206e+02,3.2201e+02,3.2196e+02,3.2190e+02,3.2183e+02,3.2176e+02,3.2168e+02,3.2160e+02,3.2150e+02,3.2139e+02,3.2127e+02,3.2112e+02,3.2096e+02,3.2080e+02,3.2066e+02,3.2053e+02,3.2042e+02,3.2033e+02,3.2024e+02,3.2017e+02,3.2010e+02,3.2003e+02,3.1997e+02,3.1992e+02,3.1987e+02,3.1982e+02,3.1977e+02,3.1973e+02,3.1969e+02,3.1965e+02,3.1961e+02,3.1958e+02,3.1954e+02,3.1950e+02,3.1947e+02,3.1944e+02,3.1941e+02,3.1938e+02,3.1935e+02,3.1932e+02,3.1929e+02,3.1927e+02,3.1925e+02,3.1922e+02,3.1921e+02,3.1919e+02,3.1917e+02,3.1916e+02,3.1915e+02,3.1914e+02,3.1913e+02,3.1912e+02,3.1912e+02,3.1911e+02,3.1911e+02,3.2277e+02,3.2276e+02,3.2276e+02,3.2276e+02,3.2275e+02,3.2274e+02,3.2273e+02,3.2272e+02,3.2271e+02,3.2270e+02,3.2268e+02,3.2266e+02,3.2265e+02,3.2263e+02,3.2261e+02,3.2259e+02,3.2256e+02,3.2254e+02,3.2252e+02,3.2251e+02,3.2249e+02,3.2249e+02,3.2249e+02,3.2251e+02,3.2254e+02,3.2258e+02,3.2259e+02,3.2259e+02,3.2258e+02,3.2257e+02,3.2254e+02,3.2251e+02,3.2248e+02,3.2245e+02,3.2242e+02,3.2238e+02,3.2235e+02,3.2231e+02,3.2228e+02,3.2224e+02,3.2220e+02,3.2216e+02,3.2212e+02,3.2208e+02,3.2203e+02,3.2198e+02,3.2193e+02,3.2188e+02,3.2182e+02,3.2176e+02,3.2169e+02,3.2161e+02,3.2153e+02,3.2144e+02,3.2133e+02,3.2121e+02,3.2107e+02,3.2091e+02,3.2075e+02,3.2061e+02,3.2049e+02,3.2039e+02,3.2029e+02,3.2021e+02,3.2013e+02,3.2007e+02,3.2000e+02,3.1995e+02,3.1989e+02,3.1984e+02,3.1980e+02,3.1975e+02,3.1971e+02,3.1967e+02,3.1964e+02,3.1960e+02,3.1956e+02,3.1953e+02,3.1950e+02,3.1946e+02,3.1943e+02,3.1940e+02,3.1937e+02,3.1935e+02,3.1932e+02,3.1930e+02,3.1927e+02,3.1925e+02,3.1923e+02,3.1921e+02,3.1920e+02,3.1918e+02,3.1917e+02,3.1916e+02,3.1915e+02,3.1914e+02,3.1913e+02,3.1913e+02,3.1913e+02,3.1913e+02,3.2263e+02,3.2263e+02,3.2262e+02,3.2262e+02,3.2261e+02,3.2260e+02,3.2260e+02,3.2259e+02,3.2257e+02,3.2256e+02,3.2255e+02,3.2253e+02,3.2251e+02,3.2249e+02,3.2247e+02,3.2246e+02,3.2244e+02,3.2242e+02,3.2240e+02,3.2238e+02,3.2237e+02,3.2237e+02,3.2237e+02,3.2239e+02,3.2242e+02,3.2245e+02,3.2247e+02,3.2247e+02,3.2246e+02,3.2244e+02,3.2242e+02,3.2240e+02,3.2237e+02,3.2234e+02,3.2231e+02,3.2227e+02,3.2224e+02,3.2220e+02,3.2217e+02,3.2213e+02,3.2209e+02,3.2206e+02,3.2202e+02,3.2197e+02,3.2193e+02,3.2189e+02,3.2184e+02,3.2178e+02,3.2173e+02,3.2167e+02,3.2160e+02,3.2153e+02,3.2145e+02,3.2136e+02,3.2125e+02,3.2114e+02,3.2100e+02,3.2085e+02,3.2070e+02,3.2056e+02,3.2045e+02,3.2035e+02,3.2026e+02,3.2018e+02,3.2011e+02,3.2004e+02,3.1998e+02,3.1993e+02,3.1987e+02,3.1983e+02,3.1978e+02,3.1974e+02,3.1970e+02,3.1966e+02,3.1963e+02,3.1959e+02,3.1956e+02,3.1953e+02,3.1949e+02,3.1946e+02,3.1943e+02,3.1941e+02,3.1938e+02,3.1935e+02,3.1933e+02,3.1930e+02,3.1928e+02,3.1926e+02,3.1924e+02,3.1923e+02,3.1921e+02,3.1920e+02,3.1919e+02,3.1918e+02,3.1917e+02,3.1916e+02,3.1915e+02,3.1915e+02,3.1915e+02,3.1914e+02,3.2248e+02,3.2248e+02,3.2248e+02,3.2247e+02,3.2247e+02,3.2246e+02,3.2245e+02,3.2244e+02,3.2243e+02,3.2242e+02,3.2240e+02,3.2239e+02,3.2237e+02,3.2236e+02,3.2234e+02,3.2232e+02,3.2230e+02,3.2228e+02,3.2227e+02,3.2225e+02,3.2224e+02,3.2223e+02,3.2224e+02,3.2225e+02,3.2228e+02,3.2232e+02,3.2233e+02,3.2233e+02,3.2232e+02,3.2230e+02,3.2228e+02,3.2226e+02,3.2223e+02,3.2220e+02,3.2217e+02,3.2214e+02,3.2211e+02,3.2207e+02,3.2204e+02,3.2200e+02,3.2197e+02,3.2193e+02,3.2189e+02,3.2185e+02,3.2181e+02,3.2176e+02,3.2172e+02,3.2167e+02,3.2161e+02,3.2156e+02,3.2149e+02,3.2142e+02,3.2135e+02,3.2126e+02,3.2116e+02,3.2105e+02,3.2093e+02,3.2078e+02,3.2064e+02,3.2051e+02,3.2041e+02,3.2031e+02,3.2023e+02,3.2015e+02,3.2008e+02,3.2002e+02,3.1996e+02,3.1991e+02,3.1986e+02,3.1981e+02,3.1977e+02,3.1973e+02,3.1969e+02,3.1966e+02,3.1962e+02,3.1959e+02,3.1956e+02,3.1953e+02,3.1950e+02,3.1947e+02,3.1944e+02,3.1941e+02,3.1939e+02,3.1936e+02,3.1934e+02,3.1932e+02,3.1930e+02,3.1928e+02,3.1926e+02,3.1925e+02,3.1923e+02,3.1922e+02,3.1921e+02,3.1920e+02,3.1919e+02,3.1918e+02,3.1918e+02,3.1917e+02,3.1917e+02,3.1917e+02,3.2233e+02,3.2233e+02,3.2233e+02,3.2233e+02,3.2232e+02,3.2231e+02,3.2231e+02,3.2230e+02,3.2229e+02,3.2227e+02,3.2226e+02,3.2225e+02,3.2223e+02,3.2221e+02,3.2220e+02,3.2218e+02,3.2216e+02,3.2214e+02,3.2213e+02,3.2211e+02,3.2210e+02,3.2209e+02,3.2210e+02,3.2211e+02,3.2213e+02,3.2216e+02,3.2217e+02,3.2217e+02,3.2215e+02,3.2214e+02,3.2212e+02,3.2209e+02,3.2207e+02,3.2204e+02,3.2201e+02,3.2198e+02,3.2195e+02,3.2192e+02,3.2188e+02,3.2185e+02,3.2181e+02,3.2178e+02,3.2174e+02,3.2170e+02,3.2166e+02,3.2162e+02,3.2158e+02,3.2153e+02,3.2148e+02,3.2142e+02,3.2136e+02,3.2130e+02,3.2122e+02,3.2114e+02,3.2105e+02,3.2095e+02,3.2084e+02,3.2071e+02,3.2058e+02,3.2046e+02,3.2036e+02,3.2028e+02,3.2020e+02,3.2013e+02,3.2006e+02,3.2000e+02,3.1995e+02,3.1990e+02,3.1985e+02,3.1981e+02,3.1977e+02,3.1973e+02,3.1969e+02,3.1966e+02,3.1963e+02,3.1959e+02,3.1956e+02,3.1954e+02,3.1951e+02,3.1948e+02,3.1945e+02,3.1943e+02,3.1940e+02,3.1938e+02,3.1936e+02,3.1934e+02,3.1932e+02,3.1930e+02,3.1929e+02,3.1927e+02,3.1926e+02,3.1925e+02,3.1923e+02,3.1923e+02,3.1922e+02,3.1921e+02,3.1921e+02,3.1920e+02,3.1920e+02,3.1920e+02,3.2219e+02,3.2218e+02,3.2218e+02,3.2218e+02,3.2217e+02,3.2217e+02,3.2216e+02,3.2215e+02,3.2214e+02,3.2213e+02,3.2212e+02,3.2210e+02,3.2209e+02,3.2207e+02,3.2206e+02,3.2204e+02,3.2202e+02,3.2201e+02,3.2199e+02,3.2198e+02,3.2196e+02,3.2195e+02,3.2195e+02,3.2195e+02,3.2197e+02,3.2198e+02,3.2198e+02,3.2198e+02,3.2196e+02,3.2195e+02,3.2193e+02,3.2190e+02,3.2188e+02,3.2185e+02,3.2182e+02,3.2179e+02,3.2176e+02,3.2173e+02,3.2170e+02,3.2167e+02,3.2164e+02,3.2160e+02,3.2157e+02,3.2153e+02,3.2149e+02,3.2145e+02,3.2141e+02,3.2136e+02,3.2131e+02,3.2126e+02,3.2120e+02,3.2114e+02,3.2108e+02,3.2100e+02,3.2092e+02,3.2083e+02,3.2073e+02,3.2062e+02,3.2051e+02,3.2041e+02,3.2032e+02,3.2024e+02,3.2017e+02,3.2011e+02,3.2005e+02,3.1999e+02,3.1994e+02,3.1989e+02,3.1985e+02,3.1981e+02,3.1977e+02,3.1973e+02,3.1970e+02,3.1967e+02,3.1964e+02,3.1961e+02,3.1958e+02,3.1955e+02,3.1952e+02,3.1950e+02,3.1947e+02,3.1945e+02,3.1943e+02,3.1941e+02,3.1938e+02,3.1937e+02,3.1935e+02,3.1933e+02,3.1932e+02,3.1930e+02,3.1929e+02,3.1928e+02,3.1927e+02,3.1926e+02,3.1925e+02,3.1925e+02,3.1924e+02,3.1924e+02,3.1924e+02,3.1923e+02,3.2204e+02,3.2204e+02,3.2204e+02,3.2203e+02,3.2203e+02,3.2202e+02,3.2201e+02,3.2201e+02,3.2200e+02,3.2199e+02,3.2197e+02,3.2196e+02,3.2195e+02,3.2193e+02,3.2192e+02,3.2190e+02,3.2188e+02,3.2187e+02,3.2185e+02,3.2184e+02,3.2182e+02,3.2181e+02,3.2180e+02,3.2180e+02,3.2180e+02,3.2180e+02,3.2179e+02,3.2178e+02,3.2177e+02,3.2175e+02,3.2173e+02,3.2170e+02,3.2168e+02,3.2165e+02,3.2163e+02,3.2160e+02,3.2157e+02,3.2154e+02,3.2151e+02,3.2148e+02,3.2145e+02,3.2141e+02,3.2138e+02,3.2135e+02,3.2131e+02,3.2127e+02,3.2123e+02,3.2119e+02,3.2114e+02,3.2109e+02,3.2104e+02,3.2098e+02,3.2092e+02,3.2086e+02,3.2078e+02,3.2071e+02,3.2062e+02,3.2053e+02,3.2045e+02,3.2036e+02,3.2029e+02,3.2022e+02,3.2015e+02,3.2009e+02,3.2004e+02,3.1998e+02,3.1994e+02,3.1989e+02,3.1985e+02,3.1981e+02,3.1978e+02,3.1974e+02,3.1971e+02,3.1968e+02,3.1965e+02,3.1962e+02,3.1959e+02,3.1957e+02,3.1954e+02,3.1952e+02,3.1950e+02,3.1947e+02,3.1945e+02,3.1943e+02,3.1941e+02,3.1940e+02,3.1938e+02,3.1936e+02,3.1935e+02,3.1934e+02,3.1932e+02,3.1931e+02,3.1930e+02,3.1930e+02,3.1929e+02,3.1928e+02,3.1928e+02,3.1928e+02,3.1927e+02,3.1927e+02,3.2189e+02,3.2189e+02,3.2189e+02,3.2188e+02,3.2188e+02,3.2187e+02,3.2187e+02,3.2186e+02,3.2185e+02,3.2184e+02,3.2183e+02,3.2182e+02,3.2180e+02,3.2179e+02,3.2178e+02,3.2176e+02,3.2174e+02,3.2173e+02,3.2171e+02,3.2170e+02,3.2168e+02,3.2167e+02,3.2166e+02,3.2165e+02,3.2164e+02,3.2163e+02,3.2162e+02,3.2161e+02,3.2159e+02,3.2157e+02,3.2155e+02,3.2153e+02,3.2150e+02,3.2148e+02,3.2145e+02,3.2142e+02,3.2140e+02,3.2137e+02,3.2134e+02,3.2131e+02,3.2128e+02,3.2125e+02,3.2122e+02,3.2118e+02,3.2115e+02,3.2111e+02,3.2107e+02,3.2103e+02,3.2099e+02,3.2094e+02,3.2090e+02,3.2084e+02,3.2079e+02,3.2073e+02,3.2067e+02,3.2060e+02,3.2053e+02,3.2045e+02,3.2038e+02,3.2031e+02,3.2025e+02,3.2018e+02,3.2012e+02,3.2007e+02,3.2002e+02,3.1997e+02,3.1993e+02,3.1989e+02,3.1985e+02,3.1981e+02,3.1978e+02,3.1975e+02,3.1972e+02,3.1969e+02,3.1966e+02,3.1963e+02,3.1961e+02,3.1958e+02,3.1956e+02,3.1954e+02,3.1951e+02,3.1949e+02,3.1947e+02,3.1946e+02,3.1944e+02,3.1942e+02,3.1941e+02,3.1939e+02,3.1938e+02,3.1937e+02,3.1936e+02,3.1935e+02,3.1934e+02,3.1933e+02,3.1932e+02,3.1932e+02,3.1931e+02,3.1931e+02,3.1931e+02,3.1931e+02,3.2175e+02,3.2175e+02,3.2174e+02,3.2174e+02,3.2174e+02,3.2173e+02,3.2172e+02,3.2172e+02,3.2171e+02,3.2170e+02,3.2169e+02,3.2168e+02,3.2166e+02,3.2165e+02,3.2164e+02,3.2162e+02,3.2161e+02,3.2159e+02,3.2158e+02,3.2156e+02,3.2155e+02,3.2153e+02,3.2152e+02,3.2150e+02,3.2149e+02,3.2148e+02,3.2146e+02,3.2145e+02,3.2143e+02,3.2141e+02,3.2139e+02,3.2137e+02,3.2134e+02,3.2132e+02,3.2130e+02,3.2127e+02,3.2124e+02,3.2122e+02,3.2119e+02,3.2116e+02,3.2113e+02,3.2110e+02,3.2107e+02,3.2104e+02,3.2101e+02,3.2097e+02,3.2094e+02,3.2090e+02,3.2086e+02,3.2082e+02,3.2077e+02,3.2072e+02,3.2067e+02,3.2062e+02,3.2057e+02,3.2051e+02,3.2045e+02,3.2038e+02,3.2032e+02,3.2026e+02,3.2020e+02,3.2015e+02,3.2010e+02,3.2005e+02,3.2000e+02,3.1996e+02,3.1992e+02,3.1988e+02,3.1984e+02,3.1981e+02,3.1978e+02,3.1975e+02,3.1972e+02,3.1969e+02,3.1967e+02,3.1964e+02,3.1962e+02,3.1959e+02,3.1957e+02,3.1955e+02,3.1953e+02,3.1951e+02,3.1949e+02,3.1948e+02,3.1946e+02,3.1944e+02,3.1943e+02,3.1942e+02,3.1940e+02,3.1939e+02,3.1938e+02,3.1937e+02,3.1936e+02,3.1936e+02,3.1935e+02,3.1935e+02,3.1934e+02,3.1934e+02,3.1934e+02,3.1934e+02,3.2161e+02,3.2161e+02,3.2160e+02,3.2160e+02,3.2160e+02,3.2159e+02,3.2159e+02,3.2158e+02,3.2157e+02,3.2156e+02,3.2155e+02,3.2154e+02,3.2153e+02,3.2152e+02,3.2150e+02,3.2149e+02,3.2148e+02,3.2146e+02,3.2145e+02,3.2143e+02,3.2141e+02,3.2140e+02,3.2138e+02,3.2137e+02,3.2135e+02,3.2134e+02,3.2132e+02,3.2131e+02,3.2129e+02,3.2127e+02,3.2125e+02,3.2123e+02,3.2120e+02,3.2118e+02,3.2116e+02,3.2113e+02,3.2111e+02,3.2108e+02,3.2106e+02,3.2103e+02,3.2100e+02,3.2097e+02,3.2094e+02,3.2091e+02,3.2088e+02,3.2085e+02,3.2082e+02,3.2078e+02,3.2074e+02,3.2070e+02,3.2066e+02,3.2062e+02,3.2058e+02,3.2053e+02,3.2048e+02,3.2043e+02,3.2037e+02,3.2032e+02,3.2027e+02,3.2022e+02,3.2016e+02,3.2012e+02,3.2007e+02,3.2002e+02,3.1998e+02,3.1994e+02,3.1991e+02,3.1987e+02,3.1984e+02,3.1981e+02,3.1978e+02,3.1975e+02,3.1972e+02,3.1969e+02,3.1967e+02,3.1965e+02,3.1962e+02,3.1960e+02,3.1958e+02,3.1956e+02,3.1954e+02,3.1953e+02,3.1951e+02,3.1949e+02,3.1948e+02,3.1946e+02,3.1945e+02,3.1944e+02,3.1943e+02,3.1941e+02,3.1941e+02,3.1940e+02,3.1939e+02,3.1938e+02,3.1938e+02,3.1937e+02,3.1937e+02,3.1937e+02,3.1936e+02,3.1936e+02,3.2148e+02,3.2147e+02,3.2147e+02,3.2147e+02,3.2147e+02,3.2146e+02,3.2146e+02,3.2145e+02,3.2144e+02,3.2143e+02,3.2142e+02,3.2141e+02,3.2140e+02,3.2139e+02,3.2138e+02,3.2136e+02,3.2135e+02,3.2134e+02,3.2132e+02,3.2131e+02,3.2129e+02,3.2128e+02,3.2126e+02,3.2124e+02,3.2123e+02,3.2121e+02,3.2120e+02,3.2118e+02,3.2116e+02,3.2114e+02,3.2112e+02,3.2110e+02,3.2108e+02,3.2105e+02,3.2103e+02,3.2101e+02,3.2098e+02,3.2096e+02,3.2094e+02,3.2091e+02,3.2088e+02,3.2086e+02,3.2083e+02,3.2080e+02,3.2077e+02,3.2074e+02,3.2071e+02,3.2068e+02,3.2064e+02,3.2061e+02,3.2057e+02,3.2053e+02,3.2049e+02,3.2045e+02,3.2040e+02,3.2036e+02,3.2031e+02,3.2026e+02,3.2022e+02,3.2017e+02,3.2013e+02,3.2008e+02,3.2004e+02,3.2000e+02,3.1996e+02,3.1993e+02,3.1989e+02,3.1986e+02,3.1983e+02,3.1980e+02,3.1977e+02,3.1975e+02,3.1972e+02,3.1970e+02,3.1967e+02,3.1965e+02,3.1963e+02,3.1961e+02,3.1959e+02,3.1957e+02,3.1955e+02,3.1954e+02,3.1952e+02,3.1951e+02,3.1949e+02,3.1948e+02,3.1947e+02,3.1945e+02,3.1944e+02,3.1943e+02,3.1943e+02,3.1942e+02,3.1941e+02,3.1940e+02,3.1940e+02,3.1939e+02,3.1939e+02,3.1939e+02,3.1939e+02,3.1939e+02,3.2135e+02,3.2135e+02,3.2135e+02,3.2135e+02,3.2134e+02,3.2134e+02,3.2133e+02,3.2133e+02,3.2132e+02,3.2131e+02,3.2130e+02,3.2129e+02,3.2128e+02,3.2127e+02,3.2126e+02,3.2125e+02,3.2123e+02,3.2122e+02,3.2120e+02,3.2119e+02,3.2118e+02,3.2116e+02,3.2114e+02,3.2113e+02,3.2111e+02,3.2110e+02,3.2108e+02,3.2106e+02,3.2104e+02,3.2102e+02,3.2100e+02,3.2098e+02,3.2096e+02,3.2094e+02,3.2092e+02,3.2090e+02,3.2088e+02,3.2085e+02,3.2083e+02,3.2080e+02,3.2078e+02,3.2075e+02,3.2073e+02,3.2070e+02,3.2067e+02,3.2065e+02,3.2062e+02,3.2059e+02,3.2055e+02,3.2052e+02,3.2049e+02,3.2045e+02,3.2041e+02,3.2037e+02,3.2033e+02,3.2029e+02,3.2025e+02,3.2021e+02,3.2017e+02,3.2013e+02,3.2009e+02,3.2005e+02,3.2001e+02,3.1998e+02,3.1994e+02,3.1991e+02,3.1988e+02,3.1985e+02,3.1982e+02,3.1979e+02,3.1977e+02,3.1974e+02,3.1972e+02,3.1970e+02,3.1967e+02,3.1965e+02,3.1963e+02,3.1962e+02,3.1960e+02,3.1958e+02,3.1956e+02,3.1955e+02,3.1953e+02,3.1952e+02,3.1951e+02,3.1949e+02,3.1948e+02,3.1947e+02,3.1946e+02,3.1945e+02,3.1944e+02,3.1944e+02,3.1943e+02,3.1942e+02,3.1942e+02,3.1941e+02,3.1941e+02,3.1941e+02,3.1941e+02,3.1941e+02,3.2124e+02,3.2123e+02,3.2123e+02,3.2123e+02,3.2123e+02,3.2122e+02,3.2122e+02,3.2121e+02,3.2121e+02,3.2120e+02,3.2119e+02,3.2118e+02,3.2117e+02,3.2116e+02,3.2115e+02,3.2114e+02,3.2112e+02,3.2111e+02,3.2110e+02,3.2108e+02,3.2107e+02,3.2105e+02,3.2104e+02,3.2102e+02,3.2101e+02,3.2099e+02,3.2097e+02,3.2096e+02,3.2094e+02,3.2092e+02,3.2090e+02,3.2088e+02,3.2086e+02,3.2084e+02,3.2082e+02,3.2080e+02,3.2078e+02,3.2076e+02,3.2073e+02,3.2071e+02,3.2069e+02,3.2066e+02,3.2064e+02,3.2061e+02,3.2059e+02,3.2056e+02,3.2053e+02,3.2050e+02,3.2047e+02,3.2044e+02,3.2041e+02,3.2038e+02,3.2035e+02,3.2031e+02,3.2028e+02,3.2024e+02,3.2020e+02,3.2017e+02,3.2013e+02,3.2009e+02,3.2006e+02,3.2002e+02,3.1999e+02,3.1996e+02,3.1993e+02,3.1989e+02,3.1987e+02,3.1984e+02,3.1981e+02,3.1979e+02,3.1976e+02,3.1974e+02,3.1972e+02,3.1970e+02,3.1968e+02,3.1966e+02,3.1964e+02,3.1962e+02,3.1960e+02,3.1959e+02,3.1957e+02,3.1956e+02,3.1954e+02,3.1953e+02,3.1952e+02,3.1951e+02,3.1949e+02,3.1948e+02,3.1947e+02,3.1947e+02,3.1946e+02,3.1945e+02,3.1945e+02,3.1944e+02,3.1944e+02,3.1943e+02,3.1943e+02,3.1943e+02,3.1942e+02,3.1942e+02,3.2113e+02,3.2113e+02,3.2113e+02,3.2112e+02,3.2112e+02,3.2112e+02,3.2111e+02,3.2111e+02,3.2110e+02,3.2109e+02,3.2109e+02,3.2108e+02,3.2107e+02,3.2106e+02,3.2105e+02,3.2104e+02,3.2102e+02,3.2101e+02,3.2100e+02,3.2098e+02,3.2097e+02,3.2096e+02,3.2094e+02,3.2093e+02,3.2091e+02,3.2089e+02,3.2088e+02,3.2086e+02,3.2084e+02,3.2083e+02,3.2081e+02,3.2079e+02,3.2077e+02,3.2075e+02,3.2073e+02,3.2071e+02,3.2069e+02,3.2067e+02,3.2065e+02,3.2063e+02,3.2061e+02,3.2058e+02,3.2056e+02,3.2054e+02,3.2051e+02,3.2049e+02,3.2046e+02,3.2043e+02,3.2041e+02,3.2038e+02,3.2035e+02,3.2032e+02,3.2029e+02,3.2026e+02,3.2022e+02,3.2019e+02,3.2016e+02,3.2013e+02,3.2009e+02,3.2006e+02,3.2003e+02,3.2000e+02,3.1997e+02,3.1994e+02,3.1991e+02,3.1988e+02,3.1985e+02,3.1983e+02,3.1980e+02,3.1978e+02,3.1976e+02,3.1973e+02,3.1971e+02,3.1969e+02,3.1968e+02,3.1966e+02,3.1964e+02,3.1962e+02,3.1961e+02,3.1959e+02,3.1958e+02,3.1956e+02,3.1955e+02,3.1954e+02,3.1953e+02,3.1952e+02,3.1951e+02,3.1950e+02,3.1949e+02,3.1948e+02,3.1947e+02,3.1947e+02,3.1946e+02,3.1945e+02,3.1945e+02,3.1945e+02,3.1944e+02,3.1944e+02,3.1944e+02,3.1944e+02,3.2103e+02,3.2103e+02,3.2103e+02,3.2103e+02,3.2102e+02,3.2102e+02,3.2102e+02,3.2101e+02,3.2100e+02,3.2100e+02,3.2099e+02,3.2098e+02,3.2097e+02,3.2096e+02,3.2095e+02,3.2094e+02,3.2093e+02,3.2092e+02,3.2091e+02,3.2089e+02,3.2088e+02,3.2087e+02,3.2085e+02,3.2084e+02,3.2082e+02,3.2081e+02,3.2079e+02,3.2078e+02,3.2076e+02,3.2074e+02,3.2073e+02,3.2071e+02,3.2069e+02,3.2067e+02,3.2065e+02,3.2063e+02,3.2061e+02,3.2059e+02,3.2057e+02,3.2055e+02,3.2053e+02,3.2051e+02,3.2049e+02,3.2047e+02,3.2044e+02,3.2042e+02,3.2039e+02,3.2037e+02,3.2034e+02,3.2032e+02,3.2029e+02,3.2026e+02,3.2024e+02,3.2021e+02,3.2018e+02,3.2015e+02,3.2012e+02,3.2009e+02,3.2006e+02,3.2003e+02,3.2000e+02,3.1997e+02,3.1994e+02,3.1992e+02,3.1989e+02,3.1986e+02,3.1984e+02,3.1982e+02,3.1979e+02,3.1977e+02,3.1975e+02,3.1973e+02,3.1971e+02,3.1969e+02,3.1967e+02,3.1966e+02,3.1964e+02,3.1963e+02,3.1961e+02,3.1960e+02,3.1958e+02,3.1957e+02,3.1956e+02,3.1955e+02,3.1953e+02,3.1952e+02,3.1952e+02,3.1951e+02,3.1950e+02,3.1949e+02,3.1948e+02,3.1948e+02,3.1947e+02,3.1947e+02,3.1946e+02,3.1946e+02,3.1946e+02,3.1945e+02,3.1945e+02,3.1945e+02,3.2094e+02,3.2094e+02,3.2094e+02,3.2094e+02,3.2094e+02,3.2093e+02,3.2093e+02,3.2092e+02,3.2092e+02,3.2091e+02,3.2090e+02,3.2090e+02,3.2089e+02,3.2088e+02,3.2087e+02,3.2086e+02,3.2085e+02,3.2084e+02,3.2083e+02,3.2081e+02,3.2080e+02,3.2079e+02,3.2077e+02,3.2076e+02,3.2075e+02,3.2073e+02,3.2072e+02,3.2070e+02,3.2068e+02,3.2067e+02,3.2065e+02,3.2063e+02,3.2062e+02,3.2060e+02,3.2058e+02,3.2056e+02,3.2054e+02,3.2053e+02,3.2051e+02,3.2049e+02,3.2047e+02,3.2045e+02,3.2043e+02,3.2040e+02,3.2038e+02,3.2036e+02,3.2034e+02,3.2031e+02,3.2029e+02,3.2027e+02,3.2024e+02,3.2022e+02,3.2019e+02,3.2016e+02,3.2014e+02,3.2011e+02,3.2008e+02,3.2006e+02,3.2003e+02,3.2000e+02,3.1997e+02,3.1995e+02,3.1992e+02,3.1990e+02,3.1987e+02,3.1985e+02,3.1983e+02,3.1981e+02,3.1978e+02,3.1976e+02,3.1974e+02,3.1973e+02,3.1971e+02,3.1969e+02,3.1967e+02,3.1966e+02,3.1964e+02,3.1963e+02,3.1961e+02,3.1960e+02,3.1959e+02,3.1957e+02,3.1956e+02,3.1955e+02,3.1954e+02,3.1953e+02,3.1952e+02,3.1951e+02,3.1951e+02,3.1950e+02,3.1949e+02,3.1949e+02,3.1948e+02,3.1948e+02,3.1947e+02,3.1947e+02,3.1947e+02,3.1947e+02,3.1947e+02,3.1946e+02,3.2086e+02,3.2086e+02,3.2086e+02,3.2086e+02,3.2086e+02,3.2085e+02,3.2085e+02,3.2084e+02,3.2084e+02,3.2083e+02,3.2083e+02,3.2082e+02,3.2081e+02,3.2080e+02,3.2079e+02,3.2078e+02,3.2077e+02,3.2076e+02,3.2075e+02,3.2074e+02,3.2073e+02,3.2071e+02,3.2070e+02,3.2069e+02,3.2067e+02,3.2066e+02,3.2065e+02,3.2063e+02,3.2062e+02,3.2060e+02,3.2058e+02,3.2057e+02,3.2055e+02,3.2054e+02,3.2052e+02,3.2050e+02,3.2048e+02,3.2047e+02,3.2045e+02,3.2043e+02,3.2041e+02,3.2039e+02,3.2037e+02,3.2035e+02,3.2033e+02,3.2031e+02,3.2029e+02,3.2027e+02,3.2024e+02,3.2022e+02,3.2020e+02,3.2017e+02,3.2015e+02,3.2013e+02,3.2010e+02,3.2008e+02,3.2005e+02,3.2003e+02,3.2000e+02,3.1998e+02,3.1995e+02,3.1993e+02,3.1991e+02,3.1988e+02,3.1986e+02,3.1984e+02,3.1982e+02,3.1980e+02,3.1978e+02,3.1976e+02,3.1974e+02,3.1972e+02,3.1970e+02,3.1969e+02,3.1967e+02,3.1966e+02,3.1964e+02,3.1963e+02,3.1962e+02,3.1960e+02,3.1959e+02,3.1958e+02,3.1957e+02,3.1956e+02,3.1955e+02,3.1954e+02,3.1953e+02,3.1952e+02,3.1952e+02,3.1951e+02,3.1950e+02,3.1950e+02,3.1949e+02,3.1949e+02,3.1948e+02,3.1948e+02,3.1948e+02,3.1948e+02,3.1948e+02,3.1948e+02,3.2079e+02,3.2079e+02,3.2079e+02,3.2079e+02,3.2079e+02,3.2078e+02,3.2078e+02,3.2077e+02,3.2077e+02,3.2076e+02,3.2076e+02,3.2075e+02,3.2074e+02,3.2073e+02,3.2073e+02,3.2072e+02,3.2071e+02,3.2070e+02,3.2069e+02,3.2067e+02,3.2066e+02,3.2065e+02,3.2064e+02,3.2063e+02,3.2061e+02,3.2060e+02,3.2058e+02,3.2057e+02,3.2056e+02,3.2054e+02,3.2053e+02,3.2051e+02,3.2049e+02,3.2048e+02,3.2046e+02,3.2045e+02,3.2043e+02,3.2041e+02,3.2039e+02,3.2038e+02,3.2036e+02,3.2034e+02,3.2032e+02,3.2030e+02,3.2028e+02,3.2026e+02,3.2024e+02,3.2022e+02,3.2020e+02,3.2018e+02,3.2016e+02,3.2014e+02,3.2011e+02,3.2009e+02,3.2007e+02,3.2005e+02,3.2002e+02,3.2000e+02,3.1998e+02,3.1995e+02,3.1993e+02,3.1991e+02,3.1989e+02,3.1987e+02,3.1985e+02,3.1983e+02,3.1981e+02,3.1979e+02,3.1977e+02,3.1975e+02,3.1973e+02,3.1972e+02,3.1970e+02,3.1969e+02,3.1967e+02,3.1966e+02,3.1964e+02,3.1963e+02,3.1962e+02,3.1960e+02,3.1959e+02,3.1958e+02,3.1957e+02,3.1956e+02,3.1955e+02,3.1954e+02,3.1954e+02,3.1953e+02,3.1952e+02,3.1952e+02,3.1951e+02,3.1950e+02,3.1950e+02,3.1950e+02,3.1949e+02,3.1949e+02,3.1949e+02,3.1949e+02,3.1948e+02,3.1948e+02,3.2073e+02,3.2073e+02,3.2073e+02,3.2072e+02,3.2072e+02,3.2072e+02,3.2072e+02,3.2071e+02,3.2071e+02,3.2070e+02,3.2069e+02,3.2069e+02,3.2068e+02,3.2067e+02,3.2066e+02,3.2066e+02,3.2065e+02,3.2064e+02,3.2063e+02,3.2062e+02,3.2061e+02,3.2059e+02,3.2058e+02,3.2057e+02,3.2056e+02,3.2054e+02,3.2053e+02,3.2052e+02,3.2050e+02,3.2049e+02,3.2047e+02,3.2046e+02,3.2044e+02,3.2043e+02,3.2041e+02,3.2040e+02,3.2038e+02,3.2037e+02,3.2035e+02,3.2033e+02,3.2031e+02,3.2030e+02,3.2028e+02,3.2026e+02,3.2024e+02,3.2022e+02,3.2020e+02,3.2019e+02,3.2017e+02,3.2015e+02,3.2013e+02,3.2010e+02,3.2008e+02,3.2006e+02,3.2004e+02,3.2002e+02,3.2000e+02,3.1998e+02,3.1996e+02,3.1994e+02,3.1991e+02,3.1989e+02,3.1987e+02,3.1985e+02,3.1983e+02,3.1982e+02,3.1980e+02,3.1978e+02,3.1976e+02,3.1974e+02,3.1973e+02,3.1971e+02,3.1970e+02,3.1968e+02,3.1967e+02,3.1966e+02,3.1964e+02,3.1963e+02,3.1962e+02,3.1961e+02,3.1960e+02,3.1959e+02,3.1958e+02,3.1957e+02,3.1956e+02,3.1955e+02,3.1954e+02,3.1953e+02,3.1953e+02,3.1952e+02,3.1952e+02,3.1951e+02,3.1951e+02,3.1950e+02,3.1950e+02,3.1950e+02,3.1950e+02,3.1949e+02,3.1949e+02,3.1949e+02,3.2067e+02,3.2067e+02,3.2067e+02,3.2067e+02,3.2067e+02,3.2066e+02,3.2066e+02,3.2066e+02,3.2065e+02,3.2065e+02,3.2064e+02,3.2063e+02,3.2063e+02,3.2062e+02,3.2061e+02,3.2060e+02,3.2059e+02,3.2059e+02,3.2058e+02,3.2057e+02,3.2056e+02,3.2054e+02,3.2053e+02,3.2052e+02,3.2051e+02,3.2050e+02,3.2048e+02,3.2047e+02,3.2046e+02,3.2044e+02,3.2043e+02,3.2042e+02,3.2040e+02,3.2039e+02,3.2037e+02,3.2036e+02,3.2034e+02,3.2033e+02,3.2031e+02,3.2029e+02,3.2028e+02,3.2026e+02,3.2024e+02,3.2023e+02,3.2021e+02,3.2019e+02,3.2017e+02,3.2015e+02,3.2013e+02,3.2012e+02,3.2010e+02,3.2008e+02,3.2006e+02,3.2004e+02,3.2002e+02,3.2000e+02,3.1998e+02,3.1996e+02,3.1994e+02,3.1992e+02,3.1990e+02,3.1988e+02,3.1986e+02,3.1984e+02,3.1982e+02,3.1981e+02,3.1979e+02,3.1977e+02,3.1976e+02,3.1974e+02,3.1972e+02,3.1971e+02,3.1969e+02,3.1968e+02,3.1967e+02,3.1965e+02,3.1964e+02,3.1963e+02,3.1962e+02,3.1961e+02,3.1960e+02,3.1959e+02,3.1958e+02,3.1957e+02,3.1956e+02,3.1955e+02,3.1955e+02,3.1954e+02,3.1953e+02,3.1953e+02,3.1952e+02,3.1952e+02,3.1951e+02,3.1951e+02,3.1951e+02,3.1950e+02,3.1950e+02,3.1950e+02,3.1950e+02,3.1950e+02,3.2062e+02,3.2062e+02,3.2062e+02,3.2062e+02,3.2062e+02,3.2062e+02,3.2061e+02,3.2061e+02,3.2060e+02,3.2060e+02,3.2059e+02,3.2059e+02,3.2058e+02,3.2057e+02,3.2057e+02,3.2056e+02,3.2055e+02,3.2054e+02,3.2053e+02,3.2052e+02,3.2051e+02,3.2050e+02,3.2049e+02,3.2048e+02,3.2047e+02,3.2046e+02,3.2044e+02,3.2043e+02,3.2042e+02,3.2040e+02,3.2039e+02,3.2038e+02,3.2036e+02,3.2035e+02,3.2034e+02,3.2032e+02,3.2031e+02,3.2029e+02,3.2028e+02,3.2026e+02,3.2024e+02,3.2023e+02,3.2021e+02,3.2019e+02,3.2018e+02,3.2016e+02,3.2014e+02,3.2013e+02,3.2011e+02,3.2009e+02,3.2007e+02,3.2005e+02,3.2003e+02,3.2002e+02,3.2000e+02,3.1998e+02,3.1996e+02,3.1994e+02,3.1992e+02,3.1990e+02,3.1989e+02,3.1987e+02,3.1985e+02,3.1983e+02,3.1981e+02,3.1980e+02,3.1978e+02,3.1977e+02,3.1975e+02,3.1973e+02,3.1972e+02,3.1971e+02,3.1969e+02,3.1968e+02,3.1967e+02,3.1965e+02,3.1964e+02,3.1963e+02,3.1962e+02,3.1961e+02,3.1960e+02,3.1959e+02,3.1958e+02,3.1957e+02,3.1956e+02,3.1956e+02,3.1955e+02,3.1954e+02,3.1954e+02,3.1953e+02,3.1953e+02,3.1952e+02,3.1952e+02,3.1951e+02,3.1951e+02,3.1951e+02,3.1951e+02,3.1951e+02,3.1950e+02,3.1950e+02,3.2058e+02,3.2058e+02,3.2058e+02,3.2058e+02,3.2058e+02,3.2058e+02,3.2057e+02,3.2057e+02,3.2056e+02,3.2056e+02,3.2055e+02,3.2055e+02,3.2054e+02,3.2054e+02,3.2053e+02,3.2052e+02,3.2051e+02,3.2050e+02,3.2049e+02,3.2048e+02,3.2048e+02,3.2046e+02,3.2045e+02,3.2044e+02,3.2043e+02,3.2042e+02,3.2041e+02,3.2040e+02,3.2038e+02,3.2037e+02,3.2036e+02,3.2035e+02,3.2033e+02,3.2032e+02,3.2030e+02,3.2029e+02,3.2028e+02,3.2026e+02,3.2025e+02,3.2023e+02,3.2022e+02,3.2020e+02,3.2019e+02,3.2017e+02,3.2015e+02,3.2014e+02,3.2012e+02,3.2010e+02,3.2009e+02,3.2007e+02,3.2005e+02,3.2003e+02,3.2002e+02,3.2000e+02,3.1998e+02,3.1996e+02,3.1994e+02,3.1993e+02,3.1991e+02,3.1989e+02,3.1987e+02,3.1986e+02,3.1984e+02,3.1982e+02,3.1981e+02,3.1979e+02,3.1977e+02,3.1976e+02,3.1974e+02,3.1973e+02,3.1972e+02,3.1970e+02,3.1969e+02,3.1968e+02,3.1966e+02,3.1965e+02,3.1964e+02,3.1963e+02,3.1962e+02,3.1961e+02,3.1960e+02,3.1959e+02,3.1958e+02,3.1957e+02,3.1957e+02,3.1956e+02,3.1955e+02,3.1955e+02,3.1954e+02,3.1954e+02,3.1953e+02,3.1953e+02,3.1952e+02,3.1952e+02,3.1952e+02,3.1951e+02,3.1951e+02,3.1951e+02,3.1951e+02,3.1951e+02,3.2055e+02,3.2055e+02,3.2055e+02,3.2055e+02,3.2054e+02,3.2054e+02,3.2054e+02,3.2054e+02,3.2053e+02,3.2053e+02,3.2052e+02,3.2052e+02,3.2051e+02,3.2050e+02,3.2050e+02,3.2049e+02,3.2048e+02,3.2047e+02,3.2046e+02,3.2045e+02,3.2044e+02,3.2044e+02,3.2042e+02,3.2041e+02,3.2040e+02,3.2039e+02,3.2038e+02,3.2037e+02,3.2036e+02,3.2034e+02,3.2033e+02,3.2032e+02,3.2031e+02,3.2029e+02,3.2028e+02,3.2027e+02,3.2025e+02,3.2024e+02,3.2022e+02,3.2021e+02,3.2019e+02,3.2018e+02,3.2016e+02,3.2015e+02,3.2013e+02,3.2012e+02,3.2010e+02,3.2008e+02,3.2007e+02,3.2005e+02,3.2003e+02,3.2002e+02,3.2000e+02,3.1998e+02,3.1997e+02,3.1995e+02,3.1993e+02,3.1992e+02,3.1990e+02,3.1988e+02,3.1986e+02,3.1985e+02,3.1983e+02,3.1982e+02,3.1980e+02,3.1978e+02,3.1977e+02,3.1975e+02,3.1974e+02,3.1973e+02,3.1971e+02,3.1970e+02,3.1969e+02,3.1967e+02,3.1966e+02,3.1965e+02,3.1964e+02,3.1963e+02,3.1962e+02,3.1961e+02,3.1960e+02,3.1959e+02,3.1958e+02,3.1958e+02,3.1957e+02,3.1956e+02,3.1955e+02,3.1955e+02,3.1954e+02,3.1954e+02,3.1953e+02,3.1953e+02,3.1953e+02,3.1952e+02,3.1952e+02,3.1952e+02,3.1952e+02,3.1951e+02,3.1951e+02,3.1951e+02,3.2052e+02,3.2052e+02,3.2052e+02,3.2052e+02,3.2052e+02,3.2052e+02,3.2051e+02,3.2051e+02,3.2050e+02,3.2050e+02,3.2050e+02,3.2049e+02,3.2048e+02,3.2048e+02,3.2047e+02,3.2046e+02,3.2046e+02,3.2045e+02,3.2044e+02,3.2043e+02,3.2042e+02,3.2041e+02,3.2040e+02,3.2039e+02,3.2038e+02,3.2037e+02,3.2036e+02,3.2035e+02,3.2034e+02,3.2032e+02,3.2031e+02,3.2030e+02,3.2029e+02,3.2027e+02,3.2026e+02,3.2025e+02,3.2023e+02,3.2022e+02,3.2020e+02,3.2019e+02,3.2018e+02,3.2016e+02,3.2015e+02,3.2013e+02,3.2012e+02,3.2010e+02,3.2009e+02,3.2007e+02,3.2005e+02,3.2004e+02,3.2002e+02,3.2000e+02,3.1999e+02,3.1997e+02,3.1996e+02,3.1994e+02,3.1992e+02,3.1991e+02,3.1989e+02,3.1987e+02,3.1986e+02,3.1984e+02,3.1983e+02,3.1981e+02,3.1979e+02,3.1978e+02,3.1977e+02,3.1975e+02,3.1974e+02,3.1972e+02,3.1971e+02,3.1970e+02,3.1969e+02,3.1967e+02,3.1966e+02,3.1965e+02,3.1964e+02,3.1963e+02,3.1962e+02,3.1961e+02,3.1960e+02,3.1959e+02,3.1958e+02,3.1958e+02,3.1957e+02,3.1956e+02,3.1956e+02,3.1955e+02,3.1955e+02,3.1954e+02,3.1954e+02,3.1953e+02,3.1953e+02,3.1953e+02,3.1952e+02,3.1952e+02,3.1952e+02,3.1952e+02,3.1952e+02,3.1952e+02,3.2050e+02,3.2050e+02,3.2050e+02,3.2050e+02,3.2050e+02,3.2050e+02,3.2049e+02,3.2049e+02,3.2049e+02,3.2048e+02,3.2048e+02,3.2047e+02,3.2046e+02,3.2046e+02,3.2045e+02,3.2044e+02,3.2044e+02,3.2043e+02,3.2042e+02,3.2041e+02,3.2040e+02,3.2039e+02,3.2038e+02,3.2037e+02,3.2036e+02,3.2035e+02,3.2034e+02,3.2033e+02,3.2032e+02,3.2031e+02,3.2030e+02,3.2028e+02,3.2027e+02,3.2026e+02,3.2024e+02,3.2023e+02,3.2022e+02,3.2020e+02,3.2019e+02,3.2018e+02,3.2016e+02,3.2015e+02,3.2013e+02,3.2012e+02,3.2010e+02,3.2009e+02,3.2007e+02,3.2006e+02,3.2004e+02,3.2003e+02,3.2001e+02,3.2000e+02,3.1998e+02,3.1996e+02,3.1995e+02,3.1993e+02,3.1991e+02,3.1990e+02,3.1988e+02,3.1987e+02,3.1985e+02,3.1984e+02,3.1982e+02,3.1981e+02,3.1979e+02,3.1978e+02,3.1976e+02,3.1975e+02,3.1973e+02,3.1972e+02,3.1971e+02,3.1970e+02,3.1968e+02,3.1967e+02,3.1966e+02,3.1965e+02,3.1964e+02,3.1963e+02,3.1962e+02,3.1961e+02,3.1960e+02,3.1959e+02,3.1959e+02,3.1958e+02,3.1957e+02,3.1956e+02,3.1956e+02,3.1955e+02,3.1955e+02,3.1954e+02,3.1954e+02,3.1953e+02,3.1953e+02,3.1953e+02,3.1952e+02,3.1952e+02,3.1952e+02,3.1952e+02,3.1952e+02,3.1952e+02,3.2049e+02,3.2049e+02,3.2049e+02,3.2049e+02,3.2049e+02,3.2048e+02,3.2048e+02,3.2048e+02,3.2047e+02,3.2047e+02,3.2046e+02,3.2046e+02,3.2045e+02,3.2045e+02,3.2044e+02,3.2043e+02,3.2043e+02,3.2042e+02,3.2041e+02,3.2040e+02,3.2039e+02,3.2038e+02,3.2037e+02,3.2036e+02,3.2035e+02,3.2034e+02,3.2033e+02,3.2032e+02,3.2031e+02,3.2030e+02,3.2028e+02,3.2027e+02,3.2026e+02,3.2025e+02,3.2024e+02,3.2022e+02,3.2021e+02,3.2020e+02,3.2018e+02,3.2017e+02,3.2015e+02,3.2014e+02,3.2013e+02,3.2011e+02,3.2010e+02,3.2008e+02,3.2007e+02,3.2005e+02,3.2004e+02,3.2002e+02,3.2000e+02,3.1999e+02,3.1997e+02,3.1996e+02,3.1994e+02,3.1993e+02,3.1991e+02,3.1989e+02,3.1988e+02,3.1986e+02,3.1985e+02,3.1983e+02,3.1982e+02,3.1980e+02,3.1979e+02,3.1977e+02,3.1976e+02,3.1975e+02,3.1973e+02,3.1972e+02,3.1971e+02,3.1970e+02,3.1968e+02,3.1967e+02,3.1966e+02,3.1965e+02,3.1964e+02,3.1963e+02,3.1962e+02,3.1961e+02,3.1960e+02,3.1959e+02,3.1959e+02,3.1958e+02,3.1957e+02,3.1957e+02,3.1956e+02,3.1955e+02,3.1955e+02,3.1954e+02,3.1954e+02,3.1953e+02,3.1953e+02,3.1953e+02,3.1953e+02,3.1952e+02,3.1952e+02,3.1952e+02,3.1952e+02,3.1952e+02,3.2048e+02,3.2048e+02,3.2048e+02,3.2048e+02,3.2048e+02,3.2048e+02,3.2047e+02,3.2047e+02,3.2047e+02,3.2046e+02,3.2046e+02,3.2045e+02,3.2045e+02,3.2044e+02,3.2043e+02,3.2043e+02,3.2042e+02,3.2041e+02,3.2040e+02,3.2039e+02,3.2039e+02,3.2038e+02,3.2037e+02,3.2036e+02,3.2035e+02,3.2034e+02,3.2033e+02,3.2031e+02,3.2030e+02,3.2029e+02,3.2028e+02,3.2027e+02,3.2026e+02,3.2024e+02,3.2023e+02,3.2022e+02,3.2020e+02,3.2019e+02,3.2018e+02,3.2016e+02,3.2015e+02,3.2014e+02,3.2012e+02,3.2011e+02,3.2009e+02,3.2008e+02,3.2006e+02,3.2005e+02,3.2003e+02,3.2002e+02,3.2000e+02,3.1999e+02,3.1997e+02,3.1995e+02,3.1994e+02,3.1992e+02,3.1991e+02,3.1989e+02,3.1988e+02,3.1986e+02,3.1985e+02,3.1983e+02,3.1982e+02,3.1980e+02,3.1979e+02,3.1977e+02,3.1976e+02,3.1975e+02,3.1973e+02,3.1972e+02,3.1971e+02,3.1969e+02,3.1968e+02,3.1967e+02,3.1966e+02,3.1965e+02,3.1964e+02,3.1963e+02,3.1962e+02,3.1961e+02,3.1960e+02,3.1959e+02,3.1959e+02,3.1958e+02,3.1957e+02,3.1957e+02,3.1956e+02,3.1955e+02,3.1955e+02,3.1954e+02,3.1954e+02,3.1954e+02,3.1953e+02,3.1953e+02,3.1953e+02,3.1952e+02,3.1952e+02,3.1952e+02,3.1952e+02,3.1952e+02,3.2201e+02,3.2201e+02,3.2202e+02,3.2202e+02,3.2203e+02,3.2203e+02,3.2204e+02,3.2205e+02,3.2206e+02,3.2207e+02,3.2208e+02,3.2209e+02,3.2211e+02,3.2212e+02,3.2214e+02,3.2216e+02,3.2217e+02,3.2219e+02,3.2221e+02,3.2223e+02,3.2225e+02,3.2227e+02,3.2229e+02,3.2231e+02,3.2233e+02,3.2235e+02,3.2237e+02,3.2239e+02,3.2241e+02,3.2243e+02,3.2245e+02,3.2246e+02,3.2248e+02,3.2249e+02,3.2251e+02,3.2252e+02,3.2253e+02,3.2254e+02,3.2255e+02,3.2256e+02,3.2256e+02,3.2256e+02,3.2257e+02,3.2257e+02,3.2257e+02,3.2257e+02,3.2256e+02,3.2256e+02,3.2255e+02,3.2255e+02,3.2254e+02,3.2253e+02,3.2252e+02,3.2250e+02,3.2249e+02,3.2247e+02,3.2246e+02,3.2244e+02,3.2242e+02,3.2240e+02,3.2238e+02,3.2236e+02,3.2234e+02,3.2232e+02,3.2230e+02,3.2228e+02,3.2226e+02,3.2223e+02,3.2221e+02,3.2219e+02,3.2216e+02,3.2214e+02,3.2211e+02,3.2209e+02,3.2207e+02,3.2204e+02,3.2202e+02,3.2200e+02,3.2197e+02,3.2195e+02,3.2193e+02,3.2191e+02,3.2189e+02,3.2187e+02,3.2185e+02,3.2183e+02,3.2181e+02,3.2180e+02,3.2178e+02,3.2177e+02,3.2175e+02,3.2174e+02,3.2173e+02,3.2172e+02,3.2171e+02,3.2170e+02,3.2170e+02,3.2169e+02,3.2169e+02,3.2169e+02,3.2201e+02,3.2201e+02,3.2202e+02,3.2202e+02,3.2203e+02,3.2203e+02,3.2204e+02,3.2205e+02,3.2206e+02,3.2207e+02,3.2208e+02,3.2209e+02,3.2211e+02,3.2212e+02,3.2214e+02,3.2216e+02,3.2218e+02,3.2219e+02,3.2221e+02,3.2223e+02,3.2225e+02,3.2227e+02,3.2229e+02,3.2231e+02,3.2234e+02,3.2236e+02,3.2238e+02,3.2240e+02,3.2242e+02,3.2243e+02,3.2245e+02,3.2247e+02,3.2248e+02,3.2250e+02,3.2251e+02,3.2253e+02,3.2254e+02,3.2255e+02,3.2256e+02,3.2256e+02,3.2257e+02,3.2257e+02,3.2258e+02,3.2258e+02,3.2258e+02,3.2258e+02,3.2257e+02,3.2257e+02,3.2256e+02,3.2255e+02,3.2254e+02,3.2253e+02,3.2252e+02,3.2251e+02,3.2250e+02,3.2248e+02,3.2246e+02,3.2245e+02,3.2243e+02,3.2241e+02,3.2239e+02,3.2237e+02,3.2235e+02,3.2233e+02,3.2231e+02,3.2228e+02,3.2226e+02,3.2224e+02,3.2221e+02,3.2219e+02,3.2217e+02,3.2214e+02,3.2212e+02,3.2209e+02,3.2207e+02,3.2205e+02,3.2202e+02,3.2200e+02,3.2198e+02,3.2195e+02,3.2193e+02,3.2191e+02,3.2189e+02,3.2187e+02,3.2185e+02,3.2183e+02,3.2181e+02,3.2180e+02,3.2178e+02,3.2176e+02,3.2175e+02,3.2174e+02,3.2173e+02,3.2172e+02,3.2171e+02,3.2170e+02,3.2170e+02,3.2169e+02,3.2169e+02,3.2169e+02,3.2201e+02,3.2202e+02,3.2202e+02,3.2202e+02,3.2203e+02,3.2203e+02,3.2204e+02,3.2205e+02,3.2206e+02,3.2207e+02,3.2208e+02,3.2210e+02,3.2211e+02,3.2213e+02,3.2214e+02,3.2216e+02,3.2218e+02,3.2220e+02,3.2222e+02,3.2224e+02,3.2226e+02,3.2228e+02,3.2230e+02,3.2232e+02,3.2235e+02,3.2237e+02,3.2239e+02,3.2241e+02,3.2243e+02,3.2245e+02,3.2247e+02,3.2248e+02,3.2250e+02,3.2251e+02,3.2253e+02,3.2254e+02,3.2255e+02,3.2256e+02,3.2257e+02,3.2258e+02,3.2259e+02,3.2259e+02,3.2259e+02,3.2259e+02,3.2259e+02,3.2259e+02,3.2259e+02,3.2258e+02,3.2258e+02,3.2257e+02,3.2256e+02,3.2255e+02,3.2254e+02,3.2252e+02,3.2251e+02,3.2249e+02,3.2248e+02,3.2246e+02,3.2244e+02,3.2242e+02,3.2240e+02,3.2238e+02,3.2236e+02,3.2234e+02,3.2231e+02,3.2229e+02,3.2227e+02,3.2224e+02,3.2222e+02,3.2220e+02,3.2217e+02,3.2215e+02,3.2212e+02,3.2210e+02,3.2207e+02,3.2205e+02,3.2203e+02,3.2200e+02,3.2198e+02,3.2195e+02,3.2193e+02,3.2191e+02,3.2189e+02,3.2187e+02,3.2185e+02,3.2183e+02,3.2181e+02,3.2179e+02,3.2178e+02,3.2176e+02,3.2175e+02,3.2174e+02,3.2172e+02,3.2171e+02,3.2171e+02,3.2170e+02,3.2169e+02,3.2169e+02,3.2169e+02,3.2168e+02,3.2202e+02,3.2202e+02,3.2202e+02,3.2202e+02,3.2203e+02,3.2204e+02,3.2204e+02,3.2205e+02,3.2206e+02,3.2207e+02,3.2209e+02,3.2210e+02,3.2212e+02,3.2213e+02,3.2215e+02,3.2217e+02,3.2219e+02,3.2221e+02,3.2223e+02,3.2225e+02,3.2227e+02,3.2229e+02,3.2231e+02,3.2234e+02,3.2236e+02,3.2238e+02,3.2240e+02,3.2243e+02,3.2245e+02,3.2247e+02,3.2249e+02,3.2250e+02,3.2252e+02,3.2254e+02,3.2255e+02,3.2257e+02,3.2258e+02,3.2259e+02,3.2260e+02,3.2260e+02,3.2261e+02,3.2262e+02,3.2262e+02,3.2262e+02,3.2262e+02,3.2262e+02,3.2261e+02,3.2261e+02,3.2260e+02,3.2259e+02,3.2258e+02,3.2257e+02,3.2256e+02,3.2255e+02,3.2253e+02,3.2252e+02,3.2250e+02,3.2248e+02,3.2246e+02,3.2244e+02,3.2242e+02,3.2240e+02,3.2238e+02,3.2235e+02,3.2233e+02,3.2231e+02,3.2228e+02,3.2226e+02,3.2223e+02,3.2221e+02,3.2218e+02,3.2216e+02,3.2213e+02,3.2211e+02,3.2208e+02,3.2206e+02,3.2203e+02,3.2201e+02,3.2198e+02,3.2196e+02,3.2193e+02,3.2191e+02,3.2189e+02,3.2187e+02,3.2185e+02,3.2183e+02,3.2181e+02,3.2179e+02,3.2177e+02,3.2176e+02,3.2174e+02,3.2173e+02,3.2172e+02,3.2171e+02,3.2170e+02,3.2169e+02,3.2169e+02,3.2168e+02,3.2168e+02,3.2168e+02,3.2202e+02,3.2202e+02,3.2202e+02,3.2203e+02,3.2203e+02,3.2204e+02,3.2205e+02,3.2206e+02,3.2207e+02,3.2208e+02,3.2209e+02,3.2211e+02,3.2212e+02,3.2214e+02,3.2216e+02,3.2218e+02,3.2220e+02,3.2222e+02,3.2224e+02,3.2226e+02,3.2228e+02,3.2231e+02,3.2233e+02,3.2236e+02,3.2238e+02,3.2240e+02,3.2243e+02,3.2245e+02,3.2247e+02,3.2249e+02,3.2251e+02,3.2253e+02,3.2255e+02,3.2257e+02,3.2258e+02,3.2260e+02,3.2261e+02,3.2262e+02,3.2263e+02,3.2264e+02,3.2265e+02,3.2265e+02,3.2265e+02,3.2265e+02,3.2265e+02,3.2265e+02,3.2265e+02,3.2264e+02,3.2263e+02,3.2263e+02,3.2262e+02,3.2260e+02,3.2259e+02,3.2258e+02,3.2256e+02,3.2254e+02,3.2253e+02,3.2251e+02,3.2249e+02,3.2246e+02,3.2244e+02,3.2242e+02,3.2240e+02,3.2237e+02,3.2235e+02,3.2232e+02,3.2230e+02,3.2227e+02,3.2225e+02,3.2222e+02,3.2219e+02,3.2217e+02,3.2214e+02,3.2212e+02,3.2209e+02,3.2206e+02,3.2204e+02,3.2201e+02,3.2199e+02,3.2196e+02,3.2194e+02,3.2191e+02,3.2189e+02,3.2187e+02,3.2185e+02,3.2183e+02,3.2181e+02,3.2179e+02,3.2177e+02,3.2175e+02,3.2174e+02,3.2173e+02,3.2171e+02,3.2170e+02,3.2169e+02,3.2169e+02,3.2168e+02,3.2167e+02,3.2167e+02,3.2167e+02,3.2202e+02,3.2202e+02,3.2202e+02,3.2203e+02,3.2203e+02,3.2204e+02,3.2205e+02,3.2206e+02,3.2207e+02,3.2208e+02,3.2210e+02,3.2211e+02,3.2213e+02,3.2215e+02,3.2217e+02,3.2219e+02,3.2221e+02,3.2223e+02,3.2225e+02,3.2228e+02,3.2230e+02,3.2233e+02,3.2235e+02,3.2238e+02,3.2240e+02,3.2243e+02,3.2245e+02,3.2248e+02,3.2250e+02,3.2253e+02,3.2255e+02,3.2257e+02,3.2259e+02,3.2261e+02,3.2262e+02,3.2264e+02,3.2265e+02,3.2266e+02,3.2267e+02,3.2268e+02,3.2269e+02,3.2269e+02,3.2270e+02,3.2270e+02,3.2270e+02,3.2270e+02,3.2269e+02,3.2268e+02,3.2268e+02,3.2267e+02,3.2266e+02,3.2264e+02,3.2263e+02,3.2261e+02,3.2260e+02,3.2258e+02,3.2256e+02,3.2254e+02,3.2252e+02,3.2250e+02,3.2247e+02,3.2245e+02,3.2242e+02,3.2240e+02,3.2237e+02,3.2235e+02,3.2232e+02,3.2229e+02,3.2227e+02,3.2224e+02,3.2221e+02,3.2218e+02,3.2216e+02,3.2213e+02,3.2210e+02,3.2207e+02,3.2205e+02,3.2202e+02,3.2199e+02,3.2197e+02,3.2194e+02,3.2192e+02,3.2189e+02,3.2187e+02,3.2185e+02,3.2182e+02,3.2180e+02,3.2178e+02,3.2177e+02,3.2175e+02,3.2173e+02,3.2172e+02,3.2171e+02,3.2169e+02,3.2168e+02,3.2168e+02,3.2167e+02,3.2166e+02,3.2166e+02,3.2166e+02,3.2202e+02,3.2202e+02,3.2203e+02,3.2203e+02,3.2204e+02,3.2204e+02,3.2205e+02,3.2206e+02,3.2208e+02,3.2209e+02,3.2210e+02,3.2212e+02,3.2214e+02,3.2216e+02,3.2218e+02,3.2220e+02,3.2222e+02,3.2225e+02,3.2227e+02,3.2230e+02,3.2232e+02,3.2235e+02,3.2238e+02,3.2241e+02,3.2243e+02,3.2246e+02,3.2249e+02,3.2252e+02,3.2254e+02,3.2257e+02,3.2259e+02,3.2261e+02,3.2263e+02,3.2265e+02,3.2267e+02,3.2269e+02,3.2270e+02,3.2272e+02,3.2273e+02,3.2274e+02,3.2274e+02,3.2275e+02,3.2275e+02,3.2275e+02,3.2275e+02,3.2275e+02,3.2274e+02,3.2274e+02,3.2273e+02,3.2272e+02,3.2271e+02,3.2269e+02,3.2268e+02,3.2266e+02,3.2264e+02,3.2262e+02,3.2260e+02,3.2258e+02,3.2256e+02,3.2253e+02,3.2251e+02,3.2248e+02,3.2246e+02,3.2243e+02,3.2240e+02,3.2237e+02,3.2235e+02,3.2232e+02,3.2229e+02,3.2226e+02,3.2223e+02,3.2220e+02,3.2217e+02,3.2214e+02,3.2211e+02,3.2209e+02,3.2206e+02,3.2203e+02,3.2200e+02,3.2197e+02,3.2195e+02,3.2192e+02,3.2189e+02,3.2187e+02,3.2184e+02,3.2182e+02,3.2180e+02,3.2178e+02,3.2176e+02,3.2174e+02,3.2172e+02,3.2171e+02,3.2170e+02,3.2168e+02,3.2167e+02,3.2166e+02,3.2166e+02,3.2165e+02,3.2165e+02,3.2165e+02,3.2202e+02,3.2202e+02,3.2203e+02,3.2203e+02,3.2204e+02,3.2205e+02,3.2206e+02,3.2207e+02,3.2208e+02,3.2209e+02,3.2211e+02,3.2213e+02,3.2215e+02,3.2217e+02,3.2219e+02,3.2221e+02,3.2224e+02,3.2227e+02,3.2229e+02,3.2232e+02,3.2235e+02,3.2238e+02,3.2241e+02,3.2244e+02,3.2247e+02,3.2250e+02,3.2253e+02,3.2256e+02,3.2259e+02,3.2262e+02,3.2264e+02,3.2267e+02,3.2269e+02,3.2271e+02,3.2273e+02,3.2275e+02,3.2276e+02,3.2278e+02,3.2279e+02,3.2280e+02,3.2281e+02,3.2281e+02,3.2282e+02,3.2282e+02,3.2282e+02,3.2281e+02,3.2281e+02,3.2280e+02,3.2279e+02,3.2278e+02,3.2277e+02,3.2275e+02,3.2274e+02,3.2272e+02,3.2270e+02,3.2268e+02,3.2265e+02,3.2263e+02,3.2260e+02,3.2258e+02,3.2255e+02,3.2252e+02,3.2249e+02,3.2246e+02,3.2244e+02,3.2241e+02,3.2238e+02,3.2235e+02,3.2231e+02,3.2228e+02,3.2225e+02,3.2222e+02,3.2219e+02,3.2216e+02,3.2213e+02,3.2210e+02,3.2207e+02,3.2204e+02,3.2201e+02,3.2198e+02,3.2195e+02,3.2192e+02,3.2189e+02,3.2187e+02,3.2184e+02,3.2182e+02,3.2179e+02,3.2177e+02,3.2175e+02,3.2173e+02,3.2171e+02,3.2170e+02,3.2168e+02,3.2167e+02,3.2166e+02,3.2165e+02,3.2164e+02,3.2164e+02,3.2163e+02,3.2163e+02,3.2202e+02,3.2203e+02,3.2203e+02,3.2203e+02,3.2204e+02,3.2205e+02,3.2206e+02,3.2207e+02,3.2209e+02,3.2210e+02,3.2212e+02,3.2214e+02,3.2216e+02,3.2218e+02,3.2220e+02,3.2223e+02,3.2226e+02,3.2229e+02,3.2232e+02,3.2235e+02,3.2238e+02,3.2241e+02,3.2245e+02,3.2248e+02,3.2251e+02,3.2255e+02,3.2258e+02,3.2261e+02,3.2264e+02,3.2267e+02,3.2270e+02,3.2273e+02,3.2276e+02,3.2278e+02,3.2280e+02,3.2282e+02,3.2284e+02,3.2285e+02,3.2287e+02,3.2288e+02,3.2288e+02,3.2289e+02,3.2289e+02,3.2289e+02,3.2289e+02,3.2289e+02,3.2288e+02,3.2288e+02,3.2287e+02,3.2285e+02,3.2284e+02,3.2282e+02,3.2280e+02,3.2278e+02,3.2276e+02,3.2274e+02,3.2271e+02,3.2269e+02,3.2266e+02,3.2263e+02,3.2260e+02,3.2257e+02,3.2254e+02,3.2251e+02,3.2247e+02,3.2244e+02,3.2241e+02,3.2238e+02,3.2235e+02,3.2231e+02,3.2228e+02,3.2225e+02,3.2221e+02,3.2218e+02,3.2215e+02,3.2211e+02,3.2208e+02,3.2205e+02,3.2202e+02,3.2199e+02,3.2196e+02,3.2193e+02,3.2190e+02,3.2187e+02,3.2184e+02,3.2181e+02,3.2179e+02,3.2176e+02,3.2174e+02,3.2172e+02,3.2170e+02,3.2168e+02,3.2167e+02,3.2165e+02,3.2164e+02,3.2163e+02,3.2162e+02,3.2162e+02,3.2161e+02,3.2161e+02,3.2203e+02,3.2203e+02,3.2203e+02,3.2204e+02,3.2204e+02,3.2205e+02,3.2206e+02,3.2208e+02,3.2209e+02,3.2211e+02,3.2213e+02,3.2215e+02,3.2217e+02,3.2219e+02,3.2222e+02,3.2225e+02,3.2228e+02,3.2231e+02,3.2234e+02,3.2238e+02,3.2241e+02,3.2245e+02,3.2249e+02,3.2252e+02,3.2256e+02,3.2260e+02,3.2264e+02,3.2267e+02,3.2271e+02,3.2274e+02,3.2277e+02,3.2280e+02,3.2283e+02,3.2286e+02,3.2288e+02,3.2290e+02,3.2292e+02,3.2294e+02,3.2295e+02,3.2296e+02,3.2297e+02,3.2298e+02,3.2298e+02,3.2298e+02,3.2298e+02,3.2298e+02,3.2297e+02,3.2296e+02,3.2295e+02,3.2294e+02,3.2292e+02,3.2290e+02,3.2288e+02,3.2286e+02,3.2283e+02,3.2281e+02,3.2278e+02,3.2275e+02,3.2272e+02,3.2269e+02,3.2266e+02,3.2262e+02,3.2259e+02,3.2255e+02,3.2252e+02,3.2249e+02,3.2245e+02,3.2241e+02,3.2238e+02,3.2234e+02,3.2231e+02,3.2227e+02,3.2224e+02,3.2220e+02,3.2217e+02,3.2213e+02,3.2210e+02,3.2206e+02,3.2203e+02,3.2199e+02,3.2196e+02,3.2193e+02,3.2190e+02,3.2187e+02,3.2184e+02,3.2181e+02,3.2178e+02,3.2175e+02,3.2173e+02,3.2171e+02,3.2169e+02,3.2167e+02,3.2165e+02,3.2164e+02,3.2162e+02,3.2161e+02,3.2160e+02,3.2160e+02,3.2159e+02,3.2159e+02,3.2203e+02,3.2203e+02,3.2203e+02,3.2204e+02,3.2205e+02,3.2206e+02,3.2207e+02,3.2208e+02,3.2210e+02,3.2212e+02,3.2214e+02,3.2216e+02,3.2218e+02,3.2221e+02,3.2224e+02,3.2227e+02,3.2230e+02,3.2234e+02,3.2237e+02,3.2241e+02,3.2245e+02,3.2249e+02,3.2253e+02,3.2258e+02,3.2262e+02,3.2266e+02,3.2270e+02,3.2274e+02,3.2278e+02,3.2282e+02,3.2286e+02,3.2289e+02,3.2292e+02,3.2295e+02,3.2298e+02,3.2300e+02,3.2302e+02,3.2304e+02,3.2306e+02,3.2307e+02,3.2308e+02,3.2308e+02,3.2309e+02,3.2309e+02,3.2309e+02,3.2308e+02,3.2307e+02,3.2306e+02,3.2305e+02,3.2304e+02,3.2302e+02,3.2300e+02,3.2297e+02,3.2295e+02,3.2292e+02,3.2289e+02,3.2286e+02,3.2283e+02,3.2279e+02,3.2276e+02,3.2272e+02,3.2268e+02,3.2265e+02,3.2261e+02,3.2257e+02,3.2253e+02,3.2249e+02,3.2246e+02,3.2242e+02,3.2238e+02,3.2234e+02,3.2230e+02,3.2227e+02,3.2223e+02,3.2219e+02,3.2215e+02,3.2211e+02,3.2208e+02,3.2204e+02,3.2200e+02,3.2197e+02,3.2193e+02,3.2190e+02,3.2186e+02,3.2183e+02,3.2180e+02,3.2177e+02,3.2174e+02,3.2171e+02,3.2169e+02,3.2167e+02,3.2165e+02,3.2163e+02,3.2161e+02,3.2160e+02,3.2159e+02,3.2158e+02,3.2157e+02,3.2157e+02,3.2156e+02,3.2203e+02,3.2203e+02,3.2203e+02,3.2204e+02,3.2205e+02,3.2206e+02,3.2207e+02,3.2209e+02,3.2210e+02,3.2212e+02,3.2214e+02,3.2217e+02,3.2219e+02,3.2222e+02,3.2225e+02,3.2229e+02,3.2233e+02,3.2236e+02,3.2241e+02,3.2245e+02,3.2249e+02,3.2254e+02,3.2259e+02,3.2263e+02,3.2268e+02,3.2273e+02,3.2278e+02,3.2283e+02,3.2287e+02,3.2291e+02,3.2295e+02,3.2299e+02,3.2303e+02,3.2306e+02,3.2309e+02,3.2311e+02,3.2314e+02,3.2316e+02,3.2317e+02,3.2319e+02,3.2320e+02,3.2320e+02,3.2321e+02,3.2321e+02,3.2321e+02,3.2320e+02,3.2319e+02,3.2318e+02,3.2317e+02,3.2315e+02,3.2313e+02,3.2310e+02,3.2308e+02,3.2305e+02,3.2302e+02,3.2298e+02,3.2295e+02,3.2291e+02,3.2287e+02,3.2283e+02,3.2279e+02,3.2275e+02,3.2271e+02,3.2267e+02,3.2263e+02,3.2258e+02,3.2254e+02,3.2250e+02,3.2246e+02,3.2242e+02,3.2238e+02,3.2234e+02,3.2230e+02,3.2226e+02,3.2221e+02,3.2217e+02,3.2213e+02,3.2209e+02,3.2205e+02,3.2201e+02,3.2197e+02,3.2193e+02,3.2190e+02,3.2186e+02,3.2182e+02,3.2179e+02,3.2176e+02,3.2173e+02,3.2170e+02,3.2167e+02,3.2165e+02,3.2162e+02,3.2160e+02,3.2159e+02,3.2157e+02,3.2156e+02,3.2155e+02,3.2154e+02,3.2154e+02,3.2153e+02,3.2203e+02,3.2203e+02,3.2203e+02,3.2204e+02,3.2205e+02,3.2206e+02,3.2207e+02,3.2209e+02,3.2211e+02,3.2213e+02,3.2215e+02,3.2218e+02,3.2221e+02,3.2224e+02,3.2227e+02,3.2231e+02,3.2235e+02,3.2239e+02,3.2244e+02,3.2249e+02,3.2254e+02,3.2259e+02,3.2265e+02,3.2270e+02,3.2276e+02,3.2281e+02,3.2287e+02,3.2292e+02,3.2297e+02,3.2302e+02,3.2306e+02,3.2311e+02,3.2315e+02,3.2318e+02,3.2321e+02,3.2324e+02,3.2327e+02,3.2329e+02,3.2331e+02,3.2332e+02,3.2333e+02,3.2334e+02,3.2335e+02,3.2335e+02,3.2334e+02,3.2334e+02,3.2333e+02,3.2332e+02,3.2330e+02,3.2328e+02,3.2326e+02,3.2323e+02,3.2320e+02,3.2317e+02,3.2313e+02,3.2309e+02,3.2305e+02,3.2301e+02,3.2296e+02,3.2292e+02,3.2287e+02,3.2283e+02,3.2278e+02,3.2273e+02,3.2269e+02,3.2264e+02,3.2260e+02,3.2255e+02,3.2251e+02,3.2246e+02,3.2242e+02,3.2237e+02,3.2233e+02,3.2229e+02,3.2224e+02,3.2220e+02,3.2215e+02,3.2211e+02,3.2206e+02,3.2202e+02,3.2198e+02,3.2193e+02,3.2189e+02,3.2185e+02,3.2181e+02,3.2178e+02,3.2174e+02,3.2171e+02,3.2168e+02,3.2165e+02,3.2162e+02,3.2160e+02,3.2157e+02,3.2155e+02,3.2154e+02,3.2152e+02,3.2151e+02,3.2150e+02,3.2150e+02,3.2150e+02,3.2202e+02,3.2203e+02,3.2203e+02,3.2204e+02,3.2205e+02,3.2206e+02,3.2207e+02,3.2209e+02,3.2211e+02,3.2213e+02,3.2216e+02,3.2219e+02,3.2222e+02,3.2225e+02,3.2229e+02,3.2233e+02,3.2238e+02,3.2243e+02,3.2248e+02,3.2253e+02,3.2259e+02,3.2265e+02,3.2271e+02,3.2278e+02,3.2284e+02,3.2290e+02,3.2297e+02,3.2303e+02,3.2309e+02,3.2314e+02,3.2319e+02,3.2324e+02,3.2329e+02,3.2333e+02,3.2336e+02,3.2339e+02,3.2342e+02,3.2345e+02,3.2347e+02,3.2348e+02,3.2349e+02,3.2350e+02,3.2351e+02,3.2351e+02,3.2350e+02,3.2350e+02,3.2348e+02,3.2347e+02,3.2345e+02,3.2343e+02,3.2340e+02,3.2337e+02,3.2334e+02,3.2330e+02,3.2326e+02,3.2321e+02,3.2316e+02,3.2312e+02,3.2306e+02,3.2301e+02,3.2296e+02,3.2291e+02,3.2286e+02,3.2281e+02,3.2275e+02,3.2270e+02,3.2266e+02,3.2261e+02,3.2256e+02,3.2251e+02,3.2246e+02,3.2241e+02,3.2236e+02,3.2232e+02,3.2227e+02,3.2222e+02,3.2217e+02,3.2212e+02,3.2208e+02,3.2203e+02,3.2198e+02,3.2193e+02,3.2189e+02,3.2184e+02,3.2180e+02,3.2176e+02,3.2172e+02,3.2168e+02,3.2165e+02,3.2162e+02,3.2159e+02,3.2156e+02,3.2154e+02,3.2152e+02,3.2150e+02,3.2148e+02,3.2147e+02,3.2146e+02,3.2146e+02,3.2145e+02,3.2202e+02,3.2202e+02,3.2203e+02,3.2203e+02,3.2204e+02,3.2206e+02,3.2207e+02,3.2209e+02,3.2211e+02,3.2213e+02,3.2216e+02,3.2219e+02,3.2223e+02,3.2227e+02,3.2231e+02,3.2235e+02,3.2240e+02,3.2246e+02,3.2252e+02,3.2258e+02,3.2264e+02,3.2271e+02,3.2278e+02,3.2286e+02,3.2293e+02,3.2301e+02,3.2308e+02,3.2315e+02,3.2322e+02,3.2328e+02,3.2334e+02,3.2340e+02,3.2345e+02,3.2349e+02,3.2353e+02,3.2357e+02,3.2360e+02,3.2362e+02,3.2365e+02,3.2366e+02,3.2368e+02,3.2368e+02,3.2369e+02,3.2369e+02,3.2368e+02,3.2368e+02,3.2366e+02,3.2365e+02,3.2363e+02,3.2360e+02,3.2357e+02,3.2353e+02,3.2349e+02,3.2345e+02,3.2340e+02,3.2335e+02,3.2329e+02,3.2324e+02,3.2318e+02,3.2312e+02,3.2306e+02,3.2300e+02,3.2294e+02,3.2288e+02,3.2283e+02,3.2277e+02,3.2272e+02,3.2266e+02,3.2261e+02,3.2256e+02,3.2251e+02,3.2245e+02,3.2240e+02,3.2235e+02,3.2230e+02,3.2225e+02,3.2219e+02,3.2214e+02,3.2209e+02,3.2204e+02,3.2198e+02,3.2193e+02,3.2188e+02,3.2183e+02,3.2179e+02,3.2174e+02,3.2170e+02,3.2166e+02,3.2162e+02,3.2158e+02,3.2155e+02,3.2152e+02,3.2150e+02,3.2147e+02,3.2146e+02,3.2144e+02,3.2143e+02,3.2142e+02,3.2141e+02,3.2141e+02,3.2201e+02,3.2201e+02,3.2202e+02,3.2203e+02,3.2204e+02,3.2205e+02,3.2207e+02,3.2209e+02,3.2211e+02,3.2214e+02,3.2216e+02,3.2220e+02,3.2224e+02,3.2228e+02,3.2232e+02,3.2237e+02,3.2243e+02,3.2249e+02,3.2256e+02,3.2263e+02,3.2270e+02,3.2278e+02,3.2287e+02,3.2295e+02,3.2304e+02,3.2313e+02,3.2321e+02,3.2329e+02,3.2337e+02,3.2344e+02,3.2351e+02,3.2357e+02,3.2363e+02,3.2368e+02,3.2373e+02,3.2377e+02,3.2380e+02,3.2383e+02,3.2385e+02,3.2387e+02,3.2388e+02,3.2389e+02,3.2390e+02,3.2390e+02,3.2389e+02,3.2388e+02,3.2387e+02,3.2385e+02,3.2383e+02,3.2380e+02,3.2376e+02,3.2372e+02,3.2367e+02,3.2362e+02,3.2357e+02,3.2350e+02,3.2344e+02,3.2337e+02,3.2330e+02,3.2323e+02,3.2316e+02,3.2310e+02,3.2303e+02,3.2297e+02,3.2290e+02,3.2284e+02,3.2278e+02,3.2272e+02,3.2266e+02,3.2261e+02,3.2255e+02,3.2250e+02,3.2244e+02,3.2238e+02,3.2233e+02,3.2227e+02,3.2221e+02,3.2216e+02,3.2210e+02,3.2204e+02,3.2198e+02,3.2193e+02,3.2187e+02,3.2182e+02,3.2177e+02,3.2172e+02,3.2167e+02,3.2162e+02,3.2158e+02,3.2154e+02,3.2151e+02,3.2148e+02,3.2145e+02,3.2142e+02,3.2140e+02,3.2139e+02,3.2137e+02,3.2136e+02,3.2135e+02,3.2135e+02,3.2200e+02,3.2200e+02,3.2201e+02,3.2202e+02,3.2203e+02,3.2204e+02,3.2206e+02,3.2208e+02,3.2210e+02,3.2213e+02,3.2216e+02,3.2220e+02,3.2224e+02,3.2229e+02,3.2234e+02,3.2239e+02,3.2245e+02,3.2252e+02,3.2260e+02,3.2268e+02,3.2276e+02,3.2286e+02,3.2295e+02,3.2305e+02,3.2316e+02,3.2326e+02,3.2336e+02,3.2346e+02,3.2355e+02,3.2363e+02,3.2371e+02,3.2378e+02,3.2385e+02,3.2390e+02,3.2395e+02,3.2399e+02,3.2403e+02,3.2406e+02,3.2409e+02,3.2411e+02,3.2412e+02,3.2413e+02,3.2414e+02,3.2414e+02,3.2413e+02,3.2412e+02,3.2411e+02,3.2408e+02,3.2406e+02,3.2402e+02,3.2398e+02,3.2393e+02,3.2388e+02,3.2382e+02,3.2375e+02,3.2368e+02,3.2361e+02,3.2352e+02,3.2344e+02,3.2336e+02,3.2328e+02,3.2320e+02,3.2312e+02,3.2305e+02,3.2298e+02,3.2291e+02,3.2285e+02,3.2278e+02,3.2272e+02,3.2266e+02,3.2260e+02,3.2254e+02,3.2248e+02,3.2242e+02,3.2236e+02,3.2229e+02,3.2223e+02,3.2217e+02,3.2211e+02,3.2204e+02,3.2198e+02,3.2192e+02,3.2186e+02,3.2180e+02,3.2174e+02,3.2169e+02,3.2163e+02,3.2158e+02,3.2154e+02,3.2150e+02,3.2146e+02,3.2142e+02,3.2139e+02,3.2137e+02,3.2134e+02,3.2132e+02,3.2131e+02,3.2130e+02,3.2129e+02,3.2129e+02,3.2198e+02,3.2199e+02,3.2199e+02,3.2200e+02,3.2201e+02,3.2203e+02,3.2205e+02,3.2207e+02,3.2210e+02,3.2213e+02,3.2216e+02,3.2220e+02,3.2224e+02,3.2229e+02,3.2235e+02,3.2241e+02,3.2247e+02,3.2255e+02,3.2263e+02,3.2272e+02,3.2282e+02,3.2293e+02,3.2305e+02,3.2317e+02,3.2329e+02,3.2342e+02,3.2354e+02,3.2365e+02,3.2376e+02,3.2386e+02,3.2394e+02,3.2402e+02,3.2409e+02,3.2416e+02,3.2421e+02,3.2426e+02,3.2430e+02,3.2433e+02,3.2436e+02,3.2438e+02,3.2440e+02,3.2441e+02,3.2442e+02,3.2441e+02,3.2441e+02,3.2440e+02,3.2438e+02,3.2435e+02,3.2432e+02,3.2428e+02,3.2424e+02,3.2418e+02,3.2412e+02,3.2405e+02,3.2397e+02,3.2389e+02,3.2379e+02,3.2369e+02,3.2359e+02,3.2349e+02,3.2340e+02,3.2331e+02,3.2322e+02,3.2314e+02,3.2306e+02,3.2298e+02,3.2291e+02,3.2284e+02,3.2278e+02,3.2271e+02,3.2264e+02,3.2258e+02,3.2251e+02,3.2245e+02,3.2238e+02,3.2232e+02,3.2225e+02,3.2218e+02,3.2211e+02,3.2204e+02,3.2197e+02,3.2191e+02,3.2184e+02,3.2177e+02,3.2171e+02,3.2165e+02,3.2159e+02,3.2154e+02,3.2149e+02,3.2144e+02,3.2140e+02,3.2136e+02,3.2133e+02,3.2130e+02,3.2127e+02,3.2125e+02,3.2124e+02,3.2122e+02,3.2122e+02,3.2121e+02,3.2196e+02,3.2197e+02,3.2197e+02,3.2198e+02,3.2200e+02,3.2201e+02,3.2203e+02,3.2205e+02,3.2208e+02,3.2211e+02,3.2215e+02,3.2219e+02,3.2224e+02,3.2229e+02,3.2235e+02,3.2242e+02,3.2249e+02,3.2257e+02,3.2267e+02,3.2277e+02,3.2289e+02,3.2301e+02,3.2315e+02,3.2329e+02,3.2345e+02,3.2360e+02,3.2375e+02,3.2388e+02,3.2400e+02,3.2412e+02,3.2422e+02,3.2431e+02,3.2439e+02,3.2446e+02,3.2452e+02,3.2457e+02,3.2461e+02,3.2465e+02,3.2468e+02,3.2470e+02,3.2472e+02,3.2473e+02,3.2473e+02,3.2473e+02,3.2472e+02,3.2471e+02,3.2469e+02,3.2466e+02,3.2463e+02,3.2458e+02,3.2453e+02,3.2447e+02,3.2440e+02,3.2432e+02,3.2422e+02,3.2412e+02,3.2400e+02,3.2388e+02,3.2376e+02,3.2364e+02,3.2352e+02,3.2342e+02,3.2332e+02,3.2322e+02,3.2314e+02,3.2305e+02,3.2298e+02,3.2290e+02,3.2283e+02,3.2276e+02,3.2269e+02,3.2262e+02,3.2255e+02,3.2248e+02,3.2241e+02,3.2233e+02,3.2226e+02,3.2219e+02,3.2211e+02,3.2204e+02,3.2196e+02,3.2189e+02,3.2181e+02,3.2174e+02,3.2167e+02,3.2160e+02,3.2154e+02,3.2148e+02,3.2142e+02,3.2137e+02,3.2133e+02,3.2129e+02,3.2125e+02,3.2122e+02,3.2119e+02,3.2117e+02,3.2115e+02,3.2114e+02,3.2113e+02,3.2113e+02,3.2194e+02,3.2194e+02,3.2195e+02,3.2196e+02,3.2197e+02,3.2199e+02,3.2201e+02,3.2203e+02,3.2206e+02,3.2209e+02,3.2213e+02,3.2217e+02,3.2222e+02,3.2228e+02,3.2234e+02,3.2242e+02,3.2250e+02,3.2259e+02,3.2269e+02,3.2281e+02,3.2294e+02,3.2309e+02,3.2325e+02,3.2343e+02,3.2362e+02,3.2381e+02,3.2399e+02,3.2415e+02,3.2430e+02,3.2443e+02,3.2454e+02,3.2464e+02,3.2473e+02,3.2480e+02,3.2487e+02,3.2492e+02,3.2497e+02,3.2501e+02,3.2504e+02,3.2507e+02,3.2509e+02,3.2510e+02,3.2510e+02,3.2510e+02,3.2509e+02,3.2508e+02,3.2505e+02,3.2502e+02,3.2498e+02,3.2494e+02,3.2488e+02,3.2481e+02,3.2473e+02,3.2463e+02,3.2452e+02,3.2439e+02,3.2425e+02,3.2409e+02,3.2393e+02,3.2378e+02,3.2365e+02,3.2352e+02,3.2341e+02,3.2330e+02,3.2321e+02,3.2312e+02,3.2303e+02,3.2295e+02,3.2287e+02,3.2280e+02,3.2272e+02,3.2265e+02,3.2257e+02,3.2250e+02,3.2242e+02,3.2235e+02,3.2227e+02,3.2219e+02,3.2211e+02,3.2202e+02,3.2194e+02,3.2186e+02,3.2177e+02,3.2169e+02,3.2162e+02,3.2154e+02,3.2147e+02,3.2141e+02,3.2135e+02,3.2130e+02,3.2125e+02,3.2120e+02,3.2116e+02,3.2113e+02,3.2110e+02,3.2108e+02,3.2106e+02,3.2104e+02,3.2103e+02,3.2103e+02,3.2191e+02,3.2191e+02,3.2191e+02,3.2192e+02,3.2194e+02,3.2196e+02,3.2198e+02,3.2200e+02,3.2203e+02,3.2207e+02,3.2210e+02,3.2215e+02,3.2220e+02,3.2226e+02,3.2233e+02,3.2241e+02,3.2250e+02,3.2260e+02,3.2271e+02,3.2284e+02,3.2299e+02,3.2316e+02,3.2335e+02,3.2357e+02,3.2382e+02,3.2407e+02,3.2429e+02,3.2448e+02,3.2465e+02,3.2480e+02,3.2492e+02,3.2503e+02,3.2513e+02,3.2521e+02,3.2528e+02,3.2534e+02,3.2539e+02,3.2543e+02,3.2547e+02,3.2549e+02,3.2551e+02,3.2552e+02,3.2553e+02,3.2553e+02,3.2552e+02,3.2550e+02,3.2547e+02,3.2544e+02,3.2540e+02,3.2535e+02,3.2528e+02,3.2520e+02,3.2511e+02,3.2500e+02,3.2487e+02,3.2471e+02,3.2453e+02,3.2432e+02,3.2411e+02,3.2392e+02,3.2376e+02,3.2362e+02,3.2349e+02,3.2337e+02,3.2327e+02,3.2317e+02,3.2308e+02,3.2299e+02,3.2291e+02,3.2283e+02,3.2275e+02,3.2267e+02,3.2259e+02,3.2251e+02,3.2243e+02,3.2235e+02,3.2226e+02,3.2218e+02,3.2209e+02,3.2200e+02,3.2191e+02,3.2182e+02,3.2172e+02,3.2164e+02,3.2155e+02,3.2147e+02,3.2140e+02,3.2133e+02,3.2126e+02,3.2120e+02,3.2115e+02,3.2110e+02,3.2106e+02,3.2103e+02,3.2099e+02,3.2097e+02,3.2095e+02,3.2093e+02,3.2092e+02,3.2092e+02,3.2187e+02,3.2188e+02,3.2188e+02,3.2189e+02,3.2191e+02,3.2193e+02,3.2195e+02,3.2197e+02,3.2200e+02,3.2204e+02,3.2208e+02,3.2213e+02,3.2218e+02,3.2225e+02,3.2232e+02,3.2240e+02,3.2249e+02,3.2260e+02,3.2273e+02,3.2287e+02,3.2303e+02,3.2322e+02,3.2345e+02,3.2371e+02,3.2402e+02,3.2433e+02,3.2460e+02,3.2482e+02,3.2501e+02,3.2517e+02,3.2531e+02,3.2543e+02,3.2553e+02,3.2562e+02,3.2570e+02,3.2576e+02,3.2581e+02,3.2586e+02,3.2589e+02,3.2592e+02,3.2594e+02,3.2595e+02,3.2595e+02,3.2595e+02,3.2594e+02,3.2592e+02,3.2590e+02,3.2586e+02,3.2581e+02,3.2576e+02,3.2569e+02,3.2560e+02,3.2550e+02,3.2537e+02,3.2522e+02,3.2504e+02,3.2482e+02,3.2455e+02,3.2428e+02,3.2405e+02,3.2387e+02,3.2370e+02,3.2356e+02,3.2343e+02,3.2332e+02,3.2321e+02,3.2312e+02,3.2302e+02,3.2294e+02,3.2285e+02,3.2277e+02,3.2268e+02,3.2260e+02,3.2252e+02,3.2243e+02,3.2234e+02,3.2225e+02,3.2216e+02,3.2207e+02,3.2197e+02,3.2187e+02,3.2177e+02,3.2167e+02,3.2158e+02,3.2148e+02,3.2140e+02,3.2132e+02,3.2124e+02,3.2117e+02,3.2111e+02,3.2105e+02,3.2100e+02,3.2096e+02,3.2092e+02,3.2088e+02,3.2086e+02,3.2084e+02,3.2082e+02,3.2081e+02,3.2080e+02,3.2187e+02,3.2187e+02,3.2188e+02,3.2189e+02,3.2190e+02,3.2192e+02,3.2194e+02,3.2197e+02,3.2200e+02,3.2203e+02,3.2208e+02,3.2213e+02,3.2218e+02,3.2225e+02,3.2232e+02,3.2241e+02,3.2251e+02,3.2262e+02,3.2275e+02,3.2291e+02,3.2309e+02,3.2329e+02,3.2354e+02,3.2383e+02,3.2418e+02,3.2454e+02,3.2483e+02,3.2508e+02,3.2528e+02,3.2546e+02,3.2561e+02,3.2574e+02,3.2585e+02,3.2594e+02,3.2602e+02,3.2609e+02,3.2614e+02,3.2619e+02,3.2623e+02,3.2625e+02,3.2627e+02,3.2628e+02,3.2629e+02,3.2629e+02,3.2627e+02,3.2625e+02,3.2623e+02,3.2619e+02,3.2614e+02,3.2608e+02,3.2600e+02,3.2591e+02,3.2580e+02,3.2566e+02,3.2549e+02,3.2529e+02,3.2504e+02,3.2473e+02,3.2443e+02,3.2418e+02,3.2397e+02,3.2379e+02,3.2363e+02,3.2350e+02,3.2338e+02,3.2326e+02,3.2316e+02,3.2306e+02,3.2297e+02,3.2288e+02,3.2279e+02,3.2271e+02,3.2262e+02,3.2253e+02,3.2244e+02,3.2235e+02,3.2225e+02,3.2215e+02,3.2205e+02,3.2195e+02,3.2184e+02,3.2174e+02,3.2163e+02,3.2153e+02,3.2143e+02,3.2133e+02,3.2125e+02,3.2117e+02,3.2109e+02,3.2103e+02,3.2097e+02,3.2091e+02,3.2086e+02,3.2082e+02,3.2079e+02,3.2076e+02,3.2074e+02,3.2072e+02,3.2071e+02,3.2070e+02,3.2187e+02,3.2188e+02,3.2188e+02,3.2190e+02,3.2191e+02,3.2193e+02,3.2195e+02,3.2198e+02,3.2201e+02,3.2204e+02,3.2209e+02,3.2214e+02,3.2220e+02,3.2226e+02,3.2234e+02,3.2243e+02,3.2253e+02,3.2265e+02,3.2279e+02,3.2295e+02,3.2314e+02,3.2336e+02,3.2363e+02,3.2394e+02,3.2432e+02,3.2469e+02,3.2501e+02,3.2527e+02,3.2549e+02,3.2568e+02,3.2584e+02,3.2597e+02,3.2609e+02,3.2618e+02,3.2627e+02,3.2634e+02,3.2639e+02,3.2644e+02,3.2648e+02,3.2650e+02,3.2652e+02,3.2654e+02,3.2654e+02,3.2654e+02,3.2652e+02,3.2650e+02,3.2647e+02,3.2643e+02,3.2638e+02,3.2632e+02,3.2624e+02,3.2614e+02,3.2602e+02,3.2588e+02,3.2570e+02,3.2548e+02,3.2521e+02,3.2488e+02,3.2455e+02,3.2428e+02,3.2406e+02,3.2387e+02,3.2370e+02,3.2356e+02,3.2343e+02,3.2331e+02,3.2321e+02,3.2310e+02,3.2301e+02,3.2292e+02,3.2282e+02,3.2273e+02,3.2264e+02,3.2255e+02,3.2245e+02,3.2236e+02,3.2226e+02,3.2215e+02,3.2205e+02,3.2194e+02,3.2183e+02,3.2171e+02,3.2160e+02,3.2149e+02,3.2138e+02,3.2128e+02,3.2119e+02,3.2110e+02,3.2103e+02,3.2095e+02,3.2089e+02,3.2083e+02,3.2078e+02,3.2074e+02,3.2070e+02,3.2067e+02,3.2065e+02,3.2063e+02,3.2062e+02,3.2061e+02,3.2190e+02,3.2191e+02,3.2191e+02,3.2192e+02,3.2194e+02,3.2195e+02,3.2198e+02,3.2200e+02,3.2204e+02,3.2207e+02,3.2212e+02,3.2217e+02,3.2223e+02,3.2229e+02,3.2237e+02,3.2246e+02,3.2257e+02,3.2269e+02,3.2283e+02,3.2300e+02,3.2320e+02,3.2343e+02,3.2370e+02,3.2403e+02,3.2442e+02,3.2481e+02,3.2514e+02,3.2541e+02,3.2564e+02,3.2583e+02,3.2600e+02,3.2614e+02,3.2626e+02,3.2635e+02,3.2644e+02,3.2651e+02,3.2657e+02,3.2661e+02,3.2665e+02,3.2668e+02,3.2670e+02,3.2671e+02,3.2671e+02,3.2671e+02,3.2670e+02,3.2668e+02,3.2665e+02,3.2660e+02,3.2655e+02,3.2649e+02,3.2640e+02,3.2630e+02,3.2618e+02,3.2603e+02,3.2584e+02,3.2561e+02,3.2533e+02,3.2499e+02,3.2465e+02,3.2437e+02,3.2413e+02,3.2393e+02,3.2376e+02,3.2361e+02,3.2348e+02,3.2336e+02,3.2325e+02,3.2314e+02,3.2304e+02,3.2295e+02,3.2285e+02,3.2276e+02,3.2267e+02,3.2257e+02,3.2247e+02,3.2237e+02,3.2227e+02,3.2216e+02,3.2205e+02,3.2193e+02,3.2181e+02,3.2169e+02,3.2157e+02,3.2145e+02,3.2134e+02,3.2124e+02,3.2114e+02,3.2105e+02,3.2097e+02,3.2089e+02,3.2082e+02,3.2076e+02,3.2071e+02,3.2067e+02,3.2063e+02,3.2059e+02,3.2057e+02,3.2055e+02,3.2054e+02,3.2053e+02,3.2195e+02,3.2195e+02,3.2196e+02,3.2197e+02,3.2198e+02,3.2200e+02,3.2202e+02,3.2205e+02,3.2208e+02,3.2212e+02,3.2216e+02,3.2221e+02,3.2227e+02,3.2234e+02,3.2241e+02,3.2251e+02,3.2261e+02,3.2274e+02,3.2288e+02,3.2305e+02,3.2325e+02,3.2348e+02,3.2376e+02,3.2409e+02,3.2449e+02,3.2489e+02,3.2522e+02,3.2550e+02,3.2573e+02,3.2593e+02,3.2610e+02,3.2624e+02,3.2636e+02,3.2646e+02,3.2654e+02,3.2661e+02,3.2667e+02,3.2672e+02,3.2675e+02,3.2678e+02,3.2680e+02,3.2681e+02,3.2682e+02,3.2681e+02,3.2680e+02,3.2678e+02,3.2675e+02,3.2670e+02,3.2665e+02,3.2658e+02,3.2650e+02,3.2640e+02,3.2627e+02,3.2611e+02,3.2593e+02,3.2569e+02,3.2541e+02,3.2506e+02,3.2471e+02,3.2443e+02,3.2419e+02,3.2398e+02,3.2381e+02,3.2366e+02,3.2352e+02,3.2340e+02,3.2328e+02,3.2318e+02,3.2308e+02,3.2298e+02,3.2288e+02,3.2278e+02,3.2269e+02,3.2259e+02,3.2249e+02,3.2238e+02,3.2227e+02,3.2216e+02,3.2204e+02,3.2192e+02,3.2180e+02,3.2167e+02,3.2155e+02,3.2143e+02,3.2131e+02,3.2120e+02,3.2110e+02,3.2100e+02,3.2092e+02,3.2084e+02,3.2077e+02,3.2070e+02,3.2065e+02,3.2060e+02,3.2056e+02,3.2053e+02,3.2050e+02,3.2048e+02,3.2047e+02,3.2046e+02,3.2201e+02,3.2201e+02,3.2202e+02,3.2203e+02,3.2204e+02,3.2206e+02,3.2208e+02,3.2211e+02,3.2214e+02,3.2217e+02,3.2222e+02,3.2227e+02,3.2232e+02,3.2239e+02,3.2247e+02,3.2256e+02,3.2266e+02,3.2279e+02,3.2293e+02,3.2310e+02,3.2329e+02,3.2353e+02,3.2381e+02,3.2414e+02,3.2453e+02,3.2493e+02,3.2526e+02,3.2554e+02,3.2578e+02,3.2597e+02,3.2614e+02,3.2628e+02,3.2639e+02,3.2649e+02,3.2658e+02,3.2664e+02,3.2670e+02,3.2675e+02,3.2678e+02,3.2681e+02,3.2683e+02,3.2684e+02,3.2685e+02,3.2684e+02,3.2683e+02,3.2681e+02,3.2678e+02,3.2673e+02,3.2668e+02,3.2661e+02,3.2653e+02,3.2643e+02,3.2630e+02,3.2615e+02,3.2596e+02,3.2573e+02,3.2544e+02,3.2509e+02,3.2474e+02,3.2446e+02,3.2422e+02,3.2401e+02,3.2384e+02,3.2369e+02,3.2355e+02,3.2343e+02,3.2331e+02,3.2321e+02,3.2310e+02,3.2300e+02,3.2290e+02,3.2281e+02,3.2271e+02,3.2260e+02,3.2250e+02,3.2239e+02,3.2228e+02,3.2216e+02,3.2204e+02,3.2192e+02,3.2179e+02,3.2166e+02,3.2153e+02,3.2140e+02,3.2128e+02,3.2117e+02,3.2106e+02,3.2096e+02,3.2087e+02,3.2079e+02,3.2072e+02,3.2065e+02,3.2059e+02,3.2054e+02,3.2050e+02,3.2047e+02,3.2044e+02,3.2042e+02,3.2040e+02,3.2040e+02,3.2208e+02,3.2209e+02,3.2209e+02,3.2210e+02,3.2212e+02,3.2213e+02,3.2215e+02,3.2218e+02,3.2221e+02,3.2224e+02,3.2229e+02,3.2233e+02,3.2239e+02,3.2246e+02,3.2253e+02,3.2262e+02,3.2272e+02,3.2284e+02,3.2298e+02,3.2314e+02,3.2334e+02,3.2356e+02,3.2384e+02,3.2416e+02,3.2455e+02,3.2494e+02,3.2527e+02,3.2554e+02,3.2577e+02,3.2596e+02,3.2612e+02,3.2625e+02,3.2637e+02,3.2646e+02,3.2654e+02,3.2661e+02,3.2667e+02,3.2671e+02,3.2675e+02,3.2677e+02,3.2679e+02,3.2680e+02,3.2680e+02,3.2680e+02,3.2679e+02,3.2677e+02,3.2674e+02,3.2670e+02,3.2664e+02,3.2658e+02,3.2650e+02,3.2640e+02,3.2627e+02,3.2612e+02,3.2594e+02,3.2571e+02,3.2543e+02,3.2508e+02,3.2474e+02,3.2446e+02,3.2422e+02,3.2402e+02,3.2385e+02,3.2370e+02,3.2357e+02,3.2344e+02,3.2333e+02,3.2323e+02,3.2312e+02,3.2302e+02,3.2292e+02,3.2282e+02,3.2272e+02,3.2262e+02,3.2251e+02,3.2240e+02,3.2228e+02,3.2216e+02,3.2204e+02,3.2191e+02,3.2178e+02,3.2164e+02,3.2151e+02,3.2138e+02,3.2125e+02,3.2114e+02,3.2103e+02,3.2092e+02,3.2083e+02,3.2075e+02,3.2067e+02,3.2060e+02,3.2054e+02,3.2049e+02,3.2045e+02,3.2041e+02,3.2038e+02,3.2036e+02,3.2035e+02,3.2034e+02,3.2217e+02,3.2218e+02,3.2218e+02,3.2219e+02,3.2220e+02,3.2222e+02,3.2224e+02,3.2227e+02,3.2229e+02,3.2233e+02,3.2237e+02,3.2241e+02,3.2247e+02,3.2253e+02,3.2260e+02,3.2269e+02,3.2278e+02,3.2290e+02,3.2303e+02,3.2319e+02,3.2337e+02,3.2359e+02,3.2385e+02,3.2416e+02,3.2453e+02,3.2491e+02,3.2522e+02,3.2548e+02,3.2570e+02,3.2588e+02,3.2604e+02,3.2617e+02,3.2627e+02,3.2637e+02,3.2644e+02,3.2651e+02,3.2656e+02,3.2660e+02,3.2664e+02,3.2666e+02,3.2668e+02,3.2669e+02,3.2669e+02,3.2669e+02,3.2667e+02,3.2665e+02,3.2662e+02,3.2659e+02,3.2654e+02,3.2647e+02,3.2639e+02,3.2630e+02,3.2618e+02,3.2604e+02,3.2586e+02,3.2564e+02,3.2537e+02,3.2504e+02,3.2471e+02,3.2443e+02,3.2421e+02,3.2402e+02,3.2385e+02,3.2370e+02,3.2357e+02,3.2345e+02,3.2334e+02,3.2324e+02,3.2314e+02,3.2304e+02,3.2294e+02,3.2283e+02,3.2273e+02,3.2263e+02,3.2252e+02,3.2240e+02,3.2229e+02,3.2216e+02,3.2204e+02,3.2190e+02,3.2177e+02,3.2163e+02,3.2149e+02,3.2136e+02,3.2123e+02,3.2111e+02,3.2099e+02,3.2089e+02,3.2079e+02,3.2071e+02,3.2063e+02,3.2056e+02,3.2050e+02,3.2044e+02,3.2040e+02,3.2036e+02,3.2033e+02,3.2031e+02,3.2029e+02,3.2029e+02,3.2228e+02,3.2228e+02,3.2229e+02,3.2229e+02,3.2231e+02,3.2232e+02,3.2234e+02,3.2236e+02,3.2239e+02,3.2242e+02,3.2246e+02,3.2251e+02,3.2256e+02,3.2262e+02,3.2268e+02,3.2276e+02,3.2285e+02,3.2296e+02,3.2308e+02,3.2323e+02,3.2340e+02,3.2360e+02,3.2385e+02,3.2414e+02,3.2449e+02,3.2484e+02,3.2514e+02,3.2538e+02,3.2558e+02,3.2575e+02,3.2589e+02,3.2601e+02,3.2611e+02,3.2620e+02,3.2627e+02,3.2633e+02,3.2638e+02,3.2642e+02,3.2645e+02,3.2647e+02,3.2649e+02,3.2650e+02,3.2650e+02,3.2650e+02,3.2649e+02,3.2647e+02,3.2644e+02,3.2640e+02,3.2635e+02,3.2629e+02,3.2622e+02,3.2613e+02,3.2602e+02,3.2589e+02,3.2572e+02,3.2552e+02,3.2526e+02,3.2495e+02,3.2464e+02,3.2438e+02,3.2417e+02,3.2399e+02,3.2383e+02,3.2369e+02,3.2357e+02,3.2345e+02,3.2334e+02,3.2324e+02,3.2314e+02,3.2304e+02,3.2294e+02,3.2284e+02,3.2274e+02,3.2263e+02,3.2252e+02,3.2241e+02,3.2229e+02,3.2216e+02,3.2203e+02,3.2190e+02,3.2176e+02,3.2162e+02,3.2148e+02,3.2134e+02,3.2121e+02,3.2108e+02,3.2097e+02,3.2086e+02,3.2076e+02,3.2067e+02,3.2059e+02,3.2052e+02,3.2046e+02,3.2040e+02,3.2035e+02,3.2032e+02,3.2029e+02,3.2026e+02,3.2025e+02,3.2024e+02,3.2239e+02,3.2239e+02,3.2240e+02,3.2241e+02,3.2242e+02,3.2243e+02,3.2245e+02,3.2247e+02,3.2250e+02,3.2253e+02,3.2257e+02,3.2261e+02,3.2265e+02,3.2271e+02,3.2277e+02,3.2284e+02,3.2293e+02,3.2303e+02,3.2314e+02,3.2327e+02,3.2343e+02,3.2361e+02,3.2383e+02,3.2409e+02,3.2441e+02,3.2473e+02,3.2499e+02,3.2521e+02,3.2539e+02,3.2554e+02,3.2567e+02,3.2578e+02,3.2588e+02,3.2595e+02,3.2602e+02,3.2607e+02,3.2612e+02,3.2616e+02,3.2618e+02,3.2621e+02,3.2622e+02,3.2623e+02,3.2623e+02,3.2623e+02,3.2621e+02,3.2620e+02,3.2617e+02,3.2614e+02,3.2609e+02,3.2604e+02,3.2597e+02,3.2589e+02,3.2579e+02,3.2567e+02,3.2552e+02,3.2533e+02,3.2511e+02,3.2482e+02,3.2453e+02,3.2430e+02,3.2411e+02,3.2394e+02,3.2380e+02,3.2367e+02,3.2355e+02,3.2344e+02,3.2334e+02,3.2324e+02,3.2314e+02,3.2304e+02,3.2294e+02,3.2284e+02,3.2274e+02,3.2263e+02,3.2252e+02,3.2240e+02,3.2228e+02,3.2216e+02,3.2202e+02,3.2189e+02,3.2175e+02,3.2160e+02,3.2146e+02,3.2132e+02,3.2118e+02,3.2106e+02,3.2094e+02,3.2083e+02,3.2073e+02,3.2064e+02,3.2055e+02,3.2048e+02,3.2042e+02,3.2036e+02,3.2031e+02,3.2028e+02,3.2024e+02,3.2022e+02,3.2021e+02,3.2020e+02,3.2252e+02,3.2252e+02,3.2252e+02,3.2253e+02,3.2254e+02,3.2256e+02,3.2257e+02,3.2259e+02,3.2262e+02,3.2265e+02,3.2268e+02,3.2272e+02,3.2276e+02,3.2281e+02,3.2287e+02,3.2293e+02,3.2301e+02,3.2309e+02,3.2320e+02,3.2331e+02,3.2345e+02,3.2361e+02,3.2379e+02,3.2401e+02,3.2429e+02,3.2456e+02,3.2478e+02,3.2497e+02,3.2513e+02,3.2526e+02,3.2537e+02,3.2547e+02,3.2555e+02,3.2562e+02,3.2568e+02,3.2573e+02,3.2577e+02,3.2580e+02,3.2583e+02,3.2585e+02,3.2586e+02,3.2587e+02,3.2587e+02,3.2587e+02,3.2586e+02,3.2584e+02,3.2581e+02,3.2578e+02,3.2574e+02,3.2569e+02,3.2563e+02,3.2556e+02,3.2547e+02,3.2537e+02,3.2524e+02,3.2508e+02,3.2488e+02,3.2464e+02,3.2440e+02,3.2420e+02,3.2403e+02,3.2388e+02,3.2375e+02,3.2364e+02,3.2353e+02,3.2342e+02,3.2332e+02,3.2323e+02,3.2313e+02,3.2304e+02,3.2294e+02,3.2284e+02,3.2273e+02,3.2263e+02,3.2252e+02,3.2240e+02,3.2228e+02,3.2215e+02,3.2201e+02,3.2187e+02,3.2173e+02,3.2159e+02,3.2144e+02,3.2130e+02,3.2116e+02,3.2103e+02,3.2091e+02,3.2080e+02,3.2070e+02,3.2061e+02,3.2052e+02,3.2045e+02,3.2038e+02,3.2033e+02,3.2028e+02,3.2024e+02,3.2021e+02,3.2018e+02,3.2017e+02,3.2016e+02,3.2265e+02,3.2265e+02,3.2265e+02,3.2266e+02,3.2267e+02,3.2268e+02,3.2270e+02,3.2272e+02,3.2274e+02,3.2277e+02,3.2280e+02,3.2283e+02,3.2287e+02,3.2291e+02,3.2296e+02,3.2302e+02,3.2309e+02,3.2317e+02,3.2325e+02,3.2335e+02,3.2347e+02,3.2360e+02,3.2375e+02,3.2392e+02,3.2412e+02,3.2432e+02,3.2449e+02,3.2464e+02,3.2477e+02,3.2488e+02,3.2498e+02,3.2506e+02,3.2513e+02,3.2519e+02,3.2525e+02,3.2529e+02,3.2533e+02,3.2535e+02,3.2538e+02,3.2539e+02,3.2541e+02,3.2541e+02,3.2541e+02,3.2541e+02,3.2540e+02,3.2538e+02,3.2536e+02,3.2533e+02,3.2529e+02,3.2525e+02,3.2520e+02,3.2513e+02,3.2506e+02,3.2497e+02,3.2486e+02,3.2473e+02,3.2458e+02,3.2441e+02,3.2423e+02,3.2408e+02,3.2394e+02,3.2381e+02,3.2370e+02,3.2359e+02,3.2349e+02,3.2340e+02,3.2330e+02,3.2321e+02,3.2312e+02,3.2303e+02,3.2293e+02,3.2283e+02,3.2273e+02,3.2262e+02,3.2251e+02,3.2239e+02,3.2226e+02,3.2214e+02,3.2200e+02,3.2186e+02,3.2172e+02,3.2157e+02,3.2142e+02,3.2128e+02,3.2114e+02,3.2101e+02,3.2089e+02,3.2077e+02,3.2067e+02,3.2058e+02,3.2049e+02,3.2042e+02,3.2035e+02,3.2029e+02,3.2024e+02,3.2020e+02,3.2017e+02,3.2015e+02,3.2013e+02,3.2012e+02,3.2278e+02,3.2278e+02,3.2279e+02,3.2279e+02,3.2280e+02,3.2281e+02,3.2283e+02,3.2284e+02,3.2286e+02,3.2289e+02,3.2291e+02,3.2294e+02,3.2298e+02,3.2302e+02,3.2306e+02,3.2311e+02,3.2317e+02,3.2324e+02,3.2331e+02,3.2339e+02,3.2349e+02,3.2359e+02,3.2371e+02,3.2384e+02,3.2398e+02,3.2411e+02,3.2424e+02,3.2436e+02,3.2446e+02,3.2455e+02,3.2463e+02,3.2470e+02,3.2476e+02,3.2482e+02,3.2486e+02,3.2490e+02,3.2493e+02,3.2495e+02,3.2497e+02,3.2499e+02,3.2500e+02,3.2500e+02,3.2500e+02,3.2500e+02,3.2499e+02,3.2497e+02,3.2495e+02,3.2493e+02,3.2489e+02,3.2486e+02,3.2481e+02,3.2476e+02,3.2469e+02,3.2462e+02,3.2453e+02,3.2443e+02,3.2432e+02,3.2420e+02,3.2407e+02,3.2396e+02,3.2384e+02,3.2374e+02,3.2364e+02,3.2355e+02,3.2346e+02,3.2337e+02,3.2328e+02,3.2319e+02,3.2310e+02,3.2301e+02,3.2292e+02,3.2282e+02,3.2271e+02,3.2261e+02,3.2249e+02,3.2238e+02,3.2225e+02,3.2212e+02,3.2198e+02,3.2184e+02,3.2170e+02,3.2155e+02,3.2140e+02,3.2126e+02,3.2112e+02,3.2099e+02,3.2086e+02,3.2075e+02,3.2064e+02,3.2055e+02,3.2046e+02,3.2038e+02,3.2032e+02,3.2026e+02,3.2021e+02,3.2017e+02,3.2014e+02,3.2011e+02,3.2009e+02,3.2009e+02,3.2291e+02,3.2291e+02,3.2291e+02,3.2292e+02,3.2293e+02,3.2294e+02,3.2295e+02,3.2297e+02,3.2298e+02,3.2300e+02,3.2303e+02,3.2305e+02,3.2308e+02,3.2312e+02,3.2316e+02,3.2320e+02,3.2325e+02,3.2330e+02,3.2337e+02,3.2343e+02,3.2351e+02,3.2359e+02,3.2368e+02,3.2377e+02,3.2387e+02,3.2397e+02,3.2406e+02,3.2415e+02,3.2423e+02,3.2430e+02,3.2437e+02,3.2443e+02,3.2448e+02,3.2452e+02,3.2456e+02,3.2459e+02,3.2461e+02,3.2463e+02,3.2465e+02,3.2466e+02,3.2467e+02,3.2467e+02,3.2467e+02,3.2467e+02,3.2466e+02,3.2464e+02,3.2462e+02,3.2460e+02,3.2457e+02,3.2454e+02,3.2450e+02,3.2445e+02,3.2440e+02,3.2434e+02,3.2427e+02,3.2420e+02,3.2411e+02,3.2402e+02,3.2393e+02,3.2384e+02,3.2375e+02,3.2367e+02,3.2358e+02,3.2350e+02,3.2342e+02,3.2333e+02,3.2325e+02,3.2317e+02,3.2308e+02,3.2299e+02,3.2290e+02,3.2280e+02,3.2270e+02,3.2259e+02,3.2248e+02,3.2236e+02,3.2223e+02,3.2210e+02,3.2197e+02,3.2182e+02,3.2168e+02,3.2153e+02,3.2138e+02,3.2123e+02,3.2109e+02,3.2096e+02,3.2084e+02,3.2072e+02,3.2061e+02,3.2052e+02,3.2043e+02,3.2035e+02,3.2029e+02,3.2023e+02,3.2018e+02,3.2014e+02,3.2010e+02,3.2008e+02,3.2006e+02,3.2005e+02,3.2303e+02,3.2303e+02,3.2304e+02,3.2304e+02,3.2305e+02,3.2306e+02,3.2307e+02,3.2308e+02,3.2310e+02,3.2312e+02,3.2314e+02,3.2316e+02,3.2319e+02,3.2322e+02,3.2325e+02,3.2329e+02,3.2333e+02,3.2337e+02,3.2342e+02,3.2347e+02,3.2353e+02,3.2360e+02,3.2366e+02,3.2373e+02,3.2380e+02,3.2387e+02,3.2394e+02,3.2400e+02,3.2406e+02,3.2412e+02,3.2417e+02,3.2421e+02,3.2425e+02,3.2429e+02,3.2432e+02,3.2435e+02,3.2437e+02,3.2438e+02,3.2440e+02,3.2441e+02,3.2441e+02,3.2441e+02,3.2441e+02,3.2441e+02,3.2440e+02,3.2438e+02,3.2437e+02,3.2434e+02,3.2432e+02,3.2429e+02,3.2426e+02,3.2422e+02,3.2417e+02,3.2412e+02,3.2407e+02,3.2401e+02,3.2395e+02,3.2388e+02,3.2381e+02,3.2374e+02,3.2367e+02,3.2360e+02,3.2352e+02,3.2345e+02,3.2337e+02,3.2330e+02,3.2322e+02,3.2314e+02,3.2305e+02,3.2297e+02,3.2287e+02,3.2278e+02,3.2268e+02,3.2257e+02,3.2246e+02,3.2234e+02,3.2221e+02,3.2208e+02,3.2195e+02,3.2180e+02,3.2166e+02,3.2151e+02,3.2136e+02,3.2121e+02,3.2107e+02,3.2094e+02,3.2081e+02,3.2069e+02,3.2059e+02,3.2049e+02,3.2040e+02,3.2033e+02,3.2026e+02,3.2020e+02,3.2015e+02,3.2010e+02,3.2007e+02,3.2005e+02,3.2003e+02,3.2002e+02,3.2315e+02,3.2315e+02,3.2315e+02,3.2316e+02,3.2316e+02,3.2317e+02,3.2318e+02,3.2319e+02,3.2321e+02,3.2322e+02,3.2324e+02,3.2326e+02,3.2328e+02,3.2331e+02,3.2333e+02,3.2337e+02,3.2340e+02,3.2344e+02,3.2348e+02,3.2352e+02,3.2356e+02,3.2361e+02,3.2366e+02,3.2371e+02,3.2376e+02,3.2381e+02,3.2385e+02,3.2390e+02,3.2395e+02,3.2399e+02,3.2403e+02,3.2406e+02,3.2409e+02,3.2412e+02,3.2415e+02,3.2417e+02,3.2418e+02,3.2420e+02,3.2421e+02,3.2421e+02,3.2422e+02,3.2422e+02,3.2421e+02,3.2421e+02,3.2420e+02,3.2419e+02,3.2417e+02,3.2415e+02,3.2413e+02,3.2410e+02,3.2407e+02,3.2404e+02,3.2400e+02,3.2396e+02,3.2392e+02,3.2387e+02,3.2382e+02,3.2377e+02,3.2371e+02,3.2365e+02,3.2359e+02,3.2353e+02,3.2347e+02,3.2340e+02,3.2333e+02,3.2326e+02,3.2318e+02,3.2311e+02,3.2302e+02,3.2294e+02,3.2285e+02,3.2275e+02,3.2265e+02,3.2255e+02,3.2243e+02,3.2232e+02,3.2219e+02,3.2206e+02,3.2192e+02,3.2178e+02,3.2163e+02,3.2148e+02,3.2133e+02,3.2118e+02,3.2104e+02,3.2091e+02,3.2078e+02,3.2067e+02,3.2056e+02,3.2046e+02,3.2037e+02,3.2030e+02,3.2023e+02,3.2017e+02,3.2012e+02,3.2007e+02,3.2004e+02,3.2002e+02,3.2000e+02,3.1999e+02,3.2326e+02,3.2326e+02,3.2326e+02,3.2327e+02,3.2327e+02,3.2328e+02,3.2329e+02,3.2330e+02,3.2331e+02,3.2332e+02,3.2334e+02,3.2335e+02,3.2337e+02,3.2339e+02,3.2342e+02,3.2344e+02,3.2347e+02,3.2350e+02,3.2353e+02,3.2356e+02,3.2360e+02,3.2363e+02,3.2367e+02,3.2370e+02,3.2374e+02,3.2377e+02,3.2381e+02,3.2384e+02,3.2388e+02,3.2391e+02,3.2394e+02,3.2396e+02,3.2399e+02,3.2401e+02,3.2403e+02,3.2405e+02,3.2406e+02,3.2407e+02,3.2408e+02,3.2408e+02,3.2408e+02,3.2408e+02,3.2408e+02,3.2407e+02,3.2406e+02,3.2405e+02,3.2403e+02,3.2401e+02,3.2399e+02,3.2397e+02,3.2394e+02,3.2391e+02,3.2388e+02,3.2384e+02,3.2380e+02,3.2376e+02,3.2372e+02,3.2368e+02,3.2363e+02,3.2358e+02,3.2353e+02,3.2348e+02,3.2342e+02,3.2335e+02,3.2329e+02,3.2322e+02,3.2315e+02,3.2307e+02,3.2299e+02,3.2291e+02,3.2282e+02,3.2272e+02,3.2262e+02,3.2252e+02,3.2241e+02,3.2229e+02,3.2216e+02,3.2203e+02,3.2190e+02,3.2175e+02,3.2161e+02,3.2145e+02,3.2130e+02,3.2116e+02,3.2102e+02,3.2088e+02,3.2075e+02,3.2064e+02,3.2053e+02,3.2043e+02,3.2035e+02,3.2027e+02,3.2020e+02,3.2014e+02,3.2009e+02,3.2004e+02,3.2001e+02,3.1999e+02,3.1997e+02,3.1996e+02,3.2336e+02,3.2336e+02,3.2336e+02,3.2337e+02,3.2337e+02,3.2338e+02,3.2338e+02,3.2339e+02,3.2340e+02,3.2341e+02,3.2343e+02,3.2344e+02,3.2346e+02,3.2347e+02,3.2349e+02,3.2351e+02,3.2353e+02,3.2356e+02,3.2358e+02,3.2361e+02,3.2364e+02,3.2367e+02,3.2369e+02,3.2372e+02,3.2375e+02,3.2377e+02,3.2380e+02,3.2382e+02,3.2385e+02,3.2387e+02,3.2390e+02,3.2392e+02,3.2394e+02,3.2395e+02,3.2397e+02,3.2398e+02,3.2399e+02,3.2399e+02,3.2400e+02,3.2400e+02,3.2400e+02,3.2400e+02,3.2399e+02,3.2398e+02,3.2397e+02,3.2396e+02,3.2394e+02,3.2392e+02,3.2390e+02,3.2388e+02,3.2385e+02,3.2383e+02,3.2380e+02,3.2376e+02,3.2373e+02,3.2369e+02,3.2366e+02,3.2362e+02,3.2357e+02,3.2353e+02,3.2348e+02,3.2343e+02,3.2337e+02,3.2331e+02,3.2325e+02,3.2318e+02,3.2311e+02,3.2303e+02,3.2296e+02,3.2287e+02,3.2278e+02,3.2269e+02,3.2259e+02,3.2249e+02,3.2238e+02,3.2226e+02,3.2213e+02,3.2200e+02,3.2187e+02,3.2172e+02,3.2158e+02,3.2143e+02,3.2127e+02,3.2113e+02,3.2099e+02,3.2085e+02,3.2073e+02,3.2061e+02,3.2050e+02,3.2040e+02,3.2032e+02,3.2024e+02,3.2017e+02,3.2011e+02,3.2006e+02,3.2002e+02,3.1998e+02,3.1996e+02,3.1994e+02,3.1993e+02,3.2345e+02,3.2345e+02,3.2346e+02,3.2346e+02,3.2346e+02,3.2347e+02,3.2347e+02,3.2348e+02,3.2349e+02,3.2350e+02,3.2351e+02,3.2352e+02,3.2353e+02,3.2355e+02,3.2356e+02,3.2358e+02,3.2360e+02,3.2362e+02,3.2364e+02,3.2366e+02,3.2368e+02,3.2371e+02,3.2373e+02,3.2375e+02,3.2377e+02,3.2380e+02,3.2382e+02,3.2384e+02,3.2386e+02,3.2388e+02,3.2390e+02,3.2392e+02,3.2393e+02,3.2394e+02,3.2395e+02,3.2396e+02,3.2397e+02,3.2397e+02,3.2398e+02,3.2397e+02,3.2397e+02,3.2397e+02,3.2396e+02,3.2395e+02,3.2394e+02,3.2392e+02,3.2391e+02,3.2389e+02,3.2387e+02,3.2384e+02,3.2382e+02,3.2379e+02,3.2376e+02,3.2373e+02,3.2369e+02,3.2366e+02,3.2362e+02,3.2358e+02,3.2353e+02,3.2349e+02,3.2344e+02,3.2338e+02,3.2333e+02,3.2327e+02,3.2321e+02,3.2314e+02,3.2307e+02,3.2300e+02,3.2292e+02,3.2284e+02,3.2275e+02,3.2266e+02,3.2256e+02,3.2245e+02,3.2234e+02,3.2222e+02,3.2210e+02,3.2197e+02,3.2183e+02,3.2169e+02,3.2154e+02,3.2139e+02,3.2124e+02,3.2110e+02,3.2095e+02,3.2082e+02,3.2069e+02,3.2058e+02,3.2047e+02,3.2037e+02,3.2029e+02,3.2021e+02,3.2014e+02,3.2008e+02,3.2003e+02,3.1999e+02,3.1995e+02,3.1993e+02,3.1991e+02,3.1990e+02,3.2354e+02,3.2354e+02,3.2354e+02,3.2354e+02,3.2355e+02,3.2355e+02,3.2355e+02,3.2356e+02,3.2357e+02,3.2357e+02,3.2358e+02,3.2359e+02,3.2360e+02,3.2361e+02,3.2363e+02,3.2364e+02,3.2366e+02,3.2368e+02,3.2369e+02,3.2371e+02,3.2374e+02,3.2376e+02,3.2378e+02,3.2380e+02,3.2383e+02,3.2385e+02,3.2387e+02,3.2389e+02,3.2391e+02,3.2393e+02,3.2395e+02,3.2396e+02,3.2398e+02,3.2399e+02,3.2399e+02,3.2400e+02,3.2400e+02,3.2400e+02,3.2400e+02,3.2400e+02,3.2400e+02,3.2399e+02,3.2398e+02,3.2397e+02,3.2396e+02,3.2394e+02,3.2392e+02,3.2390e+02,3.2388e+02,3.2386e+02,3.2383e+02,3.2380e+02,3.2377e+02,3.2373e+02,3.2369e+02,3.2365e+02,3.2361e+02,3.2356e+02,3.2351e+02,3.2346e+02,3.2341e+02,3.2335e+02,3.2329e+02,3.2323e+02,3.2317e+02,3.2310e+02,3.2303e+02,3.2295e+02,3.2288e+02,3.2279e+02,3.2271e+02,3.2261e+02,3.2252e+02,3.2241e+02,3.2230e+02,3.2219e+02,3.2206e+02,3.2193e+02,3.2180e+02,3.2165e+02,3.2151e+02,3.2136e+02,3.2121e+02,3.2106e+02,3.2092e+02,3.2079e+02,3.2066e+02,3.2055e+02,3.2044e+02,3.2034e+02,3.2026e+02,3.2018e+02,3.2011e+02,3.2005e+02,3.2000e+02,3.1996e+02,3.1992e+02,3.1990e+02,3.1988e+02,3.1987e+02,3.2361e+02,3.2362e+02,3.2362e+02,3.2362e+02,3.2362e+02,3.2362e+02,3.2363e+02,3.2363e+02,3.2364e+02,3.2364e+02,3.2365e+02,3.2366e+02,3.2367e+02,3.2368e+02,3.2369e+02,3.2370e+02,3.2372e+02,3.2373e+02,3.2375e+02,3.2377e+02,3.2379e+02,3.2382e+02,3.2384e+02,3.2387e+02,3.2390e+02,3.2393e+02,3.2396e+02,3.2399e+02,3.2401e+02,3.2403e+02,3.2405e+02,3.2406e+02,3.2407e+02,3.2408e+02,3.2408e+02,3.2409e+02,3.2409e+02,3.2409e+02,3.2409e+02,3.2408e+02,3.2408e+02,3.2407e+02,3.2406e+02,3.2404e+02,3.2403e+02,3.2401e+02,3.2399e+02,3.2397e+02,3.2395e+02,3.2392e+02,3.2389e+02,3.2386e+02,3.2382e+02,3.2378e+02,3.2373e+02,3.2368e+02,3.2363e+02,3.2357e+02,3.2351e+02,3.2345e+02,3.2338e+02,3.2332e+02,3.2326e+02,3.2319e+02,3.2313e+02,3.2306e+02,3.2299e+02,3.2291e+02,3.2283e+02,3.2275e+02,3.2266e+02,3.2257e+02,3.2247e+02,3.2237e+02,3.2226e+02,3.2214e+02,3.2202e+02,3.2189e+02,3.2176e+02,3.2161e+02,3.2147e+02,3.2132e+02,3.2117e+02,3.2103e+02,3.2089e+02,3.2075e+02,3.2063e+02,3.2051e+02,3.2041e+02,3.2031e+02,3.2022e+02,3.2015e+02,3.2008e+02,3.2002e+02,3.1997e+02,3.1993e+02,3.1989e+02,3.1987e+02,3.1985e+02,3.1984e+02,3.2368e+02,3.2368e+02,3.2369e+02,3.2369e+02,3.2369e+02,3.2369e+02,3.2369e+02,3.2370e+02,3.2370e+02,3.2371e+02,3.2371e+02,3.2372e+02,3.2372e+02,3.2373e+02,3.2374e+02,3.2375e+02,3.2377e+02,3.2378e+02,3.2380e+02,3.2382e+02,3.2385e+02,3.2388e+02,3.2392e+02,3.2396e+02,3.2400e+02,3.2405e+02,3.2409e+02,3.2412e+02,3.2415e+02,3.2418e+02,3.2419e+02,3.2421e+02,3.2422e+02,3.2423e+02,3.2423e+02,3.2423e+02,3.2423e+02,3.2423e+02,3.2423e+02,3.2422e+02,3.2421e+02,3.2420e+02,3.2419e+02,3.2417e+02,3.2416e+02,3.2414e+02,3.2412e+02,3.2409e+02,3.2407e+02,3.2404e+02,3.2400e+02,3.2396e+02,3.2392e+02,3.2387e+02,3.2381e+02,3.2375e+02,3.2368e+02,3.2360e+02,3.2352e+02,3.2344e+02,3.2337e+02,3.2329e+02,3.2322e+02,3.2315e+02,3.2308e+02,3.2301e+02,3.2294e+02,3.2286e+02,3.2278e+02,3.2270e+02,3.2261e+02,3.2252e+02,3.2242e+02,3.2232e+02,3.2221e+02,3.2210e+02,3.2197e+02,3.2185e+02,3.2171e+02,3.2157e+02,3.2143e+02,3.2128e+02,3.2113e+02,3.2099e+02,3.2085e+02,3.2072e+02,3.2059e+02,3.2048e+02,3.2037e+02,3.2028e+02,3.2019e+02,3.2011e+02,3.2005e+02,3.1999e+02,3.1994e+02,3.1990e+02,3.1986e+02,3.1984e+02,3.1982e+02,3.1981e+02,3.2375e+02,3.2375e+02,3.2375e+02,3.2375e+02,3.2375e+02,3.2375e+02,3.2375e+02,3.2376e+02,3.2376e+02,3.2376e+02,3.2377e+02,3.2377e+02,3.2378e+02,3.2378e+02,3.2379e+02,3.2380e+02,3.2382e+02,3.2383e+02,3.2385e+02,3.2388e+02,3.2391e+02,3.2395e+02,3.2400e+02,3.2406e+02,3.2413e+02,3.2421e+02,3.2427e+02,3.2431e+02,3.2435e+02,3.2438e+02,3.2440e+02,3.2441e+02,3.2443e+02,3.2443e+02,3.2444e+02,3.2444e+02,3.2444e+02,3.2443e+02,3.2443e+02,3.2442e+02,3.2441e+02,3.2440e+02,3.2438e+02,3.2437e+02,3.2435e+02,3.2433e+02,3.2430e+02,3.2428e+02,3.2425e+02,3.2421e+02,3.2417e+02,3.2413e+02,3.2408e+02,3.2402e+02,3.2395e+02,3.2387e+02,3.2377e+02,3.2366e+02,3.2355e+02,3.2345e+02,3.2335e+02,3.2327e+02,3.2319e+02,3.2311e+02,3.2304e+02,3.2296e+02,3.2289e+02,3.2281e+02,3.2273e+02,3.2265e+02,3.2256e+02,3.2247e+02,3.2237e+02,3.2227e+02,3.2216e+02,3.2204e+02,3.2192e+02,3.2180e+02,3.2166e+02,3.2152e+02,3.2138e+02,3.2123e+02,3.2109e+02,3.2094e+02,3.2081e+02,3.2068e+02,3.2055e+02,3.2044e+02,3.2034e+02,3.2024e+02,3.2016e+02,3.2008e+02,3.2001e+02,3.1996e+02,3.1991e+02,3.1987e+02,3.1983e+02,3.1981e+02,3.1979e+02,3.1978e+02,3.2380e+02,3.2380e+02,3.2380e+02,3.2380e+02,3.2380e+02,3.2380e+02,3.2381e+02,3.2381e+02,3.2381e+02,3.2381e+02,3.2381e+02,3.2382e+02,3.2382e+02,3.2383e+02,3.2384e+02,3.2385e+02,3.2386e+02,3.2388e+02,3.2390e+02,3.2393e+02,3.2397e+02,3.2401e+02,3.2408e+02,3.2416e+02,3.2428e+02,3.2439e+02,3.2448e+02,3.2454e+02,3.2458e+02,3.2462e+02,3.2464e+02,3.2466e+02,3.2467e+02,3.2468e+02,3.2468e+02,3.2468e+02,3.2468e+02,3.2467e+02,3.2467e+02,3.2466e+02,3.2464e+02,3.2463e+02,3.2462e+02,3.2460e+02,3.2458e+02,3.2455e+02,3.2453e+02,3.2450e+02,3.2446e+02,3.2443e+02,3.2438e+02,3.2433e+02,3.2427e+02,3.2420e+02,3.2412e+02,3.2402e+02,3.2389e+02,3.2374e+02,3.2358e+02,3.2345e+02,3.2334e+02,3.2324e+02,3.2315e+02,3.2307e+02,3.2299e+02,3.2291e+02,3.2283e+02,3.2275e+02,3.2267e+02,3.2259e+02,3.2250e+02,3.2241e+02,3.2231e+02,3.2221e+02,3.2210e+02,3.2199e+02,3.2187e+02,3.2174e+02,3.2161e+02,3.2147e+02,3.2133e+02,3.2118e+02,3.2104e+02,3.2090e+02,3.2076e+02,3.2063e+02,3.2051e+02,3.2040e+02,3.2030e+02,3.2020e+02,3.2012e+02,3.2005e+02,3.1998e+02,3.1992e+02,3.1987e+02,3.1983e+02,3.1980e+02,3.1978e+02,3.1976e+02,3.1975e+02,3.2385e+02,3.2385e+02,3.2385e+02,3.2385e+02,3.2385e+02,3.2385e+02,3.2385e+02,3.2385e+02,3.2385e+02,3.2385e+02,3.2386e+02,3.2386e+02,3.2386e+02,3.2387e+02,3.2388e+02,3.2389e+02,3.2390e+02,3.2392e+02,3.2394e+02,3.2397e+02,3.2402e+02,3.2407e+02,3.2415e+02,3.2425e+02,3.2439e+02,3.2453e+02,3.2463e+02,3.2470e+02,3.2476e+02,3.2480e+02,3.2483e+02,3.2485e+02,3.2486e+02,3.2487e+02,3.2487e+02,3.2487e+02,3.2486e+02,3.2486e+02,3.2485e+02,3.2483e+02,3.2482e+02,3.2481e+02,3.2479e+02,3.2477e+02,3.2474e+02,3.2472e+02,3.2469e+02,3.2466e+02,3.2462e+02,3.2458e+02,3.2453e+02,3.2447e+02,3.2441e+02,3.2433e+02,3.2423e+02,3.2411e+02,3.2396e+02,3.2378e+02,3.2359e+02,3.2344e+02,3.2332e+02,3.2321e+02,3.2311e+02,3.2302e+02,3.2293e+02,3.2285e+02,3.2277e+02,3.2269e+02,3.2260e+02,3.2252e+02,3.2243e+02,3.2234e+02,3.2224e+02,3.2214e+02,3.2204e+02,3.2192e+02,3.2180e+02,3.2168e+02,3.2155e+02,3.2141e+02,3.2127e+02,3.2113e+02,3.2099e+02,3.2085e+02,3.2072e+02,3.2059e+02,3.2047e+02,3.2036e+02,3.2026e+02,3.2017e+02,3.2008e+02,3.2001e+02,3.1994e+02,3.1989e+02,3.1984e+02,3.1980e+02,3.1977e+02,3.1975e+02,3.1973e+02,3.1972e+02,3.2389e+02,3.2389e+02,3.2389e+02,3.2389e+02,3.2389e+02,3.2389e+02,3.2389e+02,3.2389e+02,3.2389e+02,3.2389e+02,3.2389e+02,3.2389e+02,3.2390e+02,3.2390e+02,3.2391e+02,3.2392e+02,3.2393e+02,3.2395e+02,3.2398e+02,3.2401e+02,3.2406e+02,3.2412e+02,3.2420e+02,3.2432e+02,3.2447e+02,3.2462e+02,3.2474e+02,3.2482e+02,3.2488e+02,3.2493e+02,3.2496e+02,3.2498e+02,3.2499e+02,3.2500e+02,3.2500e+02,3.2500e+02,3.2499e+02,3.2498e+02,3.2497e+02,3.2496e+02,3.2494e+02,3.2492e+02,3.2490e+02,3.2488e+02,3.2486e+02,3.2483e+02,3.2480e+02,3.2476e+02,3.2472e+02,3.2468e+02,3.2462e+02,3.2456e+02,3.2449e+02,3.2440e+02,3.2429e+02,3.2416e+02,3.2399e+02,3.2379e+02,3.2359e+02,3.2342e+02,3.2328e+02,3.2316e+02,3.2305e+02,3.2296e+02,3.2287e+02,3.2278e+02,3.2270e+02,3.2261e+02,3.2253e+02,3.2245e+02,3.2236e+02,3.2227e+02,3.2217e+02,3.2207e+02,3.2196e+02,3.2185e+02,3.2174e+02,3.2161e+02,3.2149e+02,3.2135e+02,3.2122e+02,3.2107e+02,3.2093e+02,3.2080e+02,3.2066e+02,3.2054e+02,3.2042e+02,3.2032e+02,3.2022e+02,3.2013e+02,3.2004e+02,3.1997e+02,3.1991e+02,3.1985e+02,3.1981e+02,3.1977e+02,3.1974e+02,3.1971e+02,3.1970e+02,3.1969e+02,3.2393e+02,3.2393e+02,3.2393e+02,3.2393e+02,3.2393e+02,3.2393e+02,3.2392e+02,3.2392e+02,3.2392e+02,3.2392e+02,3.2392e+02,3.2392e+02,3.2392e+02,3.2393e+02,3.2393e+02,3.2394e+02,3.2396e+02,3.2397e+02,3.2400e+02,3.2404e+02,3.2409e+02,3.2415e+02,3.2424e+02,3.2436e+02,3.2452e+02,3.2468e+02,3.2480e+02,3.2489e+02,3.2496e+02,3.2500e+02,3.2504e+02,3.2506e+02,3.2507e+02,3.2508e+02,3.2508e+02,3.2507e+02,3.2507e+02,3.2506e+02,3.2504e+02,3.2503e+02,3.2501e+02,3.2499e+02,3.2497e+02,3.2495e+02,3.2492e+02,3.2489e+02,3.2486e+02,3.2482e+02,3.2477e+02,3.2472e+02,3.2467e+02,3.2460e+02,3.2452e+02,3.2442e+02,3.2431e+02,3.2416e+02,3.2399e+02,3.2377e+02,3.2356e+02,3.2338e+02,3.2323e+02,3.2310e+02,3.2299e+02,3.2289e+02,3.2279e+02,3.2270e+02,3.2262e+02,3.2253e+02,3.2245e+02,3.2236e+02,3.2228e+02,3.2218e+02,3.2209e+02,3.2199e+02,3.2189e+02,3.2178e+02,3.2166e+02,3.2154e+02,3.2142e+02,3.2129e+02,3.2115e+02,3.2101e+02,3.2088e+02,3.2074e+02,3.2061e+02,3.2049e+02,3.2037e+02,3.2027e+02,3.2017e+02,3.2008e+02,3.2000e+02,3.1993e+02,3.1987e+02,3.1982e+02,3.1977e+02,3.1973e+02,3.1970e+02,3.1968e+02,3.1967e+02,3.1966e+02,3.2396e+02,3.2396e+02,3.2396e+02,3.2396e+02,3.2396e+02,3.2395e+02,3.2395e+02,3.2395e+02,3.2395e+02,3.2395e+02,3.2395e+02,3.2394e+02,3.2395e+02,3.2395e+02,3.2395e+02,3.2396e+02,3.2397e+02,3.2399e+02,3.2402e+02,3.2405e+02,3.2410e+02,3.2417e+02,3.2426e+02,3.2439e+02,3.2455e+02,3.2471e+02,3.2484e+02,3.2493e+02,3.2499e+02,3.2504e+02,3.2507e+02,3.2509e+02,3.2511e+02,3.2511e+02,3.2511e+02,3.2510e+02,3.2510e+02,3.2508e+02,3.2507e+02,3.2505e+02,3.2503e+02,3.2501e+02,3.2499e+02,3.2496e+02,3.2493e+02,3.2490e+02,3.2486e+02,3.2482e+02,3.2478e+02,3.2472e+02,3.2466e+02,3.2459e+02,3.2451e+02,3.2440e+02,3.2428e+02,3.2413e+02,3.2395e+02,3.2372e+02,3.2350e+02,3.2332e+02,3.2316e+02,3.2303e+02,3.2291e+02,3.2280e+02,3.2271e+02,3.2262e+02,3.2253e+02,3.2244e+02,3.2236e+02,3.2227e+02,3.2219e+02,3.2210e+02,3.2200e+02,3.2190e+02,3.2180e+02,3.2169e+02,3.2158e+02,3.2146e+02,3.2134e+02,3.2121e+02,3.2108e+02,3.2095e+02,3.2081e+02,3.2068e+02,3.2055e+02,3.2044e+02,3.2032e+02,3.2022e+02,3.2013e+02,3.2004e+02,3.1996e+02,3.1989e+02,3.1983e+02,3.1978e+02,3.1974e+02,3.1970e+02,3.1967e+02,3.1965e+02,3.1963e+02,3.1963e+02,3.2398e+02,3.2398e+02,3.2398e+02,3.2398e+02,3.2398e+02,3.2398e+02,3.2397e+02,3.2397e+02,3.2397e+02,3.2397e+02,3.2396e+02,3.2396e+02,3.2396e+02,3.2396e+02,3.2396e+02,3.2397e+02,3.2398e+02,3.2400e+02,3.2402e+02,3.2406e+02,3.2411e+02,3.2417e+02,3.2426e+02,3.2439e+02,3.2455e+02,3.2471e+02,3.2483e+02,3.2492e+02,3.2499e+02,3.2504e+02,3.2507e+02,3.2508e+02,3.2509e+02,3.2510e+02,3.2509e+02,3.2509e+02,3.2508e+02,3.2506e+02,3.2505e+02,3.2503e+02,3.2501e+02,3.2498e+02,3.2496e+02,3.2493e+02,3.2490e+02,3.2487e+02,3.2483e+02,3.2478e+02,3.2474e+02,3.2468e+02,3.2462e+02,3.2454e+02,3.2445e+02,3.2435e+02,3.2422e+02,3.2407e+02,3.2388e+02,3.2365e+02,3.2342e+02,3.2323e+02,3.2307e+02,3.2293e+02,3.2281e+02,3.2271e+02,3.2261e+02,3.2252e+02,3.2243e+02,3.2234e+02,3.2226e+02,3.2217e+02,3.2209e+02,3.2200e+02,3.2190e+02,3.2181e+02,3.2171e+02,3.2160e+02,3.2149e+02,3.2138e+02,3.2126e+02,3.2113e+02,3.2101e+02,3.2088e+02,3.2074e+02,3.2062e+02,3.2049e+02,3.2038e+02,3.2027e+02,3.2017e+02,3.2008e+02,3.2000e+02,3.1992e+02,3.1985e+02,3.1980e+02,3.1974e+02,3.1970e+02,3.1967e+02,3.1964e+02,3.1962e+02,3.1960e+02,3.1959e+02,3.2400e+02,3.2400e+02,3.2400e+02,3.2400e+02,3.2400e+02,3.2399e+02,3.2399e+02,3.2399e+02,3.2398e+02,3.2398e+02,3.2398e+02,3.2397e+02,3.2397e+02,3.2397e+02,3.2397e+02,3.2397e+02,3.2398e+02,3.2400e+02,3.2402e+02,3.2405e+02,3.2409e+02,3.2416e+02,3.2425e+02,3.2436e+02,3.2452e+02,3.2468e+02,3.2480e+02,3.2489e+02,3.2495e+02,3.2499e+02,3.2502e+02,3.2503e+02,3.2504e+02,3.2504e+02,3.2503e+02,3.2503e+02,3.2501e+02,3.2500e+02,3.2498e+02,3.2496e+02,3.2493e+02,3.2491e+02,3.2488e+02,3.2485e+02,3.2482e+02,3.2478e+02,3.2474e+02,3.2470e+02,3.2465e+02,3.2459e+02,3.2452e+02,3.2445e+02,3.2436e+02,3.2425e+02,3.2412e+02,3.2397e+02,3.2378e+02,3.2354e+02,3.2332e+02,3.2313e+02,3.2296e+02,3.2283e+02,3.2271e+02,3.2260e+02,3.2250e+02,3.2241e+02,3.2232e+02,3.2223e+02,3.2215e+02,3.2206e+02,3.2198e+02,3.2189e+02,3.2180e+02,3.2171e+02,3.2161e+02,3.2151e+02,3.2140e+02,3.2129e+02,3.2117e+02,3.2105e+02,3.2093e+02,3.2080e+02,3.2067e+02,3.2055e+02,3.2043e+02,3.2032e+02,3.2021e+02,3.2012e+02,3.2003e+02,3.1995e+02,3.1988e+02,3.1981e+02,3.1976e+02,3.1971e+02,3.1966e+02,3.1963e+02,3.1960e+02,3.1958e+02,3.1957e+02,3.1956e+02,3.2402e+02,3.2402e+02,3.2401e+02,3.2401e+02,3.2401e+02,3.2401e+02,3.2400e+02,3.2400e+02,3.2399e+02,3.2399e+02,3.2398e+02,3.2398e+02,3.2397e+02,3.2397e+02,3.2397e+02,3.2397e+02,3.2398e+02,3.2399e+02,3.2400e+02,3.2403e+02,3.2407e+02,3.2413e+02,3.2421e+02,3.2432e+02,3.2447e+02,3.2462e+02,3.2473e+02,3.2481e+02,3.2487e+02,3.2490e+02,3.2492e+02,3.2494e+02,3.2494e+02,3.2494e+02,3.2493e+02,3.2492e+02,3.2490e+02,3.2488e+02,3.2486e+02,3.2484e+02,3.2481e+02,3.2479e+02,3.2476e+02,3.2473e+02,3.2469e+02,3.2465e+02,3.2461e+02,3.2457e+02,3.2451e+02,3.2446e+02,3.2439e+02,3.2431e+02,3.2422e+02,3.2411e+02,3.2399e+02,3.2383e+02,3.2364e+02,3.2341e+02,3.2319e+02,3.2300e+02,3.2284e+02,3.2270e+02,3.2258e+02,3.2247e+02,3.2237e+02,3.2228e+02,3.2219e+02,3.2211e+02,3.2203e+02,3.2194e+02,3.2186e+02,3.2177e+02,3.2168e+02,3.2159e+02,3.2150e+02,3.2140e+02,3.2130e+02,3.2119e+02,3.2108e+02,3.2096e+02,3.2084e+02,3.2072e+02,3.2060e+02,3.2048e+02,3.2036e+02,3.2026e+02,3.2016e+02,3.2006e+02,3.1998e+02,3.1990e+02,3.1983e+02,3.1977e+02,3.1971e+02,3.1967e+02,3.1963e+02,3.1959e+02,3.1957e+02,3.1955e+02,3.1953e+02,3.1953e+02,3.2403e+02,3.2403e+02,3.2402e+02,3.2402e+02,3.2402e+02,3.2401e+02,3.2401e+02,3.2400e+02,3.2400e+02,3.2399e+02,3.2398e+02,3.2398e+02,3.2397e+02,3.2397e+02,3.2396e+02,3.2396e+02,3.2396e+02,3.2397e+02,3.2398e+02,3.2400e+02,3.2403e+02,3.2408e+02,3.2415e+02,3.2425e+02,3.2439e+02,3.2453e+02,3.2463e+02,3.2470e+02,3.2474e+02,3.2477e+02,3.2479e+02,3.2479e+02,3.2479e+02,3.2478e+02,3.2477e+02,3.2476e+02,3.2474e+02,3.2472e+02,3.2469e+02,3.2467e+02,3.2464e+02,3.2461e+02,3.2458e+02,3.2455e+02,3.2451e+02,3.2447e+02,3.2443e+02,3.2438e+02,3.2433e+02,3.2427e+02,3.2421e+02,3.2413e+02,3.2404e+02,3.2393e+02,3.2381e+02,3.2366e+02,3.2348e+02,3.2325e+02,3.2303e+02,3.2285e+02,3.2269e+02,3.2256e+02,3.2244e+02,3.2234e+02,3.2224e+02,3.2215e+02,3.2206e+02,3.2198e+02,3.2190e+02,3.2181e+02,3.2173e+02,3.2165e+02,3.2156e+02,3.2147e+02,3.2138e+02,3.2129e+02,3.2119e+02,3.2108e+02,3.2097e+02,3.2086e+02,3.2075e+02,3.2063e+02,3.2052e+02,3.2040e+02,3.2029e+02,3.2019e+02,3.2010e+02,3.2001e+02,3.1993e+02,3.1985e+02,3.1979e+02,3.1973e+02,3.1967e+02,3.1963e+02,3.1959e+02,3.1956e+02,3.1953e+02,3.1951e+02,3.1950e+02,3.1949e+02,3.2403e+02,3.2403e+02,3.2403e+02,3.2403e+02,3.2402e+02,3.2402e+02,3.2401e+02,3.2400e+02,3.2400e+02,3.2399e+02,3.2398e+02,3.2397e+02,3.2396e+02,3.2396e+02,3.2395e+02,3.2394e+02,3.2394e+02,3.2394e+02,3.2395e+02,3.2396e+02,3.2398e+02,3.2402e+02,3.2408e+02,3.2416e+02,3.2428e+02,3.2440e+02,3.2448e+02,3.2454e+02,3.2457e+02,3.2459e+02,3.2460e+02,3.2460e+02,3.2459e+02,3.2458e+02,3.2456e+02,3.2454e+02,3.2452e+02,3.2450e+02,3.2447e+02,3.2445e+02,3.2442e+02,3.2439e+02,3.2435e+02,3.2432e+02,3.2428e+02,3.2424e+02,3.2420e+02,3.2415e+02,3.2410e+02,3.2404e+02,3.2397e+02,3.2390e+02,3.2381e+02,3.2371e+02,3.2359e+02,3.2344e+02,3.2327e+02,3.2306e+02,3.2285e+02,3.2268e+02,3.2253e+02,3.2240e+02,3.2229e+02,3.2219e+02,3.2209e+02,3.2200e+02,3.2192e+02,3.2184e+02,3.2176e+02,3.2168e+02,3.2160e+02,3.2151e+02,3.2143e+02,3.2134e+02,3.2126e+02,3.2116e+02,3.2107e+02,3.2097e+02,3.2087e+02,3.2076e+02,3.2065e+02,3.2054e+02,3.2043e+02,3.2032e+02,3.2022e+02,3.2012e+02,3.2003e+02,3.1995e+02,3.1987e+02,3.1980e+02,3.1974e+02,3.1968e+02,3.1963e+02,3.1959e+02,3.1955e+02,3.1952e+02,3.1950e+02,3.1948e+02,3.1947e+02,3.1946e+02,3.2403e+02,3.2403e+02,3.2403e+02,3.2402e+02,3.2402e+02,3.2401e+02,3.2401e+02,3.2400e+02,3.2399e+02,3.2398e+02,3.2397e+02,3.2396e+02,3.2395e+02,3.2394e+02,3.2393e+02,3.2392e+02,3.2391e+02,3.2391e+02,3.2391e+02,3.2391e+02,3.2392e+02,3.2395e+02,3.2399e+02,3.2405e+02,3.2414e+02,3.2423e+02,3.2429e+02,3.2433e+02,3.2435e+02,3.2435e+02,3.2435e+02,3.2435e+02,3.2433e+02,3.2432e+02,3.2430e+02,3.2427e+02,3.2425e+02,3.2422e+02,3.2419e+02,3.2416e+02,3.2413e+02,3.2410e+02,3.2407e+02,3.2403e+02,3.2399e+02,3.2395e+02,3.2391e+02,3.2386e+02,3.2381e+02,3.2375e+02,3.2368e+02,3.2361e+02,3.2352e+02,3.2343e+02,3.2332e+02,3.2318e+02,3.2303e+02,3.2283e+02,3.2265e+02,3.2249e+02,3.2235e+02,3.2223e+02,3.2212e+02,3.2203e+02,3.2194e+02,3.2185e+02,3.2177e+02,3.2169e+02,3.2161e+02,3.2153e+02,3.2145e+02,3.2137e+02,3.2129e+02,3.2121e+02,3.2113e+02,3.2104e+02,3.2095e+02,3.2085e+02,3.2075e+02,3.2065e+02,3.2055e+02,3.2045e+02,3.2034e+02,3.2024e+02,3.2015e+02,3.2006e+02,3.1997e+02,3.1989e+02,3.1982e+02,3.1975e+02,3.1969e+02,3.1964e+02,3.1959e+02,3.1955e+02,3.1951e+02,3.1949e+02,3.1946e+02,3.1945e+02,3.1943e+02,3.1943e+02,3.2403e+02,3.2402e+02,3.2402e+02,3.2402e+02,3.2401e+02,3.2401e+02,3.2400e+02,3.2399e+02,3.2398e+02,3.2397e+02,3.2396e+02,3.2395e+02,3.2393e+02,3.2392e+02,3.2391e+02,3.2389e+02,3.2388e+02,3.2387e+02,3.2386e+02,3.2385e+02,3.2386e+02,3.2386e+02,3.2388e+02,3.2391e+02,3.2396e+02,3.2401e+02,3.2404e+02,3.2406e+02,3.2406e+02,3.2406e+02,3.2405e+02,3.2403e+02,3.2401e+02,3.2399e+02,3.2396e+02,3.2394e+02,3.2391e+02,3.2388e+02,3.2385e+02,3.2382e+02,3.2379e+02,3.2375e+02,3.2372e+02,3.2368e+02,3.2364e+02,3.2360e+02,3.2355e+02,3.2350e+02,3.2345e+02,3.2339e+02,3.2333e+02,3.2326e+02,3.2318e+02,3.2309e+02,3.2298e+02,3.2287e+02,3.2273e+02,3.2258e+02,3.2242e+02,3.2229e+02,3.2216e+02,3.2205e+02,3.2195e+02,3.2186e+02,3.2177e+02,3.2169e+02,3.2161e+02,3.2154e+02,3.2146e+02,3.2138e+02,3.2131e+02,3.2123e+02,3.2115e+02,3.2107e+02,3.2099e+02,3.2091e+02,3.2082e+02,3.2073e+02,3.2064e+02,3.2054e+02,3.2045e+02,3.2035e+02,3.2026e+02,3.2016e+02,3.2007e+02,3.1999e+02,3.1991e+02,3.1983e+02,3.1976e+02,3.1970e+02,3.1964e+02,3.1959e+02,3.1955e+02,3.1951e+02,3.1948e+02,3.1945e+02,3.1943e+02,3.1941e+02,3.1940e+02,3.1940e+02,3.2402e+02,3.2401e+02,3.2401e+02,3.2401e+02,3.2400e+02,3.2399e+02,3.2399e+02,3.2398e+02,3.2397e+02,3.2395e+02,3.2394e+02,3.2393e+02,3.2391e+02,3.2389e+02,3.2388e+02,3.2386e+02,3.2384e+02,3.2383e+02,3.2381e+02,3.2379e+02,3.2378e+02,3.2378e+02,3.2377e+02,3.2378e+02,3.2378e+02,3.2379e+02,3.2379e+02,3.2379e+02,3.2378e+02,3.2376e+02,3.2374e+02,3.2372e+02,3.2369e+02,3.2366e+02,3.2364e+02,3.2361e+02,3.2357e+02,3.2354e+02,3.2351e+02,3.2348e+02,3.2344e+02,3.2341e+02,3.2337e+02,3.2333e+02,3.2329e+02,3.2325e+02,3.2320e+02,3.2315e+02,3.2310e+02,3.2304e+02,3.2298e+02,3.2291e+02,3.2284e+02,3.2275e+02,3.2266e+02,3.2256e+02,3.2244e+02,3.2232e+02,3.2220e+02,3.2208e+02,3.2198e+02,3.2188e+02,3.2178e+02,3.2170e+02,3.2161e+02,3.2153e+02,3.2146e+02,3.2138e+02,3.2131e+02,3.2124e+02,3.2116e+02,3.2109e+02,3.2101e+02,3.2094e+02,3.2086e+02,3.2078e+02,3.2070e+02,3.2061e+02,3.2052e+02,3.2044e+02,3.2035e+02,3.2026e+02,3.2017e+02,3.2008e+02,3.2000e+02,3.1992e+02,3.1984e+02,3.1977e+02,3.1971e+02,3.1965e+02,3.1960e+02,3.1955e+02,3.1951e+02,3.1947e+02,3.1944e+02,3.1942e+02,3.1939e+02,3.1938e+02,3.1937e+02,3.1936e+02,3.2400e+02,3.2400e+02,3.2400e+02,3.2399e+02,3.2399e+02,3.2398e+02,3.2397e+02,3.2396e+02,3.2395e+02,3.2393e+02,3.2392e+02,3.2390e+02,3.2388e+02,3.2387e+02,3.2385e+02,3.2382e+02,3.2380e+02,3.2378e+02,3.2375e+02,3.2373e+02,3.2371e+02,3.2369e+02,3.2367e+02,3.2365e+02,3.2363e+02,3.2361e+02,3.2359e+02,3.2357e+02,3.2355e+02,3.2352e+02,3.2349e+02,3.2346e+02,3.2343e+02,3.2339e+02,3.2336e+02,3.2333e+02,3.2329e+02,3.2326e+02,3.2322e+02,3.2319e+02,3.2315e+02,3.2312e+02,3.2308e+02,3.2304e+02,3.2300e+02,3.2295e+02,3.2291e+02,3.2286e+02,3.2281e+02,3.2275e+02,3.2269e+02,3.2262e+02,3.2255e+02,3.2247e+02,3.2239e+02,3.2230e+02,3.2220e+02,3.2210e+02,3.2199e+02,3.2189e+02,3.2180e+02,3.2170e+02,3.2162e+02,3.2154e+02,3.2146e+02,3.2138e+02,3.2131e+02,3.2123e+02,3.2116e+02,3.2109e+02,3.2102e+02,3.2095e+02,3.2088e+02,3.2080e+02,3.2073e+02,3.2065e+02,3.2057e+02,3.2049e+02,3.2041e+02,3.2033e+02,3.2025e+02,3.2016e+02,3.2008e+02,3.2000e+02,3.1993e+02,3.1985e+02,3.1978e+02,3.1972e+02,3.1966e+02,3.1960e+02,3.1955e+02,3.1951e+02,3.1947e+02,3.1944e+02,3.1941e+02,3.1938e+02,3.1936e+02,3.1935e+02,3.1934e+02,3.1933e+02,3.2398e+02,3.2398e+02,3.2397e+02,3.2397e+02,3.2396e+02,3.2396e+02,3.2395e+02,3.2393e+02,3.2392e+02,3.2391e+02,3.2389e+02,3.2387e+02,3.2385e+02,3.2383e+02,3.2381e+02,3.2378e+02,3.2376e+02,3.2373e+02,3.2370e+02,3.2367e+02,3.2364e+02,3.2360e+02,3.2357e+02,3.2354e+02,3.2350e+02,3.2346e+02,3.2343e+02,3.2339e+02,3.2336e+02,3.2332e+02,3.2328e+02,3.2324e+02,3.2321e+02,3.2317e+02,3.2313e+02,3.2310e+02,3.2306e+02,3.2302e+02,3.2299e+02,3.2295e+02,3.2291e+02,3.2287e+02,3.2283e+02,3.2279e+02,3.2275e+02,3.2270e+02,3.2266e+02,3.2261e+02,3.2256e+02,3.2250e+02,3.2244e+02,3.2238e+02,3.2231e+02,3.2224e+02,3.2216e+02,3.2207e+02,3.2199e+02,3.2190e+02,3.2180e+02,3.2171e+02,3.2163e+02,3.2154e+02,3.2146e+02,3.2138e+02,3.2131e+02,3.2123e+02,3.2116e+02,3.2109e+02,3.2102e+02,3.2095e+02,3.2088e+02,3.2082e+02,3.2075e+02,3.2068e+02,3.2060e+02,3.2053e+02,3.2046e+02,3.2038e+02,3.2031e+02,3.2023e+02,3.2015e+02,3.2008e+02,3.2000e+02,3.1993e+02,3.1986e+02,3.1979e+02,3.1972e+02,3.1966e+02,3.1961e+02,3.1956e+02,3.1951e+02,3.1947e+02,3.1943e+02,3.1940e+02,3.1937e+02,3.1935e+02,3.1933e+02,3.1932e+02,3.1931e+02,3.1930e+02,3.2395e+02,3.2395e+02,3.2395e+02,3.2394e+02,3.2394e+02,3.2393e+02,3.2392e+02,3.2391e+02,3.2389e+02,3.2388e+02,3.2386e+02,3.2384e+02,3.2382e+02,3.2379e+02,3.2377e+02,3.2374e+02,3.2371e+02,3.2368e+02,3.2364e+02,3.2361e+02,3.2357e+02,3.2352e+02,3.2348e+02,3.2343e+02,3.2339e+02,3.2334e+02,3.2329e+02,3.2324e+02,3.2320e+02,3.2315e+02,3.2311e+02,3.2307e+02,3.2303e+02,3.2298e+02,3.2294e+02,3.2291e+02,3.2287e+02,3.2283e+02,3.2279e+02,3.2275e+02,3.2271e+02,3.2267e+02,3.2263e+02,3.2259e+02,3.2254e+02,3.2250e+02,3.2245e+02,3.2240e+02,3.2235e+02,3.2230e+02,3.2224e+02,3.2217e+02,3.2211e+02,3.2204e+02,3.2196e+02,3.2189e+02,3.2180e+02,3.2172e+02,3.2164e+02,3.2155e+02,3.2147e+02,3.2139e+02,3.2131e+02,3.2124e+02,3.2117e+02,3.2109e+02,3.2103e+02,3.2096e+02,3.2089e+02,3.2082e+02,3.2076e+02,3.2069e+02,3.2062e+02,3.2056e+02,3.2049e+02,3.2042e+02,3.2035e+02,3.2028e+02,3.2021e+02,3.2014e+02,3.2006e+02,3.1999e+02,3.1992e+02,3.1985e+02,3.1979e+02,3.1973e+02,3.1967e+02,3.1961e+02,3.1956e+02,3.1951e+02,3.1947e+02,3.1943e+02,3.1939e+02,3.1936e+02,3.1934e+02,3.1932e+02,3.1930e+02,3.1929e+02,3.1928e+02,3.1927e+02,3.2392e+02,3.2392e+02,3.2392e+02,3.2391e+02,3.2390e+02,3.2389e+02,3.2388e+02,3.2387e+02,3.2386e+02,3.2384e+02,3.2382e+02,3.2380e+02,3.2378e+02,3.2375e+02,3.2372e+02,3.2369e+02,3.2366e+02,3.2362e+02,3.2359e+02,3.2354e+02,3.2350e+02,3.2345e+02,3.2340e+02,3.2335e+02,3.2329e+02,3.2323e+02,3.2318e+02,3.2312e+02,3.2307e+02,3.2302e+02,3.2297e+02,3.2293e+02,3.2288e+02,3.2284e+02,3.2279e+02,3.2275e+02,3.2271e+02,3.2267e+02,3.2263e+02,3.2259e+02,3.2255e+02,3.2251e+02,3.2246e+02,3.2242e+02,3.2238e+02,3.2233e+02,3.2228e+02,3.2223e+02,3.2218e+02,3.2213e+02,3.2207e+02,3.2201e+02,3.2194e+02,3.2187e+02,3.2180e+02,3.2173e+02,3.2165e+02,3.2157e+02,3.2149e+02,3.2141e+02,3.2133e+02,3.2126e+02,3.2118e+02,3.2111e+02,3.2104e+02,3.2097e+02,3.2090e+02,3.2083e+02,3.2077e+02,3.2070e+02,3.2064e+02,3.2057e+02,3.2051e+02,3.2045e+02,3.2038e+02,3.2032e+02,3.2025e+02,3.2018e+02,3.2012e+02,3.2005e+02,3.1998e+02,3.1992e+02,3.1985e+02,3.1979e+02,3.1973e+02,3.1967e+02,3.1961e+02,3.1956e+02,3.1951e+02,3.1947e+02,3.1943e+02,3.1939e+02,3.1936e+02,3.1933e+02,3.1931e+02,3.1929e+02,3.1927e+02,3.1926e+02,3.1925e+02,3.1925e+02,3.2388e+02,3.2388e+02,3.2388e+02,3.2387e+02,3.2387e+02,3.2386e+02,3.2385e+02,3.2383e+02,3.2382e+02,3.2380e+02,3.2378e+02,3.2376e+02,3.2373e+02,3.2371e+02,3.2368e+02,3.2364e+02,3.2361e+02,3.2357e+02,3.2353e+02,3.2348e+02,3.2344e+02,3.2338e+02,3.2333e+02,3.2327e+02,3.2321e+02,3.2315e+02,3.2309e+02,3.2303e+02,3.2297e+02,3.2292e+02,3.2286e+02,3.2281e+02,3.2277e+02,3.2272e+02,3.2267e+02,3.2263e+02,3.2259e+02,3.2254e+02,3.2250e+02,3.2246e+02,3.2242e+02,3.2238e+02,3.2233e+02,3.2229e+02,3.2225e+02,3.2220e+02,3.2215e+02,3.2210e+02,3.2205e+02,3.2199e+02,3.2193e+02,3.2187e+02,3.2181e+02,3.2174e+02,3.2167e+02,3.2160e+02,3.2152e+02,3.2144e+02,3.2136e+02,3.2129e+02,3.2121e+02,3.2113e+02,3.2106e+02,3.2099e+02,3.2092e+02,3.2085e+02,3.2078e+02,3.2072e+02,3.2065e+02,3.2059e+02,3.2053e+02,3.2047e+02,3.2041e+02,3.2034e+02,3.2028e+02,3.2022e+02,3.2016e+02,3.2009e+02,3.2003e+02,3.1997e+02,3.1991e+02,3.1984e+02,3.1978e+02,3.1972e+02,3.1967e+02,3.1961e+02,3.1956e+02,3.1951e+02,3.1947e+02,3.1943e+02,3.1939e+02,3.1936e+02,3.1933e+02,3.1930e+02,3.1928e+02,3.1926e+02,3.1924e+02,3.1923e+02,3.1922e+02,3.1922e+02,3.2384e+02,3.2384e+02,3.2383e+02,3.2383e+02,3.2382e+02,3.2381e+02,3.2380e+02,3.2379e+02,3.2377e+02,3.2375e+02,3.2373e+02,3.2371e+02,3.2369e+02,3.2366e+02,3.2363e+02,3.2359e+02,3.2356e+02,3.2352e+02,3.2347e+02,3.2343e+02,3.2337e+02,3.2332e+02,3.2326e+02,3.2320e+02,3.2314e+02,3.2307e+02,3.2301e+02,3.2295e+02,3.2289e+02,3.2284e+02,3.2278e+02,3.2273e+02,3.2268e+02,3.2263e+02,3.2259e+02,3.2254e+02,3.2250e+02,3.2245e+02,3.2241e+02,3.2237e+02,3.2233e+02,3.2228e+02,3.2224e+02,3.2219e+02,3.2215e+02,3.2210e+02,3.2205e+02,3.2200e+02,3.2195e+02,3.2189e+02,3.2183e+02,3.2177e+02,3.2171e+02,3.2164e+02,3.2156e+02,3.2149e+02,3.2141e+02,3.2134e+02,3.2126e+02,3.2118e+02,3.2110e+02,3.2103e+02,3.2095e+02,3.2088e+02,3.2081e+02,3.2074e+02,3.2068e+02,3.2061e+02,3.2055e+02,3.2049e+02,3.2043e+02,3.2037e+02,3.2031e+02,3.2025e+02,3.2019e+02,3.2013e+02,3.2007e+02,3.2001e+02,3.1995e+02,3.1989e+02,3.1984e+02,3.1978e+02,3.1972e+02,3.1967e+02,3.1961e+02,3.1956e+02,3.1951e+02,3.1947e+02,3.1943e+02,3.1939e+02,3.1935e+02,3.1932e+02,3.1930e+02,3.1927e+02,3.1925e+02,3.1923e+02,3.1922e+02,3.1921e+02,3.1920e+02,3.1920e+02,3.2379e+02,3.2379e+02,3.2378e+02,3.2378e+02,3.2377e+02,3.2376e+02,3.2375e+02,3.2374e+02,3.2372e+02,3.2370e+02,3.2368e+02,3.2366e+02,3.2363e+02,3.2360e+02,3.2357e+02,3.2354e+02,3.2350e+02,3.2346e+02,3.2342e+02,3.2337e+02,3.2332e+02,3.2326e+02,3.2321e+02,3.2315e+02,3.2308e+02,3.2302e+02,3.2296e+02,3.2290e+02,3.2284e+02,3.2278e+02,3.2273e+02,3.2267e+02,3.2262e+02,3.2257e+02,3.2253e+02,3.2248e+02,3.2244e+02,3.2239e+02,3.2235e+02,3.2231e+02,3.2226e+02,3.2222e+02,3.2217e+02,3.2213e+02,3.2208e+02,3.2204e+02,3.2199e+02,3.2193e+02,3.2188e+02,3.2182e+02,3.2176e+02,3.2170e+02,3.2163e+02,3.2156e+02,3.2149e+02,3.2141e+02,3.2133e+02,3.2125e+02,3.2117e+02,3.2109e+02,3.2101e+02,3.2093e+02,3.2086e+02,3.2078e+02,3.2072e+02,3.2065e+02,3.2058e+02,3.2052e+02,3.2046e+02,3.2040e+02,3.2034e+02,3.2028e+02,3.2022e+02,3.2016e+02,3.2011e+02,3.2005e+02,3.1999e+02,3.1994e+02,3.1988e+02,3.1983e+02,3.1977e+02,3.1972e+02,3.1966e+02,3.1961e+02,3.1956e+02,3.1952e+02,3.1947e+02,3.1943e+02,3.1939e+02,3.1936e+02,3.1932e+02,3.1929e+02,3.1927e+02,3.1924e+02,3.1922e+02,3.1921e+02,3.1919e+02,3.1919e+02,3.1918e+02,3.1918e+02,3.2373e+02,3.2373e+02,3.2373e+02,3.2372e+02,3.2371e+02,3.2371e+02,3.2369e+02,3.2368e+02,3.2366e+02,3.2364e+02,3.2362e+02,3.2360e+02,3.2357e+02,3.2355e+02,3.2351e+02,3.2348e+02,3.2344e+02,3.2340e+02,3.2336e+02,3.2331e+02,3.2326e+02,3.2321e+02,3.2316e+02,3.2310e+02,3.2304e+02,3.2298e+02,3.2292e+02,3.2286e+02,3.2281e+02,3.2275e+02,3.2270e+02,3.2265e+02,3.2260e+02,3.2255e+02,3.2250e+02,3.2245e+02,3.2241e+02,3.2236e+02,3.2232e+02,3.2228e+02,3.2223e+02,3.2219e+02,3.2214e+02,3.2210e+02,3.2205e+02,3.2200e+02,3.2195e+02,3.2190e+02,3.2184e+02,3.2179e+02,3.2172e+02,3.2166e+02,3.2159e+02,3.2152e+02,3.2144e+02,3.2136e+02,3.2127e+02,3.2119e+02,3.2110e+02,3.2101e+02,3.2093e+02,3.2085e+02,3.2077e+02,3.2070e+02,3.2063e+02,3.2056e+02,3.2050e+02,3.2043e+02,3.2037e+02,3.2031e+02,3.2026e+02,3.2020e+02,3.2014e+02,3.2009e+02,3.2003e+02,3.1998e+02,3.1992e+02,3.1987e+02,3.1982e+02,3.1977e+02,3.1971e+02,3.1966e+02,3.1961e+02,3.1956e+02,3.1952e+02,3.1947e+02,3.1943e+02,3.1939e+02,3.1936e+02,3.1932e+02,3.1929e+02,3.1927e+02,3.1924e+02,3.1922e+02,3.1920e+02,3.1919e+02,3.1917e+02,3.1916e+02,3.1916e+02,3.1916e+02,3.2367e+02,3.2367e+02,3.2367e+02,3.2366e+02,3.2365e+02,3.2364e+02,3.2363e+02,3.2362e+02,3.2360e+02,3.2358e+02,3.2356e+02,3.2354e+02,3.2351e+02,3.2348e+02,3.2345e+02,3.2342e+02,3.2338e+02,3.2334e+02,3.2330e+02,3.2326e+02,3.2321e+02,3.2316e+02,3.2311e+02,3.2306e+02,3.2301e+02,3.2296e+02,3.2291e+02,3.2285e+02,3.2280e+02,3.2275e+02,3.2270e+02,3.2265e+02,3.2260e+02,3.2255e+02,3.2250e+02,3.2246e+02,3.2241e+02,3.2237e+02,3.2232e+02,3.2228e+02,3.2223e+02,3.2219e+02,3.2214e+02,3.2210e+02,3.2205e+02,3.2200e+02,3.2195e+02,3.2190e+02,3.2184e+02,3.2178e+02,3.2172e+02,3.2165e+02,3.2158e+02,3.2150e+02,3.2142e+02,3.2133e+02,3.2124e+02,3.2114e+02,3.2105e+02,3.2095e+02,3.2087e+02,3.2078e+02,3.2070e+02,3.2062e+02,3.2055e+02,3.2048e+02,3.2042e+02,3.2036e+02,3.2030e+02,3.2024e+02,3.2018e+02,3.2013e+02,3.2007e+02,3.2002e+02,3.1997e+02,3.1991e+02,3.1986e+02,3.1981e+02,3.1976e+02,3.1971e+02,3.1966e+02,3.1961e+02,3.1957e+02,3.1952e+02,3.1948e+02,3.1944e+02,3.1940e+02,3.1936e+02,3.1933e+02,3.1930e+02,3.1927e+02,3.1924e+02,3.1922e+02,3.1920e+02,3.1918e+02,3.1917e+02,3.1916e+02,3.1915e+02,3.1914e+02,3.1914e+02,3.2360e+02,3.2360e+02,3.2360e+02,3.2359e+02,3.2358e+02,3.2357e+02,3.2356e+02,3.2355e+02,3.2353e+02,3.2351e+02,3.2349e+02,3.2347e+02,3.2344e+02,3.2342e+02,3.2339e+02,3.2335e+02,3.2332e+02,3.2328e+02,3.2324e+02,3.2320e+02,3.2315e+02,3.2311e+02,3.2307e+02,3.2303e+02,3.2299e+02,3.2296e+02,3.2292e+02,3.2287e+02,3.2282e+02,3.2278e+02,3.2273e+02,3.2268e+02,3.2263e+02,3.2258e+02,3.2254e+02,3.2249e+02,3.2245e+02,3.2240e+02,3.2236e+02,3.2231e+02,3.2227e+02,3.2223e+02,3.2218e+02,3.2213e+02,3.2209e+02,3.2204e+02,3.2198e+02,3.2193e+02,3.2187e+02,3.2181e+02,3.2175e+02,3.2168e+02,3.2160e+02,3.2152e+02,3.2143e+02,3.2133e+02,3.2123e+02,3.2112e+02,3.2101e+02,3.2091e+02,3.2081e+02,3.2072e+02,3.2064e+02,3.2056e+02,3.2049e+02,3.2042e+02,3.2035e+02,3.2029e+02,3.2023e+02,3.2017e+02,3.2011e+02,3.2006e+02,3.2001e+02,3.1996e+02,3.1990e+02,3.1985e+02,3.1981e+02,3.1976e+02,3.1971e+02,3.1966e+02,3.1962e+02,3.1957e+02,3.1953e+02,3.1948e+02,3.1944e+02,3.1940e+02,3.1937e+02,3.1933e+02,3.1930e+02,3.1927e+02,3.1924e+02,3.1922e+02,3.1920e+02,3.1918e+02,3.1916e+02,3.1915e+02,3.1914e+02,3.1913e+02,3.1913e+02,3.1912e+02,3.2353e+02,3.2352e+02,3.2352e+02,3.2351e+02,3.2351e+02,3.2350e+02,3.2348e+02,3.2347e+02,3.2346e+02,3.2344e+02,3.2342e+02,3.2339e+02,3.2337e+02,3.2334e+02,3.2331e+02,3.2328e+02,3.2325e+02,3.2321e+02,3.2317e+02,3.2314e+02,3.2310e+02,3.2306e+02,3.2303e+02,3.2300e+02,3.2299e+02,3.2298e+02,3.2295e+02,3.2292e+02,3.2288e+02,3.2283e+02,3.2279e+02,3.2274e+02,3.2270e+02,3.2265e+02,3.2261e+02,3.2256e+02,3.2252e+02,3.2247e+02,3.2243e+02,3.2239e+02,3.2234e+02,3.2230e+02,3.2225e+02,3.2221e+02,3.2216e+02,3.2211e+02,3.2206e+02,3.2200e+02,3.2194e+02,3.2188e+02,3.2181e+02,3.2174e+02,3.2166e+02,3.2157e+02,3.2148e+02,3.2137e+02,3.2125e+02,3.2112e+02,3.2099e+02,3.2087e+02,3.2077e+02,3.2067e+02,3.2058e+02,3.2050e+02,3.2043e+02,3.2035e+02,3.2029e+02,3.2023e+02,3.2017e+02,3.2011e+02,3.2005e+02,3.2000e+02,3.1995e+02,3.1990e+02,3.1985e+02,3.1980e+02,3.1976e+02,3.1971e+02,3.1966e+02,3.1962e+02,3.1957e+02,3.1953e+02,3.1949e+02,3.1945e+02,3.1941e+02,3.1937e+02,3.1934e+02,3.1931e+02,3.1928e+02,3.1925e+02,3.1922e+02,3.1920e+02,3.1918e+02,3.1916e+02,3.1915e+02,3.1914e+02,3.1913e+02,3.1912e+02,3.1911e+02,3.1911e+02,3.2344e+02,3.2344e+02,3.2344e+02,3.2343e+02,3.2342e+02,3.2341e+02,3.2340e+02,3.2339e+02,3.2337e+02,3.2335e+02,3.2333e+02,3.2331e+02,3.2329e+02,3.2326e+02,3.2323e+02,3.2320e+02,3.2317e+02,3.2314e+02,3.2310e+02,3.2307e+02,3.2304e+02,3.2301e+02,3.2298e+02,3.2297e+02,3.2297e+02,3.2298e+02,3.2296e+02,3.2294e+02,3.2290e+02,3.2286e+02,3.2282e+02,3.2278e+02,3.2274e+02,3.2269e+02,3.2265e+02,3.2261e+02,3.2256e+02,3.2252e+02,3.2248e+02,3.2243e+02,3.2239e+02,3.2235e+02,3.2230e+02,3.2225e+02,3.2220e+02,3.2215e+02,3.2210e+02,3.2205e+02,3.2199e+02,3.2192e+02,3.2185e+02,3.2178e+02,3.2170e+02,3.2160e+02,3.2150e+02,3.2139e+02,3.2126e+02,3.2111e+02,3.2097e+02,3.2084e+02,3.2073e+02,3.2062e+02,3.2053e+02,3.2045e+02,3.2037e+02,3.2030e+02,3.2023e+02,3.2017e+02,3.2011e+02,3.2005e+02,3.2000e+02,3.1995e+02,3.1990e+02,3.1985e+02,3.1980e+02,3.1976e+02,3.1971e+02,3.1967e+02,3.1962e+02,3.1958e+02,3.1954e+02,3.1950e+02,3.1946e+02,3.1942e+02,3.1938e+02,3.1935e+02,3.1932e+02,3.1929e+02,3.1926e+02,3.1923e+02,3.1921e+02,3.1919e+02,3.1917e+02,3.1915e+02,3.1914e+02,3.1913e+02,3.1912e+02,3.1911e+02,3.1911e+02,3.1910e+02,3.2335e+02,3.2335e+02,3.2334e+02,3.2334e+02,3.2333e+02,3.2332e+02,3.2331e+02,3.2330e+02,3.2328e+02,3.2326e+02,3.2325e+02,3.2322e+02,3.2320e+02,3.2318e+02,3.2315e+02,3.2312e+02,3.2309e+02,3.2306e+02,3.2303e+02,3.2300e+02,3.2297e+02,3.2295e+02,3.2293e+02,3.2293e+02,3.2294e+02,3.2295e+02,3.2295e+02,3.2293e+02,3.2290e+02,3.2287e+02,3.2283e+02,3.2279e+02,3.2275e+02,3.2271e+02,3.2267e+02,3.2262e+02,3.2258e+02,3.2254e+02,3.2250e+02,3.2245e+02,3.2241e+02,3.2237e+02,3.2232e+02,3.2228e+02,3.2223e+02,3.2218e+02,3.2212e+02,3.2207e+02,3.2201e+02,3.2194e+02,3.2187e+02,3.2179e+02,3.2171e+02,3.2162e+02,3.2151e+02,3.2139e+02,3.2125e+02,3.2110e+02,3.2094e+02,3.2081e+02,3.2069e+02,3.2058e+02,3.2049e+02,3.2040e+02,3.2032e+02,3.2025e+02,3.2018e+02,3.2012e+02,3.2006e+02,3.2001e+02,3.1995e+02,3.1990e+02,3.1985e+02,3.1981e+02,3.1976e+02,3.1972e+02,3.1967e+02,3.1963e+02,3.1959e+02,3.1955e+02,3.1951e+02,3.1947e+02,3.1943e+02,3.1940e+02,3.1936e+02,3.1933e+02,3.1930e+02,3.1927e+02,3.1924e+02,3.1922e+02,3.1920e+02,3.1918e+02,3.1916e+02,3.1914e+02,3.1913e+02,3.1912e+02,3.1911e+02,3.1910e+02,3.1910e+02,3.1910e+02,3.2325e+02,3.2325e+02,3.2324e+02,3.2324e+02,3.2323e+02,3.2322e+02,3.2321e+02,3.2320e+02,3.2318e+02,3.2317e+02,3.2315e+02,3.2313e+02,3.2311e+02,3.2308e+02,3.2306e+02,3.2303e+02,3.2300e+02,3.2297e+02,3.2294e+02,3.2292e+02,3.2289e+02,3.2288e+02,3.2287e+02,3.2287e+02,3.2289e+02,3.2291e+02,3.2291e+02,3.2290e+02,3.2288e+02,3.2285e+02,3.2281e+02,3.2278e+02,3.2274e+02,3.2270e+02,3.2266e+02,3.2262e+02,3.2258e+02,3.2254e+02,3.2250e+02,3.2245e+02,3.2241e+02,3.2237e+02,3.2232e+02,3.2228e+02,3.2223e+02,3.2218e+02,3.2213e+02,3.2207e+02,3.2201e+02,3.2194e+02,3.2187e+02,3.2179e+02,3.2171e+02,3.2161e+02,3.2150e+02,3.2138e+02,3.2123e+02,3.2107e+02,3.2091e+02,3.2077e+02,3.2065e+02,3.2054e+02,3.2044e+02,3.2036e+02,3.2028e+02,3.2021e+02,3.2014e+02,3.2008e+02,3.2002e+02,3.1996e+02,3.1991e+02,3.1986e+02,3.1982e+02,3.1977e+02,3.1973e+02,3.1968e+02,3.1964e+02,3.1960e+02,3.1956e+02,3.1952e+02,3.1948e+02,3.1945e+02,3.1941e+02,3.1938e+02,3.1934e+02,3.1931e+02,3.1928e+02,3.1926e+02,3.1923e+02,3.1921e+02,3.1919e+02,3.1917e+02,3.1915e+02,3.1914e+02,3.1913e+02,3.1912e+02,3.1911e+02,3.1910e+02,3.1910e+02,3.1910e+02,3.2314e+02,3.2314e+02,3.2314e+02,3.2313e+02,3.2312e+02,3.2311e+02,3.2310e+02,3.2309e+02,3.2308e+02,3.2306e+02,3.2304e+02,3.2302e+02,3.2300e+02,3.2298e+02,3.2296e+02,3.2293e+02,3.2290e+02,3.2288e+02,3.2285e+02,3.2283e+02,3.2281e+02,3.2280e+02,3.2279e+02,3.2280e+02,3.2282e+02,3.2285e+02,3.2286e+02,3.2285e+02,3.2283e+02,3.2281e+02,3.2278e+02,3.2274e+02,3.2271e+02,3.2267e+02,3.2263e+02,3.2259e+02,3.2255e+02,3.2251e+02,3.2247e+02,3.2243e+02,3.2239e+02,3.2235e+02,3.2230e+02,3.2226e+02,3.2221e+02,3.2216e+02,3.2211e+02,3.2205e+02,3.2199e+02,3.2192e+02,3.2185e+02,3.2177e+02,3.2168e+02,3.2159e+02,3.2148e+02,3.2135e+02,3.2121e+02,3.2104e+02,3.2088e+02,3.2074e+02,3.2061e+02,3.2050e+02,3.2040e+02,3.2032e+02,3.2024e+02,3.2017e+02,3.2010e+02,3.2004e+02,3.1998e+02,3.1993e+02,3.1988e+02,3.1983e+02,3.1978e+02,3.1974e+02,3.1969e+02,3.1965e+02,3.1961e+02,3.1957e+02,3.1954e+02,3.1950e+02,3.1946e+02,3.1943e+02,3.1939e+02,3.1936e+02,3.1933e+02,3.1930e+02,3.1927e+02,3.1925e+02,3.1922e+02,3.1920e+02,3.1918e+02,3.1917e+02,3.1915e+02,3.1914e+02,3.1913e+02,3.1912e+02,3.1911e+02,3.1910e+02,3.1910e+02,3.1910e+02,3.2302e+02,3.2302e+02,3.2302e+02,3.2301e+02,3.2301e+02,3.2300e+02,3.2299e+02,3.2298e+02,3.2296e+02,3.2295e+02,3.2293e+02,3.2291e+02,3.2289e+02,3.2287e+02,3.2285e+02,3.2282e+02,3.2280e+02,3.2277e+02,3.2275e+02,3.2273e+02,3.2271e+02,3.2270e+02,3.2270e+02,3.2271e+02,3.2274e+02,3.2278e+02,3.2279e+02,3.2278e+02,3.2277e+02,3.2275e+02,3.2272e+02,3.2269e+02,3.2265e+02,3.2262e+02,3.2258e+02,3.2254e+02,3.2251e+02,3.2247e+02,3.2243e+02,3.2239e+02,3.2235e+02,3.2230e+02,3.2226e+02,3.2222e+02,3.2217e+02,3.2212e+02,3.2207e+02,3.2201e+02,3.2195e+02,3.2189e+02,3.2181e+02,3.2174e+02,3.2165e+02,3.2155e+02,3.2144e+02,3.2131e+02,3.2117e+02,3.2100e+02,3.2084e+02,3.2070e+02,3.2057e+02,3.2046e+02,3.2037e+02,3.2028e+02,3.2020e+02,3.2013e+02,3.2006e+02,3.2000e+02,3.1995e+02,3.1989e+02,3.1984e+02,3.1980e+02,3.1975e+02,3.1971e+02,3.1967e+02,3.1963e+02,3.1959e+02,3.1955e+02,3.1952e+02,3.1948e+02,3.1945e+02,3.1941e+02,3.1938e+02,3.1935e+02,3.1932e+02,3.1929e+02,3.1927e+02,3.1924e+02,3.1922e+02,3.1920e+02,3.1918e+02,3.1917e+02,3.1915e+02,3.1914e+02,3.1913e+02,3.1912e+02,3.1911e+02,3.1911e+02,3.1910e+02,3.1910e+02,3.2290e+02,3.2290e+02,3.2289e+02,3.2289e+02,3.2288e+02,3.2287e+02,3.2287e+02,3.2285e+02,3.2284e+02,3.2283e+02,3.2281e+02,3.2279e+02,3.2277e+02,3.2275e+02,3.2273e+02,3.2271e+02,3.2269e+02,3.2266e+02,3.2264e+02,3.2262e+02,3.2261e+02,3.2260e+02,3.2260e+02,3.2262e+02,3.2265e+02,3.2268e+02,3.2270e+02,3.2270e+02,3.2268e+02,3.2267e+02,3.2264e+02,3.2261e+02,3.2258e+02,3.2255e+02,3.2251e+02,3.2247e+02,3.2244e+02,3.2240e+02,3.2236e+02,3.2232e+02,3.2228e+02,3.2224e+02,3.2220e+02,3.2216e+02,3.2211e+02,3.2206e+02,3.2201e+02,3.2196e+02,3.2190e+02,3.2183e+02,3.2176e+02,3.2168e+02,3.2160e+02,3.2150e+02,3.2139e+02,3.2127e+02,3.2112e+02,3.2096e+02,3.2080e+02,3.2066e+02,3.2053e+02,3.2042e+02,3.2033e+02,3.2024e+02,3.2017e+02,3.2010e+02,3.2003e+02,3.1997e+02,3.1992e+02,3.1987e+02,3.1982e+02,3.1977e+02,3.1973e+02,3.1969e+02,3.1965e+02,3.1961e+02,3.1958e+02,3.1954e+02,3.1950e+02,3.1947e+02,3.1944e+02,3.1941e+02,3.1938e+02,3.1935e+02,3.1932e+02,3.1929e+02,3.1927e+02,3.1925e+02,3.1922e+02,3.1921e+02,3.1919e+02,3.1917e+02,3.1916e+02,3.1915e+02,3.1914e+02,3.1913e+02,3.1912e+02,3.1912e+02,3.1911e+02,3.1911e+02,3.2277e+02,3.2277e+02,3.2276e+02,3.2276e+02,3.2275e+02,3.2274e+02,3.2273e+02,3.2272e+02,3.2271e+02,3.2270e+02,3.2268e+02,3.2266e+02,3.2265e+02,3.2263e+02,3.2261e+02,3.2259e+02,3.2256e+02,3.2254e+02,3.2252e+02,3.2251e+02,3.2249e+02,3.2249e+02,3.2249e+02,3.2251e+02,3.2254e+02,3.2258e+02,3.2259e+02,3.2259e+02,3.2258e+02,3.2257e+02,3.2254e+02,3.2251e+02,3.2248e+02,3.2245e+02,3.2242e+02,3.2238e+02,3.2235e+02,3.2231e+02,3.2228e+02,3.2224e+02,3.2220e+02,3.2216e+02,3.2212e+02,3.2208e+02,3.2203e+02,3.2198e+02,3.2193e+02,3.2188e+02,3.2182e+02,3.2176e+02,3.2169e+02,3.2161e+02,3.2153e+02,3.2144e+02,3.2133e+02,3.2121e+02,3.2107e+02,3.2091e+02,3.2075e+02,3.2061e+02,3.2049e+02,3.2039e+02,3.2029e+02,3.2021e+02,3.2013e+02,3.2007e+02,3.2000e+02,3.1995e+02,3.1989e+02,3.1984e+02,3.1980e+02,3.1975e+02,3.1971e+02,3.1967e+02,3.1964e+02,3.1960e+02,3.1956e+02,3.1953e+02,3.1950e+02,3.1946e+02,3.1943e+02,3.1940e+02,3.1937e+02,3.1935e+02,3.1932e+02,3.1930e+02,3.1927e+02,3.1925e+02,3.1923e+02,3.1921e+02,3.1920e+02,3.1918e+02,3.1917e+02,3.1916e+02,3.1915e+02,3.1914e+02,3.1913e+02,3.1913e+02,3.1913e+02,3.1912e+02,3.2263e+02,3.2263e+02,3.2262e+02,3.2262e+02,3.2261e+02,3.2260e+02,3.2260e+02,3.2259e+02,3.2257e+02,3.2256e+02,3.2255e+02,3.2253e+02,3.2251e+02,3.2249e+02,3.2247e+02,3.2246e+02,3.2244e+02,3.2242e+02,3.2240e+02,3.2238e+02,3.2237e+02,3.2237e+02,3.2237e+02,3.2239e+02,3.2242e+02,3.2245e+02,3.2247e+02,3.2247e+02,3.2246e+02,3.2245e+02,3.2242e+02,3.2240e+02,3.2237e+02,3.2234e+02,3.2231e+02,3.2227e+02,3.2224e+02,3.2220e+02,3.2217e+02,3.2213e+02,3.2209e+02,3.2206e+02,3.2202e+02,3.2197e+02,3.2193e+02,3.2189e+02,3.2184e+02,3.2178e+02,3.2173e+02,3.2167e+02,3.2160e+02,3.2153e+02,3.2145e+02,3.2136e+02,3.2125e+02,3.2114e+02,3.2100e+02,3.2085e+02,3.2070e+02,3.2056e+02,3.2045e+02,3.2035e+02,3.2026e+02,3.2018e+02,3.2011e+02,3.2004e+02,3.1998e+02,3.1993e+02,3.1987e+02,3.1983e+02,3.1978e+02,3.1974e+02,3.1970e+02,3.1966e+02,3.1963e+02,3.1959e+02,3.1956e+02,3.1953e+02,3.1949e+02,3.1946e+02,3.1943e+02,3.1941e+02,3.1938e+02,3.1935e+02,3.1933e+02,3.1930e+02,3.1928e+02,3.1926e+02,3.1924e+02,3.1923e+02,3.1921e+02,3.1920e+02,3.1919e+02,3.1918e+02,3.1917e+02,3.1916e+02,3.1915e+02,3.1915e+02,3.1915e+02,3.1914e+02,3.2248e+02,3.2248e+02,3.2248e+02,3.2247e+02,3.2247e+02,3.2246e+02,3.2245e+02,3.2244e+02,3.2243e+02,3.2242e+02,3.2240e+02,3.2239e+02,3.2237e+02,3.2236e+02,3.2234e+02,3.2232e+02,3.2230e+02,3.2228e+02,3.2227e+02,3.2225e+02,3.2224e+02,3.2223e+02,3.2224e+02,3.2225e+02,3.2228e+02,3.2232e+02,3.2233e+02,3.2233e+02,3.2232e+02,3.2230e+02,3.2228e+02,3.2226e+02,3.2223e+02,3.2220e+02,3.2217e+02,3.2214e+02,3.2211e+02,3.2207e+02,3.2204e+02,3.2200e+02,3.2197e+02,3.2193e+02,3.2189e+02,3.2185e+02,3.2181e+02,3.2177e+02,3.2172e+02,3.2167e+02,3.2161e+02,3.2156e+02,3.2149e+02,3.2142e+02,3.2135e+02,3.2126e+02,3.2116e+02,3.2105e+02,3.2093e+02,3.2078e+02,3.2064e+02,3.2051e+02,3.2041e+02,3.2031e+02,3.2023e+02,3.2015e+02,3.2008e+02,3.2002e+02,3.1996e+02,3.1991e+02,3.1986e+02,3.1981e+02,3.1977e+02,3.1973e+02,3.1969e+02,3.1966e+02,3.1962e+02,3.1959e+02,3.1956e+02,3.1953e+02,3.1950e+02,3.1947e+02,3.1944e+02,3.1941e+02,3.1939e+02,3.1936e+02,3.1934e+02,3.1932e+02,3.1930e+02,3.1928e+02,3.1926e+02,3.1925e+02,3.1923e+02,3.1922e+02,3.1921e+02,3.1920e+02,3.1919e+02,3.1918e+02,3.1918e+02,3.1917e+02,3.1917e+02,3.1917e+02,3.2233e+02,3.2233e+02,3.2233e+02,3.2233e+02,3.2232e+02,3.2231e+02,3.2231e+02,3.2230e+02,3.2229e+02,3.2227e+02,3.2226e+02,3.2225e+02,3.2223e+02,3.2221e+02,3.2220e+02,3.2218e+02,3.2216e+02,3.2214e+02,3.2213e+02,3.2211e+02,3.2210e+02,3.2209e+02,3.2210e+02,3.2211e+02,3.2213e+02,3.2216e+02,3.2217e+02,3.2217e+02,3.2216e+02,3.2214e+02,3.2212e+02,3.2209e+02,3.2207e+02,3.2204e+02,3.2201e+02,3.2198e+02,3.2195e+02,3.2192e+02,3.2188e+02,3.2185e+02,3.2182e+02,3.2178e+02,3.2174e+02,3.2170e+02,3.2166e+02,3.2162e+02,3.2158e+02,3.2153e+02,3.2148e+02,3.2142e+02,3.2136e+02,3.2130e+02,3.2122e+02,3.2114e+02,3.2105e+02,3.2095e+02,3.2084e+02,3.2071e+02,3.2058e+02,3.2046e+02,3.2036e+02,3.2028e+02,3.2020e+02,3.2013e+02,3.2006e+02,3.2000e+02,3.1995e+02,3.1990e+02,3.1985e+02,3.1981e+02,3.1977e+02,3.1973e+02,3.1969e+02,3.1966e+02,3.1963e+02,3.1959e+02,3.1956e+02,3.1954e+02,3.1951e+02,3.1948e+02,3.1945e+02,3.1943e+02,3.1940e+02,3.1938e+02,3.1936e+02,3.1934e+02,3.1932e+02,3.1930e+02,3.1929e+02,3.1927e+02,3.1926e+02,3.1925e+02,3.1923e+02,3.1923e+02,3.1922e+02,3.1921e+02,3.1921e+02,3.1920e+02,3.1920e+02,3.1920e+02,3.2219e+02,3.2218e+02,3.2218e+02,3.2218e+02,3.2217e+02,3.2217e+02,3.2216e+02,3.2215e+02,3.2214e+02,3.2213e+02,3.2212e+02,3.2210e+02,3.2209e+02,3.2207e+02,3.2206e+02,3.2204e+02,3.2202e+02,3.2201e+02,3.2199e+02,3.2198e+02,3.2196e+02,3.2195e+02,3.2195e+02,3.2195e+02,3.2197e+02,3.2198e+02,3.2198e+02,3.2198e+02,3.2196e+02,3.2195e+02,3.2193e+02,3.2190e+02,3.2188e+02,3.2185e+02,3.2182e+02,3.2179e+02,3.2176e+02,3.2173e+02,3.2170e+02,3.2167e+02,3.2164e+02,3.2160e+02,3.2157e+02,3.2153e+02,3.2149e+02,3.2145e+02,3.2141e+02,3.2136e+02,3.2131e+02,3.2126e+02,3.2120e+02,3.2114e+02,3.2108e+02,3.2100e+02,3.2092e+02,3.2083e+02,3.2073e+02,3.2062e+02,3.2051e+02,3.2041e+02,3.2032e+02,3.2024e+02,3.2017e+02,3.2011e+02,3.2005e+02,3.1999e+02,3.1994e+02,3.1989e+02,3.1985e+02,3.1981e+02,3.1977e+02,3.1973e+02,3.1970e+02,3.1967e+02,3.1964e+02,3.1961e+02,3.1958e+02,3.1955e+02,3.1952e+02,3.1950e+02,3.1947e+02,3.1945e+02,3.1943e+02,3.1941e+02,3.1938e+02,3.1937e+02,3.1935e+02,3.1933e+02,3.1932e+02,3.1930e+02,3.1929e+02,3.1928e+02,3.1927e+02,3.1926e+02,3.1925e+02,3.1925e+02,3.1924e+02,3.1924e+02,3.1924e+02,3.1923e+02,3.2204e+02,3.2204e+02,3.2204e+02,3.2203e+02,3.2203e+02,3.2202e+02,3.2201e+02,3.2201e+02,3.2200e+02,3.2199e+02,3.2197e+02,3.2196e+02,3.2195e+02,3.2193e+02,3.2192e+02,3.2190e+02,3.2188e+02,3.2187e+02,3.2185e+02,3.2184e+02,3.2182e+02,3.2181e+02,3.2180e+02,3.2180e+02,3.2180e+02,3.2180e+02,3.2179e+02,3.2178e+02,3.2177e+02,3.2175e+02,3.2173e+02,3.2170e+02,3.2168e+02,3.2165e+02,3.2163e+02,3.2160e+02,3.2157e+02,3.2154e+02,3.2151e+02,3.2148e+02,3.2145e+02,3.2141e+02,3.2138e+02,3.2135e+02,3.2131e+02,3.2127e+02,3.2123e+02,3.2119e+02,3.2114e+02,3.2109e+02,3.2104e+02,3.2098e+02,3.2092e+02,3.2086e+02,3.2078e+02,3.2071e+02,3.2062e+02,3.2053e+02,3.2045e+02,3.2036e+02,3.2029e+02,3.2022e+02,3.2015e+02,3.2009e+02,3.2004e+02,3.1998e+02,3.1994e+02,3.1989e+02,3.1985e+02,3.1981e+02,3.1978e+02,3.1974e+02,3.1971e+02,3.1968e+02,3.1965e+02,3.1962e+02,3.1959e+02,3.1957e+02,3.1954e+02,3.1952e+02,3.1950e+02,3.1947e+02,3.1945e+02,3.1943e+02,3.1941e+02,3.1940e+02,3.1938e+02,3.1936e+02,3.1935e+02,3.1934e+02,3.1932e+02,3.1931e+02,3.1930e+02,3.1930e+02,3.1929e+02,3.1928e+02,3.1928e+02,3.1928e+02,3.1927e+02,3.1927e+02,3.2189e+02,3.2189e+02,3.2189e+02,3.2188e+02,3.2188e+02,3.2187e+02,3.2187e+02,3.2186e+02,3.2185e+02,3.2184e+02,3.2183e+02,3.2182e+02,3.2180e+02,3.2179e+02,3.2178e+02,3.2176e+02,3.2174e+02,3.2173e+02,3.2171e+02,3.2170e+02,3.2168e+02,3.2167e+02,3.2166e+02,3.2165e+02,3.2164e+02,3.2163e+02,3.2162e+02,3.2161e+02,3.2159e+02,3.2157e+02,3.2155e+02,3.2153e+02,3.2150e+02,3.2148e+02,3.2145e+02,3.2142e+02,3.2140e+02,3.2137e+02,3.2134e+02,3.2131e+02,3.2128e+02,3.2125e+02,3.2122e+02,3.2118e+02,3.2115e+02,3.2111e+02,3.2107e+02,3.2103e+02,3.2099e+02,3.2094e+02,3.2090e+02,3.2084e+02,3.2079e+02,3.2073e+02,3.2067e+02,3.2060e+02,3.2053e+02,3.2045e+02,3.2038e+02,3.2031e+02,3.2025e+02,3.2018e+02,3.2012e+02,3.2007e+02,3.2002e+02,3.1997e+02,3.1993e+02,3.1989e+02,3.1985e+02,3.1981e+02,3.1978e+02,3.1975e+02,3.1972e+02,3.1969e+02,3.1966e+02,3.1963e+02,3.1961e+02,3.1958e+02,3.1956e+02,3.1954e+02,3.1951e+02,3.1949e+02,3.1947e+02,3.1946e+02,3.1944e+02,3.1942e+02,3.1941e+02,3.1939e+02,3.1938e+02,3.1937e+02,3.1936e+02,3.1935e+02,3.1934e+02,3.1933e+02,3.1932e+02,3.1932e+02,3.1931e+02,3.1931e+02,3.1931e+02,3.1931e+02,3.2175e+02,3.2175e+02,3.2174e+02,3.2174e+02,3.2174e+02,3.2173e+02,3.2172e+02,3.2172e+02,3.2171e+02,3.2170e+02,3.2169e+02,3.2168e+02,3.2166e+02,3.2165e+02,3.2164e+02,3.2162e+02,3.2161e+02,3.2159e+02,3.2158e+02,3.2156e+02,3.2155e+02,3.2153e+02,3.2152e+02,3.2150e+02,3.2149e+02,3.2148e+02,3.2146e+02,3.2145e+02,3.2143e+02,3.2141e+02,3.2139e+02,3.2137e+02,3.2134e+02,3.2132e+02,3.2130e+02,3.2127e+02,3.2124e+02,3.2122e+02,3.2119e+02,3.2116e+02,3.2113e+02,3.2110e+02,3.2107e+02,3.2104e+02,3.2101e+02,3.2097e+02,3.2094e+02,3.2090e+02,3.2086e+02,3.2082e+02,3.2077e+02,3.2072e+02,3.2067e+02,3.2062e+02,3.2057e+02,3.2051e+02,3.2045e+02,3.2038e+02,3.2032e+02,3.2026e+02,3.2020e+02,3.2015e+02,3.2010e+02,3.2005e+02,3.2000e+02,3.1996e+02,3.1992e+02,3.1988e+02,3.1984e+02,3.1981e+02,3.1978e+02,3.1975e+02,3.1972e+02,3.1969e+02,3.1967e+02,3.1964e+02,3.1962e+02,3.1959e+02,3.1957e+02,3.1955e+02,3.1953e+02,3.1951e+02,3.1949e+02,3.1948e+02,3.1946e+02,3.1944e+02,3.1943e+02,3.1942e+02,3.1940e+02,3.1939e+02,3.1938e+02,3.1937e+02,3.1936e+02,3.1936e+02,3.1935e+02,3.1935e+02,3.1934e+02,3.1934e+02,3.1934e+02,3.1934e+02,3.2161e+02,3.2161e+02,3.2160e+02,3.2160e+02,3.2160e+02,3.2159e+02,3.2159e+02,3.2158e+02,3.2157e+02,3.2156e+02,3.2155e+02,3.2154e+02,3.2153e+02,3.2152e+02,3.2150e+02,3.2149e+02,3.2148e+02,3.2146e+02,3.2145e+02,3.2143e+02,3.2141e+02,3.2140e+02,3.2138e+02,3.2137e+02,3.2135e+02,3.2134e+02,3.2132e+02,3.2131e+02,3.2129e+02,3.2127e+02,3.2125e+02,3.2123e+02,3.2120e+02,3.2118e+02,3.2116e+02,3.2113e+02,3.2111e+02,3.2108e+02,3.2106e+02,3.2103e+02,3.2100e+02,3.2097e+02,3.2094e+02,3.2091e+02,3.2088e+02,3.2085e+02,3.2082e+02,3.2078e+02,3.2074e+02,3.2070e+02,3.2066e+02,3.2062e+02,3.2058e+02,3.2053e+02,3.2048e+02,3.2043e+02,3.2037e+02,3.2032e+02,3.2027e+02,3.2022e+02,3.2016e+02,3.2012e+02,3.2007e+02,3.2002e+02,3.1998e+02,3.1994e+02,3.1991e+02,3.1987e+02,3.1984e+02,3.1981e+02,3.1978e+02,3.1975e+02,3.1972e+02,3.1969e+02,3.1967e+02,3.1965e+02,3.1962e+02,3.1960e+02,3.1958e+02,3.1956e+02,3.1954e+02,3.1953e+02,3.1951e+02,3.1949e+02,3.1948e+02,3.1946e+02,3.1945e+02,3.1944e+02,3.1943e+02,3.1941e+02,3.1941e+02,3.1940e+02,3.1939e+02,3.1938e+02,3.1938e+02,3.1937e+02,3.1937e+02,3.1937e+02,3.1936e+02,3.1936e+02,3.2148e+02,3.2147e+02,3.2147e+02,3.2147e+02,3.2147e+02,3.2146e+02,3.2146e+02,3.2145e+02,3.2144e+02,3.2143e+02,3.2142e+02,3.2141e+02,3.2140e+02,3.2139e+02,3.2138e+02,3.2136e+02,3.2135e+02,3.2134e+02,3.2132e+02,3.2131e+02,3.2129e+02,3.2128e+02,3.2126e+02,3.2124e+02,3.2123e+02,3.2121e+02,3.2120e+02,3.2118e+02,3.2116e+02,3.2114e+02,3.2112e+02,3.2110e+02,3.2108e+02,3.2105e+02,3.2103e+02,3.2101e+02,3.2098e+02,3.2096e+02,3.2094e+02,3.2091e+02,3.2088e+02,3.2086e+02,3.2083e+02,3.2080e+02,3.2077e+02,3.2074e+02,3.2071e+02,3.2068e+02,3.2064e+02,3.2061e+02,3.2057e+02,3.2053e+02,3.2049e+02,3.2045e+02,3.2040e+02,3.2036e+02,3.2031e+02,3.2026e+02,3.2022e+02,3.2017e+02,3.2013e+02,3.2008e+02,3.2004e+02,3.2000e+02,3.1996e+02,3.1993e+02,3.1989e+02,3.1986e+02,3.1983e+02,3.1980e+02,3.1977e+02,3.1975e+02,3.1972e+02,3.1970e+02,3.1967e+02,3.1965e+02,3.1963e+02,3.1961e+02,3.1959e+02,3.1957e+02,3.1955e+02,3.1954e+02,3.1952e+02,3.1951e+02,3.1949e+02,3.1948e+02,3.1947e+02,3.1945e+02,3.1944e+02,3.1943e+02,3.1943e+02,3.1942e+02,3.1941e+02,3.1940e+02,3.1940e+02,3.1939e+02,3.1939e+02,3.1939e+02,3.1939e+02,3.1939e+02,3.2135e+02,3.2135e+02,3.2135e+02,3.2135e+02,3.2134e+02,3.2134e+02,3.2133e+02,3.2133e+02,3.2132e+02,3.2131e+02,3.2130e+02,3.2129e+02,3.2128e+02,3.2127e+02,3.2126e+02,3.2125e+02,3.2123e+02,3.2122e+02,3.2120e+02,3.2119e+02,3.2118e+02,3.2116e+02,3.2114e+02,3.2113e+02,3.2111e+02,3.2110e+02,3.2108e+02,3.2106e+02,3.2104e+02,3.2102e+02,3.2100e+02,3.2098e+02,3.2096e+02,3.2094e+02,3.2092e+02,3.2090e+02,3.2088e+02,3.2085e+02,3.2083e+02,3.2080e+02,3.2078e+02,3.2075e+02,3.2073e+02,3.2070e+02,3.2067e+02,3.2065e+02,3.2062e+02,3.2059e+02,3.2055e+02,3.2052e+02,3.2049e+02,3.2045e+02,3.2041e+02,3.2037e+02,3.2033e+02,3.2029e+02,3.2025e+02,3.2021e+02,3.2017e+02,3.2013e+02,3.2009e+02,3.2005e+02,3.2001e+02,3.1998e+02,3.1994e+02,3.1991e+02,3.1988e+02,3.1985e+02,3.1982e+02,3.1979e+02,3.1977e+02,3.1974e+02,3.1972e+02,3.1970e+02,3.1967e+02,3.1965e+02,3.1963e+02,3.1962e+02,3.1960e+02,3.1958e+02,3.1956e+02,3.1955e+02,3.1953e+02,3.1952e+02,3.1951e+02,3.1949e+02,3.1948e+02,3.1947e+02,3.1946e+02,3.1945e+02,3.1944e+02,3.1944e+02,3.1943e+02,3.1942e+02,3.1942e+02,3.1941e+02,3.1941e+02,3.1941e+02,3.1941e+02,3.1941e+02,3.2124e+02,3.2123e+02,3.2123e+02,3.2123e+02,3.2123e+02,3.2122e+02,3.2122e+02,3.2121e+02,3.2121e+02,3.2120e+02,3.2119e+02,3.2118e+02,3.2117e+02,3.2116e+02,3.2115e+02,3.2114e+02,3.2112e+02,3.2111e+02,3.2110e+02,3.2108e+02,3.2107e+02,3.2105e+02,3.2104e+02,3.2102e+02,3.2101e+02,3.2099e+02,3.2097e+02,3.2096e+02,3.2094e+02,3.2092e+02,3.2090e+02,3.2088e+02,3.2086e+02,3.2084e+02,3.2082e+02,3.2080e+02,3.2078e+02,3.2076e+02,3.2073e+02,3.2071e+02,3.2069e+02,3.2066e+02,3.2064e+02,3.2061e+02,3.2059e+02,3.2056e+02,3.2053e+02,3.2050e+02,3.2047e+02,3.2044e+02,3.2041e+02,3.2038e+02,3.2035e+02,3.2031e+02,3.2028e+02,3.2024e+02,3.2020e+02,3.2017e+02,3.2013e+02,3.2009e+02,3.2006e+02,3.2002e+02,3.1999e+02,3.1996e+02,3.1993e+02,3.1989e+02,3.1987e+02,3.1984e+02,3.1981e+02,3.1979e+02,3.1976e+02,3.1974e+02,3.1972e+02,3.1970e+02,3.1968e+02,3.1966e+02,3.1964e+02,3.1962e+02,3.1960e+02,3.1959e+02,3.1957e+02,3.1956e+02,3.1954e+02,3.1953e+02,3.1952e+02,3.1951e+02,3.1949e+02,3.1948e+02,3.1947e+02,3.1947e+02,3.1946e+02,3.1945e+02,3.1945e+02,3.1944e+02,3.1944e+02,3.1943e+02,3.1943e+02,3.1943e+02,3.1942e+02,3.1942e+02,3.2113e+02,3.2113e+02,3.2113e+02,3.2112e+02,3.2112e+02,3.2112e+02,3.2111e+02,3.2111e+02,3.2110e+02,3.2109e+02,3.2109e+02,3.2108e+02,3.2107e+02,3.2106e+02,3.2105e+02,3.2104e+02,3.2102e+02,3.2101e+02,3.2100e+02,3.2098e+02,3.2097e+02,3.2096e+02,3.2094e+02,3.2093e+02,3.2091e+02,3.2089e+02,3.2088e+02,3.2086e+02,3.2084e+02,3.2083e+02,3.2081e+02,3.2079e+02,3.2077e+02,3.2075e+02,3.2073e+02,3.2071e+02,3.2069e+02,3.2067e+02,3.2065e+02,3.2063e+02,3.2061e+02,3.2058e+02,3.2056e+02,3.2054e+02,3.2051e+02,3.2049e+02,3.2046e+02,3.2043e+02,3.2041e+02,3.2038e+02,3.2035e+02,3.2032e+02,3.2029e+02,3.2026e+02,3.2022e+02,3.2019e+02,3.2016e+02,3.2013e+02,3.2009e+02,3.2006e+02,3.2003e+02,3.2000e+02,3.1997e+02,3.1994e+02,3.1991e+02,3.1988e+02,3.1985e+02,3.1983e+02,3.1980e+02,3.1978e+02,3.1976e+02,3.1973e+02,3.1971e+02,3.1969e+02,3.1968e+02,3.1966e+02,3.1964e+02,3.1962e+02,3.1961e+02,3.1959e+02,3.1958e+02,3.1956e+02,3.1955e+02,3.1954e+02,3.1953e+02,3.1952e+02,3.1951e+02,3.1950e+02,3.1949e+02,3.1948e+02,3.1947e+02,3.1947e+02,3.1946e+02,3.1945e+02,3.1945e+02,3.1945e+02,3.1944e+02,3.1944e+02,3.1944e+02,3.1944e+02,3.2103e+02,3.2103e+02,3.2103e+02,3.2103e+02,3.2102e+02,3.2102e+02,3.2102e+02,3.2101e+02,3.2100e+02,3.2100e+02,3.2099e+02,3.2098e+02,3.2097e+02,3.2096e+02,3.2095e+02,3.2094e+02,3.2093e+02,3.2092e+02,3.2091e+02,3.2089e+02,3.2088e+02,3.2087e+02,3.2085e+02,3.2084e+02,3.2082e+02,3.2081e+02,3.2079e+02,3.2078e+02,3.2076e+02,3.2074e+02,3.2073e+02,3.2071e+02,3.2069e+02,3.2067e+02,3.2065e+02,3.2063e+02,3.2061e+02,3.2059e+02,3.2057e+02,3.2055e+02,3.2053e+02,3.2051e+02,3.2049e+02,3.2047e+02,3.2044e+02,3.2042e+02,3.2039e+02,3.2037e+02,3.2034e+02,3.2032e+02,3.2029e+02,3.2026e+02,3.2024e+02,3.2021e+02,3.2018e+02,3.2015e+02,3.2012e+02,3.2009e+02,3.2006e+02,3.2003e+02,3.2000e+02,3.1997e+02,3.1994e+02,3.1992e+02,3.1989e+02,3.1986e+02,3.1984e+02,3.1982e+02,3.1979e+02,3.1977e+02,3.1975e+02,3.1973e+02,3.1971e+02,3.1969e+02,3.1967e+02,3.1966e+02,3.1964e+02,3.1963e+02,3.1961e+02,3.1960e+02,3.1958e+02,3.1957e+02,3.1956e+02,3.1955e+02,3.1953e+02,3.1952e+02,3.1952e+02,3.1951e+02,3.1950e+02,3.1949e+02,3.1948e+02,3.1948e+02,3.1947e+02,3.1947e+02,3.1946e+02,3.1946e+02,3.1946e+02,3.1945e+02,3.1945e+02,3.1945e+02,3.2094e+02,3.2094e+02,3.2094e+02,3.2094e+02,3.2094e+02,3.2093e+02,3.2093e+02,3.2092e+02,3.2092e+02,3.2091e+02,3.2090e+02,3.2090e+02,3.2089e+02,3.2088e+02,3.2087e+02,3.2086e+02,3.2085e+02,3.2084e+02,3.2083e+02,3.2081e+02,3.2080e+02,3.2079e+02,3.2077e+02,3.2076e+02,3.2074e+02,3.2073e+02,3.2072e+02,3.2070e+02,3.2068e+02,3.2067e+02,3.2065e+02,3.2063e+02,3.2062e+02,3.2060e+02,3.2058e+02,3.2056e+02,3.2054e+02,3.2053e+02,3.2051e+02,3.2049e+02,3.2047e+02,3.2045e+02,3.2043e+02,3.2040e+02,3.2038e+02,3.2036e+02,3.2034e+02,3.2031e+02,3.2029e+02,3.2027e+02,3.2024e+02,3.2022e+02,3.2019e+02,3.2016e+02,3.2014e+02,3.2011e+02,3.2008e+02,3.2006e+02,3.2003e+02,3.2000e+02,3.1997e+02,3.1995e+02,3.1992e+02,3.1990e+02,3.1987e+02,3.1985e+02,3.1983e+02,3.1981e+02,3.1978e+02,3.1976e+02,3.1974e+02,3.1973e+02,3.1971e+02,3.1969e+02,3.1967e+02,3.1966e+02,3.1964e+02,3.1963e+02,3.1961e+02,3.1960e+02,3.1959e+02,3.1957e+02,3.1956e+02,3.1955e+02,3.1954e+02,3.1953e+02,3.1952e+02,3.1951e+02,3.1951e+02,3.1950e+02,3.1949e+02,3.1949e+02,3.1948e+02,3.1948e+02,3.1947e+02,3.1947e+02,3.1947e+02,3.1947e+02,3.1947e+02,3.1946e+02,3.2086e+02,3.2086e+02,3.2086e+02,3.2086e+02,3.2086e+02,3.2085e+02,3.2085e+02,3.2084e+02,3.2084e+02,3.2083e+02,3.2083e+02,3.2082e+02,3.2081e+02,3.2080e+02,3.2079e+02,3.2078e+02,3.2077e+02,3.2076e+02,3.2075e+02,3.2074e+02,3.2073e+02,3.2071e+02,3.2070e+02,3.2069e+02,3.2067e+02,3.2066e+02,3.2065e+02,3.2063e+02,3.2062e+02,3.2060e+02,3.2058e+02,3.2057e+02,3.2055e+02,3.2054e+02,3.2052e+02,3.2050e+02,3.2048e+02,3.2047e+02,3.2045e+02,3.2043e+02,3.2041e+02,3.2039e+02,3.2037e+02,3.2035e+02,3.2033e+02,3.2031e+02,3.2029e+02,3.2027e+02,3.2024e+02,3.2022e+02,3.2020e+02,3.2017e+02,3.2015e+02,3.2013e+02,3.2010e+02,3.2008e+02,3.2005e+02,3.2003e+02,3.2000e+02,3.1998e+02,3.1995e+02,3.1993e+02,3.1990e+02,3.1988e+02,3.1986e+02,3.1984e+02,3.1982e+02,3.1980e+02,3.1978e+02,3.1976e+02,3.1974e+02,3.1972e+02,3.1970e+02,3.1969e+02,3.1967e+02,3.1966e+02,3.1964e+02,3.1963e+02,3.1962e+02,3.1960e+02,3.1959e+02,3.1958e+02,3.1957e+02,3.1956e+02,3.1955e+02,3.1954e+02,3.1953e+02,3.1952e+02,3.1952e+02,3.1951e+02,3.1950e+02,3.1950e+02,3.1949e+02,3.1949e+02,3.1948e+02,3.1948e+02,3.1948e+02,3.1948e+02,3.1948e+02,3.1948e+02,3.2079e+02,3.2079e+02,3.2079e+02,3.2079e+02,3.2079e+02,3.2078e+02,3.2078e+02,3.2077e+02,3.2077e+02,3.2076e+02,3.2076e+02,3.2075e+02,3.2074e+02,3.2073e+02,3.2073e+02,3.2072e+02,3.2071e+02,3.2070e+02,3.2069e+02,3.2067e+02,3.2066e+02,3.2065e+02,3.2064e+02,3.2063e+02,3.2061e+02,3.2060e+02,3.2058e+02,3.2057e+02,3.2056e+02,3.2054e+02,3.2053e+02,3.2051e+02,3.2049e+02,3.2048e+02,3.2046e+02,3.2045e+02,3.2043e+02,3.2041e+02,3.2039e+02,3.2038e+02,3.2036e+02,3.2034e+02,3.2032e+02,3.2030e+02,3.2028e+02,3.2026e+02,3.2024e+02,3.2022e+02,3.2020e+02,3.2018e+02,3.2016e+02,3.2014e+02,3.2011e+02,3.2009e+02,3.2007e+02,3.2005e+02,3.2002e+02,3.2000e+02,3.1998e+02,3.1995e+02,3.1993e+02,3.1991e+02,3.1989e+02,3.1987e+02,3.1985e+02,3.1983e+02,3.1981e+02,3.1979e+02,3.1977e+02,3.1975e+02,3.1973e+02,3.1972e+02,3.1970e+02,3.1969e+02,3.1967e+02,3.1966e+02,3.1964e+02,3.1963e+02,3.1962e+02,3.1960e+02,3.1959e+02,3.1958e+02,3.1957e+02,3.1956e+02,3.1955e+02,3.1954e+02,3.1954e+02,3.1953e+02,3.1952e+02,3.1952e+02,3.1951e+02,3.1950e+02,3.1950e+02,3.1950e+02,3.1949e+02,3.1949e+02,3.1949e+02,3.1949e+02,3.1948e+02,3.1948e+02,3.2073e+02,3.2073e+02,3.2073e+02,3.2072e+02,3.2072e+02,3.2072e+02,3.2072e+02,3.2071e+02,3.2071e+02,3.2070e+02,3.2069e+02,3.2069e+02,3.2068e+02,3.2067e+02,3.2066e+02,3.2066e+02,3.2065e+02,3.2064e+02,3.2063e+02,3.2062e+02,3.2061e+02,3.2059e+02,3.2058e+02,3.2057e+02,3.2056e+02,3.2054e+02,3.2053e+02,3.2052e+02,3.2050e+02,3.2049e+02,3.2047e+02,3.2046e+02,3.2044e+02,3.2043e+02,3.2041e+02,3.2040e+02,3.2038e+02,3.2037e+02,3.2035e+02,3.2033e+02,3.2031e+02,3.2030e+02,3.2028e+02,3.2026e+02,3.2024e+02,3.2022e+02,3.2020e+02,3.2019e+02,3.2017e+02,3.2015e+02,3.2013e+02,3.2010e+02,3.2008e+02,3.2006e+02,3.2004e+02,3.2002e+02,3.2000e+02,3.1998e+02,3.1996e+02,3.1994e+02,3.1991e+02,3.1989e+02,3.1987e+02,3.1985e+02,3.1983e+02,3.1982e+02,3.1980e+02,3.1978e+02,3.1976e+02,3.1974e+02,3.1973e+02,3.1971e+02,3.1970e+02,3.1968e+02,3.1967e+02,3.1966e+02,3.1964e+02,3.1963e+02,3.1962e+02,3.1961e+02,3.1960e+02,3.1959e+02,3.1958e+02,3.1957e+02,3.1956e+02,3.1955e+02,3.1954e+02,3.1953e+02,3.1953e+02,3.1952e+02,3.1952e+02,3.1951e+02,3.1951e+02,3.1950e+02,3.1950e+02,3.1950e+02,3.1950e+02,3.1949e+02,3.1949e+02,3.1949e+02,3.2067e+02,3.2067e+02,3.2067e+02,3.2067e+02,3.2067e+02,3.2066e+02,3.2066e+02,3.2066e+02,3.2065e+02,3.2065e+02,3.2064e+02,3.2063e+02,3.2063e+02,3.2062e+02,3.2061e+02,3.2060e+02,3.2059e+02,3.2059e+02,3.2058e+02,3.2057e+02,3.2055e+02,3.2054e+02,3.2053e+02,3.2052e+02,3.2051e+02,3.2050e+02,3.2048e+02,3.2047e+02,3.2046e+02,3.2044e+02,3.2043e+02,3.2042e+02,3.2040e+02,3.2039e+02,3.2037e+02,3.2036e+02,3.2034e+02,3.2033e+02,3.2031e+02,3.2029e+02,3.2028e+02,3.2026e+02,3.2024e+02,3.2023e+02,3.2021e+02,3.2019e+02,3.2017e+02,3.2015e+02,3.2013e+02,3.2012e+02,3.2010e+02,3.2008e+02,3.2006e+02,3.2004e+02,3.2002e+02,3.2000e+02,3.1998e+02,3.1996e+02,3.1994e+02,3.1992e+02,3.1990e+02,3.1988e+02,3.1986e+02,3.1984e+02,3.1982e+02,3.1981e+02,3.1979e+02,3.1977e+02,3.1976e+02,3.1974e+02,3.1972e+02,3.1971e+02,3.1969e+02,3.1968e+02,3.1967e+02,3.1965e+02,3.1964e+02,3.1963e+02,3.1962e+02,3.1961e+02,3.1960e+02,3.1959e+02,3.1958e+02,3.1957e+02,3.1956e+02,3.1955e+02,3.1955e+02,3.1954e+02,3.1953e+02,3.1953e+02,3.1952e+02,3.1952e+02,3.1951e+02,3.1951e+02,3.1951e+02,3.1950e+02,3.1950e+02,3.1950e+02,3.1950e+02,3.1950e+02,3.2062e+02,3.2062e+02,3.2062e+02,3.2062e+02,3.2062e+02,3.2062e+02,3.2061e+02,3.2061e+02,3.2060e+02,3.2060e+02,3.2059e+02,3.2059e+02,3.2058e+02,3.2057e+02,3.2057e+02,3.2056e+02,3.2055e+02,3.2054e+02,3.2053e+02,3.2052e+02,3.2051e+02,3.2050e+02,3.2049e+02,3.2048e+02,3.2047e+02,3.2046e+02,3.2044e+02,3.2043e+02,3.2042e+02,3.2040e+02,3.2039e+02,3.2038e+02,3.2036e+02,3.2035e+02,3.2034e+02,3.2032e+02,3.2031e+02,3.2029e+02,3.2028e+02,3.2026e+02,3.2024e+02,3.2023e+02,3.2021e+02,3.2019e+02,3.2018e+02,3.2016e+02,3.2014e+02,3.2013e+02,3.2011e+02,3.2009e+02,3.2007e+02,3.2005e+02,3.2003e+02,3.2002e+02,3.2000e+02,3.1998e+02,3.1996e+02,3.1994e+02,3.1992e+02,3.1990e+02,3.1989e+02,3.1987e+02,3.1985e+02,3.1983e+02,3.1981e+02,3.1980e+02,3.1978e+02,3.1977e+02,3.1975e+02,3.1973e+02,3.1972e+02,3.1971e+02,3.1969e+02,3.1968e+02,3.1967e+02,3.1965e+02,3.1964e+02,3.1963e+02,3.1962e+02,3.1961e+02,3.1960e+02,3.1959e+02,3.1958e+02,3.1957e+02,3.1956e+02,3.1956e+02,3.1955e+02,3.1954e+02,3.1954e+02,3.1953e+02,3.1953e+02,3.1952e+02,3.1952e+02,3.1951e+02,3.1951e+02,3.1951e+02,3.1951e+02,3.1951e+02,3.1950e+02,3.1950e+02,3.2058e+02,3.2058e+02,3.2058e+02,3.2058e+02,3.2058e+02,3.2058e+02,3.2057e+02,3.2057e+02,3.2056e+02,3.2056e+02,3.2055e+02,3.2055e+02,3.2054e+02,3.2054e+02,3.2053e+02,3.2052e+02,3.2051e+02,3.2050e+02,3.2049e+02,3.2048e+02,3.2048e+02,3.2046e+02,3.2045e+02,3.2044e+02,3.2043e+02,3.2042e+02,3.2041e+02,3.2040e+02,3.2038e+02,3.2037e+02,3.2036e+02,3.2035e+02,3.2033e+02,3.2032e+02,3.2030e+02,3.2029e+02,3.2028e+02,3.2026e+02,3.2025e+02,3.2023e+02,3.2022e+02,3.2020e+02,3.2019e+02,3.2017e+02,3.2015e+02,3.2014e+02,3.2012e+02,3.2010e+02,3.2009e+02,3.2007e+02,3.2005e+02,3.2003e+02,3.2002e+02,3.2000e+02,3.1998e+02,3.1996e+02,3.1994e+02,3.1993e+02,3.1991e+02,3.1989e+02,3.1987e+02,3.1986e+02,3.1984e+02,3.1982e+02,3.1981e+02,3.1979e+02,3.1977e+02,3.1976e+02,3.1974e+02,3.1973e+02,3.1972e+02,3.1970e+02,3.1969e+02,3.1968e+02,3.1966e+02,3.1965e+02,3.1964e+02,3.1963e+02,3.1962e+02,3.1961e+02,3.1960e+02,3.1959e+02,3.1958e+02,3.1957e+02,3.1957e+02,3.1956e+02,3.1955e+02,3.1955e+02,3.1954e+02,3.1954e+02,3.1953e+02,3.1953e+02,3.1952e+02,3.1952e+02,3.1952e+02,3.1951e+02,3.1951e+02,3.1951e+02,3.1951e+02,3.1951e+02,3.2055e+02,3.2055e+02,3.2055e+02,3.2055e+02,3.2054e+02,3.2054e+02,3.2054e+02,3.2054e+02,3.2053e+02,3.2053e+02,3.2052e+02,3.2052e+02,3.2051e+02,3.2050e+02,3.2050e+02,3.2049e+02,3.2048e+02,3.2047e+02,3.2046e+02,3.2045e+02,3.2044e+02,3.2044e+02,3.2042e+02,3.2041e+02,3.2040e+02,3.2039e+02,3.2038e+02,3.2037e+02,3.2036e+02,3.2034e+02,3.2033e+02,3.2032e+02,3.2031e+02,3.2029e+02,3.2028e+02,3.2027e+02,3.2025e+02,3.2024e+02,3.2022e+02,3.2021e+02,3.2019e+02,3.2018e+02,3.2016e+02,3.2015e+02,3.2013e+02,3.2012e+02,3.2010e+02,3.2008e+02,3.2007e+02,3.2005e+02,3.2003e+02,3.2002e+02,3.2000e+02,3.1998e+02,3.1997e+02,3.1995e+02,3.1993e+02,3.1992e+02,3.1990e+02,3.1988e+02,3.1986e+02,3.1985e+02,3.1983e+02,3.1982e+02,3.1980e+02,3.1978e+02,3.1977e+02,3.1975e+02,3.1974e+02,3.1973e+02,3.1971e+02,3.1970e+02,3.1969e+02,3.1967e+02,3.1966e+02,3.1965e+02,3.1964e+02,3.1963e+02,3.1962e+02,3.1961e+02,3.1960e+02,3.1959e+02,3.1958e+02,3.1958e+02,3.1957e+02,3.1956e+02,3.1955e+02,3.1955e+02,3.1954e+02,3.1954e+02,3.1953e+02,3.1953e+02,3.1953e+02,3.1952e+02,3.1952e+02,3.1952e+02,3.1952e+02,3.1951e+02,3.1951e+02,3.1951e+02,3.2052e+02,3.2052e+02,3.2052e+02,3.2052e+02,3.2052e+02,3.2052e+02,3.2051e+02,3.2051e+02,3.2050e+02,3.2050e+02,3.2050e+02,3.2049e+02,3.2048e+02,3.2048e+02,3.2047e+02,3.2046e+02,3.2046e+02,3.2045e+02,3.2044e+02,3.2043e+02,3.2042e+02,3.2041e+02,3.2040e+02,3.2039e+02,3.2038e+02,3.2037e+02,3.2036e+02,3.2035e+02,3.2034e+02,3.2032e+02,3.2031e+02,3.2030e+02,3.2029e+02,3.2027e+02,3.2026e+02,3.2025e+02,3.2023e+02,3.2022e+02,3.2020e+02,3.2019e+02,3.2018e+02,3.2016e+02,3.2015e+02,3.2013e+02,3.2012e+02,3.2010e+02,3.2009e+02,3.2007e+02,3.2005e+02,3.2004e+02,3.2002e+02,3.2000e+02,3.1999e+02,3.1997e+02,3.1996e+02,3.1994e+02,3.1992e+02,3.1991e+02,3.1989e+02,3.1987e+02,3.1986e+02,3.1984e+02,3.1983e+02,3.1981e+02,3.1979e+02,3.1978e+02,3.1977e+02,3.1975e+02,3.1974e+02,3.1972e+02,3.1971e+02,3.1970e+02,3.1969e+02,3.1967e+02,3.1966e+02,3.1965e+02,3.1964e+02,3.1963e+02,3.1962e+02,3.1961e+02,3.1960e+02,3.1959e+02,3.1958e+02,3.1958e+02,3.1957e+02,3.1956e+02,3.1956e+02,3.1955e+02,3.1955e+02,3.1954e+02,3.1954e+02,3.1953e+02,3.1953e+02,3.1953e+02,3.1952e+02,3.1952e+02,3.1952e+02,3.1952e+02,3.1952e+02,3.1952e+02,3.2050e+02,3.2050e+02,3.2050e+02,3.2050e+02,3.2050e+02,3.2050e+02,3.2049e+02,3.2049e+02,3.2049e+02,3.2048e+02,3.2048e+02,3.2047e+02,3.2046e+02,3.2046e+02,3.2045e+02,3.2044e+02,3.2044e+02,3.2043e+02,3.2042e+02,3.2041e+02,3.2040e+02,3.2039e+02,3.2038e+02,3.2037e+02,3.2036e+02,3.2035e+02,3.2034e+02,3.2033e+02,3.2032e+02,3.2031e+02,3.2030e+02,3.2028e+02,3.2027e+02,3.2026e+02,3.2024e+02,3.2023e+02,3.2022e+02,3.2020e+02,3.2019e+02,3.2018e+02,3.2016e+02,3.2015e+02,3.2013e+02,3.2012e+02,3.2010e+02,3.2009e+02,3.2007e+02,3.2006e+02,3.2004e+02,3.2003e+02,3.2001e+02,3.2000e+02,3.1998e+02,3.1996e+02,3.1995e+02,3.1993e+02,3.1991e+02,3.1990e+02,3.1988e+02,3.1987e+02,3.1985e+02,3.1984e+02,3.1982e+02,3.1981e+02,3.1979e+02,3.1978e+02,3.1976e+02,3.1975e+02,3.1973e+02,3.1972e+02,3.1971e+02,3.1970e+02,3.1968e+02,3.1967e+02,3.1966e+02,3.1965e+02,3.1964e+02,3.1963e+02,3.1962e+02,3.1961e+02,3.1960e+02,3.1959e+02,3.1959e+02,3.1958e+02,3.1957e+02,3.1956e+02,3.1956e+02,3.1955e+02,3.1955e+02,3.1954e+02,3.1954e+02,3.1953e+02,3.1953e+02,3.1953e+02,3.1952e+02,3.1952e+02,3.1952e+02,3.1952e+02,3.1952e+02,3.1952e+02,3.2049e+02,3.2049e+02,3.2049e+02,3.2049e+02,3.2049e+02,3.2048e+02,3.2048e+02,3.2048e+02,3.2047e+02,3.2047e+02,3.2046e+02,3.2046e+02,3.2045e+02,3.2045e+02,3.2044e+02,3.2043e+02,3.2042e+02,3.2042e+02,3.2041e+02,3.2040e+02,3.2039e+02,3.2038e+02,3.2037e+02,3.2036e+02,3.2035e+02,3.2034e+02,3.2033e+02,3.2032e+02,3.2031e+02,3.2030e+02,3.2028e+02,3.2027e+02,3.2026e+02,3.2025e+02,3.2024e+02,3.2022e+02,3.2021e+02,3.2020e+02,3.2018e+02,3.2017e+02,3.2015e+02,3.2014e+02,3.2013e+02,3.2011e+02,3.2010e+02,3.2008e+02,3.2007e+02,3.2005e+02,3.2004e+02,3.2002e+02,3.2000e+02,3.1999e+02,3.1997e+02,3.1996e+02,3.1994e+02,3.1993e+02,3.1991e+02,3.1989e+02,3.1988e+02,3.1986e+02,3.1985e+02,3.1983e+02,3.1982e+02,3.1980e+02,3.1979e+02,3.1977e+02,3.1976e+02,3.1975e+02,3.1973e+02,3.1972e+02,3.1971e+02,3.1970e+02,3.1968e+02,3.1967e+02,3.1966e+02,3.1965e+02,3.1964e+02,3.1963e+02,3.1962e+02,3.1961e+02,3.1960e+02,3.1959e+02,3.1959e+02,3.1958e+02,3.1957e+02,3.1957e+02,3.1956e+02,3.1955e+02,3.1955e+02,3.1954e+02,3.1954e+02,3.1953e+02,3.1953e+02,3.1953e+02,3.1953e+02,3.1952e+02,3.1952e+02,3.1952e+02,3.1952e+02,3.1952e+02,3.2048e+02,3.2048e+02,3.2048e+02,3.2048e+02,3.2048e+02,3.2048e+02,3.2047e+02,3.2047e+02,3.2047e+02,3.2046e+02,3.2046e+02,3.2045e+02,3.2045e+02,3.2044e+02,3.2043e+02,3.2043e+02,3.2042e+02,3.2041e+02,3.2040e+02,3.2039e+02,3.2039e+02,3.2038e+02,3.2037e+02,3.2036e+02,3.2035e+02,3.2034e+02,3.2033e+02,3.2031e+02,3.2030e+02,3.2029e+02,3.2028e+02,3.2027e+02,3.2026e+02,3.2024e+02,3.2023e+02,3.2022e+02,3.2020e+02,3.2019e+02,3.2018e+02,3.2016e+02,3.2015e+02,3.2014e+02,3.2012e+02,3.2011e+02,3.2009e+02,3.2008e+02,3.2006e+02,3.2005e+02,3.2003e+02,3.2002e+02,3.2000e+02,3.1999e+02,3.1997e+02,3.1995e+02,3.1994e+02,3.1992e+02,3.1991e+02,3.1989e+02,3.1988e+02,3.1986e+02,3.1985e+02,3.1983e+02,3.1982e+02,3.1980e+02,3.1979e+02,3.1977e+02,3.1976e+02,3.1975e+02,3.1973e+02,3.1972e+02,3.1971e+02,3.1969e+02,3.1968e+02,3.1967e+02,3.1966e+02,3.1965e+02,3.1964e+02,3.1963e+02,3.1962e+02,3.1961e+02,3.1960e+02,3.1959e+02,3.1959e+02,3.1958e+02,3.1957e+02,3.1957e+02,3.1956e+02,3.1955e+02,3.1955e+02,3.1954e+02,3.1954e+02,3.1954e+02,3.1953e+02,3.1953e+02,3.1953e+02,3.1952e+02,3.1952e+02,3.1952e+02,3.1952e+02,3.1952e+02,3.2134e+02,3.2134e+02,3.2134e+02,3.2135e+02,3.2135e+02,3.2136e+02,3.2136e+02,3.2137e+02,3.2138e+02,3.2139e+02,3.2140e+02,3.2141e+02,3.2142e+02,3.2143e+02,3.2145e+02,3.2146e+02,3.2148e+02,3.2149e+02,3.2151e+02,3.2152e+02,3.2154e+02,3.2156e+02,3.2158e+02,3.2159e+02,3.2161e+02,3.2163e+02,3.2164e+02,3.2166e+02,3.2168e+02,3.2169e+02,3.2171e+02,3.2172e+02,3.2173e+02,3.2175e+02,3.2176e+02,3.2177e+02,3.2178e+02,3.2179e+02,3.2179e+02,3.2180e+02,3.2180e+02,3.2181e+02,3.2181e+02,3.2181e+02,3.2181e+02,3.2181e+02,3.2181e+02,3.2180e+02,3.2180e+02,3.2179e+02,3.2179e+02,3.2178e+02,3.2177e+02,3.2176e+02,3.2175e+02,3.2173e+02,3.2172e+02,3.2171e+02,3.2169e+02,3.2168e+02,3.2166e+02,3.2164e+02,3.2163e+02,3.2161e+02,3.2159e+02,3.2157e+02,3.2155e+02,3.2153e+02,3.2151e+02,3.2149e+02,3.2147e+02,3.2145e+02,3.2143e+02,3.2141e+02,3.2139e+02,3.2137e+02,3.2135e+02,3.2133e+02,3.2131e+02,3.2129e+02,3.2127e+02,3.2125e+02,3.2123e+02,3.2122e+02,3.2120e+02,3.2118e+02,3.2117e+02,3.2115e+02,3.2114e+02,3.2113e+02,3.2112e+02,3.2110e+02,3.2110e+02,3.2109e+02,3.2108e+02,3.2107e+02,3.2107e+02,3.2106e+02,3.2106e+02,3.2106e+02,3.2134e+02,3.2134e+02,3.2134e+02,3.2135e+02,3.2135e+02,3.2136e+02,3.2136e+02,3.2137e+02,3.2138e+02,3.2139e+02,3.2140e+02,3.2141e+02,3.2142e+02,3.2144e+02,3.2145e+02,3.2146e+02,3.2148e+02,3.2149e+02,3.2151e+02,3.2153e+02,3.2154e+02,3.2156e+02,3.2158e+02,3.2160e+02,3.2161e+02,3.2163e+02,3.2165e+02,3.2166e+02,3.2168e+02,3.2170e+02,3.2171e+02,3.2173e+02,3.2174e+02,3.2175e+02,3.2176e+02,3.2177e+02,3.2178e+02,3.2179e+02,3.2180e+02,3.2181e+02,3.2181e+02,3.2181e+02,3.2182e+02,3.2182e+02,3.2182e+02,3.2182e+02,3.2181e+02,3.2181e+02,3.2181e+02,3.2180e+02,3.2179e+02,3.2178e+02,3.2177e+02,3.2176e+02,3.2175e+02,3.2174e+02,3.2173e+02,3.2171e+02,3.2170e+02,3.2168e+02,3.2166e+02,3.2165e+02,3.2163e+02,3.2161e+02,3.2159e+02,3.2157e+02,3.2155e+02,3.2153e+02,3.2151e+02,3.2149e+02,3.2147e+02,3.2145e+02,3.2143e+02,3.2141e+02,3.2139e+02,3.2137e+02,3.2135e+02,3.2133e+02,3.2131e+02,3.2129e+02,3.2127e+02,3.2125e+02,3.2123e+02,3.2122e+02,3.2120e+02,3.2118e+02,3.2117e+02,3.2115e+02,3.2114e+02,3.2113e+02,3.2111e+02,3.2110e+02,3.2109e+02,3.2109e+02,3.2108e+02,3.2107e+02,3.2107e+02,3.2106e+02,3.2106e+02,3.2106e+02,3.2134e+02,3.2134e+02,3.2135e+02,3.2135e+02,3.2135e+02,3.2136e+02,3.2137e+02,3.2137e+02,3.2138e+02,3.2139e+02,3.2140e+02,3.2141e+02,3.2143e+02,3.2144e+02,3.2145e+02,3.2147e+02,3.2148e+02,3.2150e+02,3.2152e+02,3.2153e+02,3.2155e+02,3.2157e+02,3.2159e+02,3.2160e+02,3.2162e+02,3.2164e+02,3.2166e+02,3.2167e+02,3.2169e+02,3.2171e+02,3.2172e+02,3.2174e+02,3.2175e+02,3.2176e+02,3.2178e+02,3.2179e+02,3.2180e+02,3.2181e+02,3.2181e+02,3.2182e+02,3.2182e+02,3.2183e+02,3.2183e+02,3.2183e+02,3.2183e+02,3.2183e+02,3.2183e+02,3.2182e+02,3.2182e+02,3.2181e+02,3.2180e+02,3.2180e+02,3.2179e+02,3.2178e+02,3.2176e+02,3.2175e+02,3.2174e+02,3.2172e+02,3.2171e+02,3.2169e+02,3.2167e+02,3.2166e+02,3.2164e+02,3.2162e+02,3.2160e+02,3.2158e+02,3.2156e+02,3.2154e+02,3.2152e+02,3.2150e+02,3.2148e+02,3.2146e+02,3.2144e+02,3.2142e+02,3.2140e+02,3.2137e+02,3.2135e+02,3.2133e+02,3.2131e+02,3.2129e+02,3.2127e+02,3.2125e+02,3.2123e+02,3.2122e+02,3.2120e+02,3.2118e+02,3.2117e+02,3.2115e+02,3.2114e+02,3.2112e+02,3.2111e+02,3.2110e+02,3.2109e+02,3.2108e+02,3.2108e+02,3.2107e+02,3.2106e+02,3.2106e+02,3.2106e+02,3.2106e+02,3.2134e+02,3.2135e+02,3.2135e+02,3.2135e+02,3.2136e+02,3.2136e+02,3.2137e+02,3.2138e+02,3.2138e+02,3.2139e+02,3.2140e+02,3.2142e+02,3.2143e+02,3.2144e+02,3.2146e+02,3.2147e+02,3.2149e+02,3.2151e+02,3.2152e+02,3.2154e+02,3.2156e+02,3.2158e+02,3.2160e+02,3.2161e+02,3.2163e+02,3.2165e+02,3.2167e+02,3.2169e+02,3.2171e+02,3.2172e+02,3.2174e+02,3.2175e+02,3.2177e+02,3.2178e+02,3.2179e+02,3.2181e+02,3.2182e+02,3.2182e+02,3.2183e+02,3.2184e+02,3.2184e+02,3.2185e+02,3.2185e+02,3.2185e+02,3.2185e+02,3.2185e+02,3.2185e+02,3.2184e+02,3.2184e+02,3.2183e+02,3.2182e+02,3.2182e+02,3.2180e+02,3.2179e+02,3.2178e+02,3.2177e+02,3.2175e+02,3.2174e+02,3.2172e+02,3.2171e+02,3.2169e+02,3.2167e+02,3.2165e+02,3.2163e+02,3.2161e+02,3.2159e+02,3.2157e+02,3.2155e+02,3.2153e+02,3.2151e+02,3.2149e+02,3.2147e+02,3.2145e+02,3.2142e+02,3.2140e+02,3.2138e+02,3.2136e+02,3.2134e+02,3.2132e+02,3.2130e+02,3.2128e+02,3.2126e+02,3.2124e+02,3.2122e+02,3.2120e+02,3.2118e+02,3.2117e+02,3.2115e+02,3.2114e+02,3.2112e+02,3.2111e+02,3.2110e+02,3.2109e+02,3.2108e+02,3.2107e+02,3.2106e+02,3.2106e+02,3.2106e+02,3.2105e+02,3.2105e+02,3.2135e+02,3.2135e+02,3.2135e+02,3.2135e+02,3.2136e+02,3.2136e+02,3.2137e+02,3.2138e+02,3.2139e+02,3.2140e+02,3.2141e+02,3.2142e+02,3.2143e+02,3.2145e+02,3.2146e+02,3.2148e+02,3.2150e+02,3.2151e+02,3.2153e+02,3.2155e+02,3.2157e+02,3.2159e+02,3.2161e+02,3.2163e+02,3.2165e+02,3.2167e+02,3.2169e+02,3.2171e+02,3.2172e+02,3.2174e+02,3.2176e+02,3.2178e+02,3.2179e+02,3.2181e+02,3.2182e+02,3.2183e+02,3.2184e+02,3.2185e+02,3.2186e+02,3.2187e+02,3.2187e+02,3.2188e+02,3.2188e+02,3.2188e+02,3.2188e+02,3.2188e+02,3.2187e+02,3.2187e+02,3.2186e+02,3.2186e+02,3.2185e+02,3.2184e+02,3.2183e+02,3.2182e+02,3.2181e+02,3.2179e+02,3.2178e+02,3.2176e+02,3.2174e+02,3.2173e+02,3.2171e+02,3.2169e+02,3.2167e+02,3.2165e+02,3.2163e+02,3.2161e+02,3.2159e+02,3.2157e+02,3.2155e+02,3.2152e+02,3.2150e+02,3.2148e+02,3.2146e+02,3.2143e+02,3.2141e+02,3.2139e+02,3.2137e+02,3.2134e+02,3.2132e+02,3.2130e+02,3.2128e+02,3.2126e+02,3.2124e+02,3.2122e+02,3.2120e+02,3.2118e+02,3.2116e+02,3.2115e+02,3.2113e+02,3.2112e+02,3.2111e+02,3.2109e+02,3.2108e+02,3.2107e+02,3.2107e+02,3.2106e+02,3.2105e+02,3.2105e+02,3.2105e+02,3.2105e+02,3.2135e+02,3.2135e+02,3.2135e+02,3.2136e+02,3.2136e+02,3.2137e+02,3.2137e+02,3.2138e+02,3.2139e+02,3.2140e+02,3.2141e+02,3.2143e+02,3.2144e+02,3.2146e+02,3.2147e+02,3.2149e+02,3.2151e+02,3.2153e+02,3.2154e+02,3.2156e+02,3.2158e+02,3.2161e+02,3.2163e+02,3.2165e+02,3.2167e+02,3.2169e+02,3.2171e+02,3.2173e+02,3.2175e+02,3.2177e+02,3.2179e+02,3.2180e+02,3.2182e+02,3.2184e+02,3.2185e+02,3.2186e+02,3.2187e+02,3.2188e+02,3.2189e+02,3.2190e+02,3.2191e+02,3.2191e+02,3.2191e+02,3.2191e+02,3.2191e+02,3.2191e+02,3.2191e+02,3.2190e+02,3.2190e+02,3.2189e+02,3.2188e+02,3.2187e+02,3.2186e+02,3.2185e+02,3.2184e+02,3.2182e+02,3.2181e+02,3.2179e+02,3.2177e+02,3.2175e+02,3.2173e+02,3.2171e+02,3.2169e+02,3.2167e+02,3.2165e+02,3.2163e+02,3.2161e+02,3.2159e+02,3.2156e+02,3.2154e+02,3.2152e+02,3.2149e+02,3.2147e+02,3.2145e+02,3.2142e+02,3.2140e+02,3.2137e+02,3.2135e+02,3.2133e+02,3.2131e+02,3.2128e+02,3.2126e+02,3.2124e+02,3.2122e+02,3.2120e+02,3.2118e+02,3.2116e+02,3.2115e+02,3.2113e+02,3.2111e+02,3.2110e+02,3.2109e+02,3.2108e+02,3.2107e+02,3.2106e+02,3.2105e+02,3.2105e+02,3.2104e+02,3.2104e+02,3.2104e+02,3.2135e+02,3.2135e+02,3.2135e+02,3.2136e+02,3.2136e+02,3.2137e+02,3.2138e+02,3.2139e+02,3.2140e+02,3.2141e+02,3.2142e+02,3.2143e+02,3.2145e+02,3.2147e+02,3.2148e+02,3.2150e+02,3.2152e+02,3.2154e+02,3.2156e+02,3.2158e+02,3.2160e+02,3.2162e+02,3.2165e+02,3.2167e+02,3.2169e+02,3.2172e+02,3.2174e+02,3.2176e+02,3.2178e+02,3.2180e+02,3.2182e+02,3.2184e+02,3.2186e+02,3.2187e+02,3.2189e+02,3.2190e+02,3.2191e+02,3.2192e+02,3.2193e+02,3.2194e+02,3.2195e+02,3.2195e+02,3.2195e+02,3.2196e+02,3.2196e+02,3.2195e+02,3.2195e+02,3.2195e+02,3.2194e+02,3.2193e+02,3.2192e+02,3.2191e+02,3.2190e+02,3.2189e+02,3.2187e+02,3.2186e+02,3.2184e+02,3.2182e+02,3.2180e+02,3.2178e+02,3.2176e+02,3.2174e+02,3.2172e+02,3.2170e+02,3.2168e+02,3.2165e+02,3.2163e+02,3.2161e+02,3.2158e+02,3.2156e+02,3.2153e+02,3.2151e+02,3.2149e+02,3.2146e+02,3.2144e+02,3.2141e+02,3.2139e+02,3.2136e+02,3.2134e+02,3.2131e+02,3.2129e+02,3.2127e+02,3.2124e+02,3.2122e+02,3.2120e+02,3.2118e+02,3.2116e+02,3.2114e+02,3.2113e+02,3.2111e+02,3.2109e+02,3.2108e+02,3.2107e+02,3.2106e+02,3.2105e+02,3.2104e+02,3.2104e+02,3.2103e+02,3.2103e+02,3.2103e+02,3.2135e+02,3.2136e+02,3.2136e+02,3.2136e+02,3.2137e+02,3.2137e+02,3.2138e+02,3.2139e+02,3.2140e+02,3.2141e+02,3.2143e+02,3.2144e+02,3.2146e+02,3.2148e+02,3.2149e+02,3.2151e+02,3.2153e+02,3.2155e+02,3.2158e+02,3.2160e+02,3.2162e+02,3.2165e+02,3.2167e+02,3.2170e+02,3.2172e+02,3.2175e+02,3.2177e+02,3.2179e+02,3.2182e+02,3.2184e+02,3.2186e+02,3.2188e+02,3.2190e+02,3.2192e+02,3.2193e+02,3.2195e+02,3.2196e+02,3.2197e+02,3.2198e+02,3.2199e+02,3.2200e+02,3.2200e+02,3.2201e+02,3.2201e+02,3.2201e+02,3.2200e+02,3.2200e+02,3.2200e+02,3.2199e+02,3.2198e+02,3.2197e+02,3.2196e+02,3.2195e+02,3.2193e+02,3.2192e+02,3.2190e+02,3.2188e+02,3.2186e+02,3.2184e+02,3.2182e+02,3.2180e+02,3.2178e+02,3.2176e+02,3.2173e+02,3.2171e+02,3.2168e+02,3.2166e+02,3.2163e+02,3.2161e+02,3.2158e+02,3.2156e+02,3.2153e+02,3.2150e+02,3.2148e+02,3.2145e+02,3.2142e+02,3.2140e+02,3.2137e+02,3.2135e+02,3.2132e+02,3.2130e+02,3.2127e+02,3.2125e+02,3.2122e+02,3.2120e+02,3.2118e+02,3.2116e+02,3.2114e+02,3.2112e+02,3.2110e+02,3.2109e+02,3.2107e+02,3.2106e+02,3.2105e+02,3.2104e+02,3.2103e+02,3.2102e+02,3.2102e+02,3.2102e+02,3.2101e+02,3.2136e+02,3.2136e+02,3.2136e+02,3.2137e+02,3.2137e+02,3.2138e+02,3.2139e+02,3.2140e+02,3.2141e+02,3.2142e+02,3.2144e+02,3.2145e+02,3.2147e+02,3.2149e+02,3.2151e+02,3.2153e+02,3.2155e+02,3.2157e+02,3.2160e+02,3.2162e+02,3.2165e+02,3.2167e+02,3.2170e+02,3.2173e+02,3.2176e+02,3.2178e+02,3.2181e+02,3.2183e+02,3.2186e+02,3.2188e+02,3.2191e+02,3.2193e+02,3.2195e+02,3.2197e+02,3.2199e+02,3.2200e+02,3.2202e+02,3.2203e+02,3.2204e+02,3.2205e+02,3.2206e+02,3.2206e+02,3.2206e+02,3.2207e+02,3.2207e+02,3.2206e+02,3.2206e+02,3.2205e+02,3.2205e+02,3.2204e+02,3.2203e+02,3.2201e+02,3.2200e+02,3.2198e+02,3.2197e+02,3.2195e+02,3.2193e+02,3.2191e+02,3.2189e+02,3.2187e+02,3.2184e+02,3.2182e+02,3.2179e+02,3.2177e+02,3.2174e+02,3.2172e+02,3.2169e+02,3.2167e+02,3.2164e+02,3.2161e+02,3.2158e+02,3.2155e+02,3.2153e+02,3.2150e+02,3.2147e+02,3.2144e+02,3.2141e+02,3.2139e+02,3.2136e+02,3.2133e+02,3.2130e+02,3.2128e+02,3.2125e+02,3.2122e+02,3.2120e+02,3.2118e+02,3.2115e+02,3.2113e+02,3.2111e+02,3.2109e+02,3.2108e+02,3.2106e+02,3.2105e+02,3.2104e+02,3.2103e+02,3.2102e+02,3.2101e+02,3.2100e+02,3.2100e+02,3.2100e+02,3.2136e+02,3.2136e+02,3.2137e+02,3.2137e+02,3.2138e+02,3.2138e+02,3.2139e+02,3.2140e+02,3.2142e+02,3.2143e+02,3.2144e+02,3.2146e+02,3.2148e+02,3.2150e+02,3.2152e+02,3.2154e+02,3.2157e+02,3.2159e+02,3.2162e+02,3.2165e+02,3.2167e+02,3.2170e+02,3.2173e+02,3.2176e+02,3.2179e+02,3.2182e+02,3.2185e+02,3.2188e+02,3.2191e+02,3.2194e+02,3.2196e+02,3.2199e+02,3.2201e+02,3.2203e+02,3.2205e+02,3.2207e+02,3.2208e+02,3.2209e+02,3.2211e+02,3.2212e+02,3.2212e+02,3.2213e+02,3.2213e+02,3.2213e+02,3.2213e+02,3.2213e+02,3.2213e+02,3.2212e+02,3.2211e+02,3.2210e+02,3.2209e+02,3.2208e+02,3.2206e+02,3.2204e+02,3.2203e+02,3.2201e+02,3.2199e+02,3.2196e+02,3.2194e+02,3.2192e+02,3.2189e+02,3.2187e+02,3.2184e+02,3.2181e+02,3.2179e+02,3.2176e+02,3.2173e+02,3.2170e+02,3.2167e+02,3.2164e+02,3.2161e+02,3.2158e+02,3.2155e+02,3.2152e+02,3.2149e+02,3.2146e+02,3.2143e+02,3.2140e+02,3.2137e+02,3.2134e+02,3.2131e+02,3.2128e+02,3.2125e+02,3.2123e+02,3.2120e+02,3.2117e+02,3.2115e+02,3.2113e+02,3.2111e+02,3.2109e+02,3.2107e+02,3.2105e+02,3.2104e+02,3.2102e+02,3.2101e+02,3.2100e+02,3.2099e+02,3.2099e+02,3.2098e+02,3.2098e+02,3.2136e+02,3.2137e+02,3.2137e+02,3.2137e+02,3.2138e+02,3.2139e+02,3.2140e+02,3.2141e+02,3.2142e+02,3.2144e+02,3.2145e+02,3.2147e+02,3.2149e+02,3.2151e+02,3.2154e+02,3.2156e+02,3.2159e+02,3.2161e+02,3.2164e+02,3.2167e+02,3.2171e+02,3.2174e+02,3.2177e+02,3.2180e+02,3.2184e+02,3.2187e+02,3.2190e+02,3.2193e+02,3.2197e+02,3.2199e+02,3.2202e+02,3.2205e+02,3.2207e+02,3.2210e+02,3.2212e+02,3.2214e+02,3.2215e+02,3.2217e+02,3.2218e+02,3.2219e+02,3.2220e+02,3.2221e+02,3.2221e+02,3.2221e+02,3.2221e+02,3.2221e+02,3.2220e+02,3.2220e+02,3.2219e+02,3.2218e+02,3.2216e+02,3.2215e+02,3.2213e+02,3.2211e+02,3.2209e+02,3.2207e+02,3.2205e+02,3.2203e+02,3.2200e+02,3.2197e+02,3.2195e+02,3.2192e+02,3.2189e+02,3.2186e+02,3.2183e+02,3.2180e+02,3.2177e+02,3.2174e+02,3.2171e+02,3.2168e+02,3.2165e+02,3.2162e+02,3.2158e+02,3.2155e+02,3.2152e+02,3.2148e+02,3.2145e+02,3.2142e+02,3.2139e+02,3.2135e+02,3.2132e+02,3.2129e+02,3.2126e+02,3.2123e+02,3.2120e+02,3.2117e+02,3.2114e+02,3.2112e+02,3.2110e+02,3.2107e+02,3.2105e+02,3.2104e+02,3.2102e+02,3.2100e+02,3.2099e+02,3.2098e+02,3.2097e+02,3.2097e+02,3.2096e+02,3.2096e+02,3.2137e+02,3.2137e+02,3.2137e+02,3.2138e+02,3.2138e+02,3.2139e+02,3.2140e+02,3.2142e+02,3.2143e+02,3.2145e+02,3.2146e+02,3.2148e+02,3.2150e+02,3.2153e+02,3.2155e+02,3.2158e+02,3.2161e+02,3.2164e+02,3.2167e+02,3.2170e+02,3.2174e+02,3.2177e+02,3.2181e+02,3.2185e+02,3.2189e+02,3.2192e+02,3.2196e+02,3.2199e+02,3.2203e+02,3.2206e+02,3.2209e+02,3.2212e+02,3.2215e+02,3.2218e+02,3.2220e+02,3.2222e+02,3.2224e+02,3.2225e+02,3.2227e+02,3.2228e+02,3.2229e+02,3.2229e+02,3.2230e+02,3.2230e+02,3.2230e+02,3.2230e+02,3.2229e+02,3.2228e+02,3.2227e+02,3.2226e+02,3.2225e+02,3.2223e+02,3.2221e+02,3.2219e+02,3.2217e+02,3.2215e+02,3.2212e+02,3.2210e+02,3.2207e+02,3.2204e+02,3.2201e+02,3.2198e+02,3.2195e+02,3.2192e+02,3.2189e+02,3.2185e+02,3.2182e+02,3.2179e+02,3.2175e+02,3.2172e+02,3.2169e+02,3.2165e+02,3.2162e+02,3.2158e+02,3.2155e+02,3.2151e+02,3.2148e+02,3.2144e+02,3.2140e+02,3.2137e+02,3.2133e+02,3.2130e+02,3.2126e+02,3.2123e+02,3.2120e+02,3.2117e+02,3.2114e+02,3.2111e+02,3.2108e+02,3.2106e+02,3.2104e+02,3.2102e+02,3.2100e+02,3.2098e+02,3.2097e+02,3.2096e+02,3.2095e+02,3.2094e+02,3.2094e+02,3.2094e+02,3.2137e+02,3.2137e+02,3.2138e+02,3.2138e+02,3.2139e+02,3.2140e+02,3.2141e+02,3.2142e+02,3.2144e+02,3.2145e+02,3.2147e+02,3.2149e+02,3.2152e+02,3.2154e+02,3.2157e+02,3.2160e+02,3.2163e+02,3.2166e+02,3.2170e+02,3.2174e+02,3.2178e+02,3.2182e+02,3.2186e+02,3.2190e+02,3.2194e+02,3.2198e+02,3.2202e+02,3.2206e+02,3.2210e+02,3.2214e+02,3.2217e+02,3.2221e+02,3.2224e+02,3.2226e+02,3.2229e+02,3.2231e+02,3.2233e+02,3.2235e+02,3.2237e+02,3.2238e+02,3.2239e+02,3.2239e+02,3.2240e+02,3.2240e+02,3.2240e+02,3.2240e+02,3.2239e+02,3.2238e+02,3.2237e+02,3.2236e+02,3.2234e+02,3.2232e+02,3.2230e+02,3.2228e+02,3.2226e+02,3.2223e+02,3.2220e+02,3.2217e+02,3.2214e+02,3.2211e+02,3.2208e+02,3.2205e+02,3.2201e+02,3.2198e+02,3.2195e+02,3.2191e+02,3.2188e+02,3.2184e+02,3.2180e+02,3.2177e+02,3.2173e+02,3.2169e+02,3.2166e+02,3.2162e+02,3.2158e+02,3.2154e+02,3.2150e+02,3.2146e+02,3.2142e+02,3.2138e+02,3.2135e+02,3.2131e+02,3.2127e+02,3.2123e+02,3.2120e+02,3.2116e+02,3.2113e+02,3.2110e+02,3.2107e+02,3.2104e+02,3.2102e+02,3.2100e+02,3.2098e+02,3.2096e+02,3.2095e+02,3.2093e+02,3.2092e+02,3.2092e+02,3.2091e+02,3.2091e+02,3.2137e+02,3.2138e+02,3.2138e+02,3.2138e+02,3.2139e+02,3.2140e+02,3.2141e+02,3.2143e+02,3.2144e+02,3.2146e+02,3.2148e+02,3.2150e+02,3.2153e+02,3.2156e+02,3.2159e+02,3.2162e+02,3.2165e+02,3.2169e+02,3.2173e+02,3.2177e+02,3.2182e+02,3.2186e+02,3.2191e+02,3.2195e+02,3.2200e+02,3.2205e+02,3.2209e+02,3.2214e+02,3.2218e+02,3.2222e+02,3.2226e+02,3.2230e+02,3.2233e+02,3.2236e+02,3.2239e+02,3.2242e+02,3.2244e+02,3.2246e+02,3.2247e+02,3.2249e+02,3.2250e+02,3.2251e+02,3.2251e+02,3.2251e+02,3.2251e+02,3.2251e+02,3.2250e+02,3.2249e+02,3.2248e+02,3.2246e+02,3.2245e+02,3.2243e+02,3.2240e+02,3.2238e+02,3.2235e+02,3.2232e+02,3.2229e+02,3.2226e+02,3.2223e+02,3.2220e+02,3.2216e+02,3.2212e+02,3.2209e+02,3.2205e+02,3.2201e+02,3.2198e+02,3.2194e+02,3.2190e+02,3.2186e+02,3.2182e+02,3.2178e+02,3.2174e+02,3.2170e+02,3.2166e+02,3.2162e+02,3.2158e+02,3.2153e+02,3.2149e+02,3.2145e+02,3.2140e+02,3.2136e+02,3.2132e+02,3.2127e+02,3.2123e+02,3.2119e+02,3.2116e+02,3.2112e+02,3.2109e+02,3.2105e+02,3.2102e+02,3.2100e+02,3.2097e+02,3.2095e+02,3.2093e+02,3.2092e+02,3.2090e+02,3.2089e+02,3.2089e+02,3.2088e+02,3.2088e+02,3.2138e+02,3.2138e+02,3.2138e+02,3.2139e+02,3.2140e+02,3.2141e+02,3.2142e+02,3.2143e+02,3.2145e+02,3.2147e+02,3.2149e+02,3.2152e+02,3.2154e+02,3.2157e+02,3.2161e+02,3.2164e+02,3.2168e+02,3.2172e+02,3.2176e+02,3.2181e+02,3.2186e+02,3.2191e+02,3.2196e+02,3.2201e+02,3.2207e+02,3.2212e+02,3.2217e+02,3.2222e+02,3.2227e+02,3.2232e+02,3.2236e+02,3.2240e+02,3.2244e+02,3.2248e+02,3.2251e+02,3.2253e+02,3.2256e+02,3.2258e+02,3.2260e+02,3.2261e+02,3.2262e+02,3.2263e+02,3.2263e+02,3.2264e+02,3.2263e+02,3.2263e+02,3.2262e+02,3.2261e+02,3.2260e+02,3.2258e+02,3.2256e+02,3.2254e+02,3.2252e+02,3.2249e+02,3.2246e+02,3.2243e+02,3.2240e+02,3.2236e+02,3.2232e+02,3.2229e+02,3.2225e+02,3.2221e+02,3.2217e+02,3.2213e+02,3.2209e+02,3.2205e+02,3.2201e+02,3.2197e+02,3.2192e+02,3.2188e+02,3.2184e+02,3.2180e+02,3.2175e+02,3.2171e+02,3.2166e+02,3.2162e+02,3.2157e+02,3.2152e+02,3.2147e+02,3.2143e+02,3.2138e+02,3.2133e+02,3.2128e+02,3.2124e+02,3.2119e+02,3.2115e+02,3.2111e+02,3.2107e+02,3.2103e+02,3.2100e+02,3.2097e+02,3.2095e+02,3.2092e+02,3.2090e+02,3.2088e+02,3.2087e+02,3.2086e+02,3.2085e+02,3.2084e+02,3.2084e+02,3.2138e+02,3.2138e+02,3.2138e+02,3.2139e+02,3.2140e+02,3.2141e+02,3.2142e+02,3.2144e+02,3.2146e+02,3.2148e+02,3.2150e+02,3.2153e+02,3.2156e+02,3.2159e+02,3.2162e+02,3.2166e+02,3.2170e+02,3.2175e+02,3.2180e+02,3.2185e+02,3.2190e+02,3.2196e+02,3.2202e+02,3.2208e+02,3.2214e+02,3.2220e+02,3.2226e+02,3.2232e+02,3.2237e+02,3.2243e+02,3.2248e+02,3.2252e+02,3.2256e+02,3.2260e+02,3.2263e+02,3.2266e+02,3.2269e+02,3.2271e+02,3.2273e+02,3.2275e+02,3.2276e+02,3.2277e+02,3.2277e+02,3.2277e+02,3.2277e+02,3.2277e+02,3.2276e+02,3.2275e+02,3.2273e+02,3.2272e+02,3.2269e+02,3.2267e+02,3.2264e+02,3.2261e+02,3.2258e+02,3.2255e+02,3.2251e+02,3.2247e+02,3.2243e+02,3.2239e+02,3.2235e+02,3.2230e+02,3.2226e+02,3.2222e+02,3.2217e+02,3.2213e+02,3.2209e+02,3.2204e+02,3.2200e+02,3.2195e+02,3.2191e+02,3.2186e+02,3.2181e+02,3.2176e+02,3.2171e+02,3.2166e+02,3.2161e+02,3.2156e+02,3.2151e+02,3.2145e+02,3.2140e+02,3.2134e+02,3.2129e+02,3.2124e+02,3.2119e+02,3.2114e+02,3.2109e+02,3.2105e+02,3.2101e+02,3.2098e+02,3.2094e+02,3.2091e+02,3.2089e+02,3.2087e+02,3.2085e+02,3.2083e+02,3.2082e+02,3.2081e+02,3.2080e+02,3.2080e+02,3.2138e+02,3.2138e+02,3.2139e+02,3.2139e+02,3.2140e+02,3.2141e+02,3.2143e+02,3.2144e+02,3.2146e+02,3.2148e+02,3.2151e+02,3.2154e+02,3.2157e+02,3.2160e+02,3.2164e+02,3.2168e+02,3.2173e+02,3.2178e+02,3.2183e+02,3.2189e+02,3.2195e+02,3.2201e+02,3.2208e+02,3.2215e+02,3.2222e+02,3.2229e+02,3.2236e+02,3.2243e+02,3.2249e+02,3.2255e+02,3.2260e+02,3.2265e+02,3.2270e+02,3.2274e+02,3.2278e+02,3.2281e+02,3.2284e+02,3.2286e+02,3.2288e+02,3.2290e+02,3.2291e+02,3.2292e+02,3.2293e+02,3.2293e+02,3.2293e+02,3.2292e+02,3.2291e+02,3.2290e+02,3.2288e+02,3.2286e+02,3.2284e+02,3.2281e+02,3.2278e+02,3.2275e+02,3.2272e+02,3.2268e+02,3.2264e+02,3.2259e+02,3.2255e+02,3.2250e+02,3.2246e+02,3.2241e+02,3.2236e+02,3.2232e+02,3.2227e+02,3.2222e+02,3.2218e+02,3.2213e+02,3.2208e+02,3.2203e+02,3.2198e+02,3.2193e+02,3.2188e+02,3.2183e+02,3.2177e+02,3.2172e+02,3.2166e+02,3.2160e+02,3.2155e+02,3.2148e+02,3.2142e+02,3.2136e+02,3.2130e+02,3.2124e+02,3.2118e+02,3.2113e+02,3.2108e+02,3.2103e+02,3.2098e+02,3.2094e+02,3.2091e+02,3.2088e+02,3.2085e+02,3.2082e+02,3.2080e+02,3.2078e+02,3.2077e+02,3.2076e+02,3.2075e+02,3.2075e+02,3.2138e+02,3.2138e+02,3.2139e+02,3.2139e+02,3.2140e+02,3.2141e+02,3.2143e+02,3.2145e+02,3.2147e+02,3.2149e+02,3.2152e+02,3.2155e+02,3.2158e+02,3.2162e+02,3.2166e+02,3.2170e+02,3.2175e+02,3.2181e+02,3.2187e+02,3.2193e+02,3.2200e+02,3.2207e+02,3.2215e+02,3.2223e+02,3.2231e+02,3.2239e+02,3.2247e+02,3.2254e+02,3.2261e+02,3.2268e+02,3.2274e+02,3.2280e+02,3.2285e+02,3.2289e+02,3.2293e+02,3.2297e+02,3.2300e+02,3.2303e+02,3.2305e+02,3.2307e+02,3.2308e+02,3.2309e+02,3.2309e+02,3.2310e+02,3.2309e+02,3.2309e+02,3.2308e+02,3.2306e+02,3.2305e+02,3.2302e+02,3.2300e+02,3.2297e+02,3.2294e+02,3.2290e+02,3.2286e+02,3.2282e+02,3.2278e+02,3.2273e+02,3.2268e+02,3.2263e+02,3.2258e+02,3.2253e+02,3.2248e+02,3.2243e+02,3.2238e+02,3.2233e+02,3.2228e+02,3.2223e+02,3.2218e+02,3.2212e+02,3.2207e+02,3.2202e+02,3.2196e+02,3.2190e+02,3.2185e+02,3.2179e+02,3.2172e+02,3.2166e+02,3.2159e+02,3.2152e+02,3.2145e+02,3.2138e+02,3.2131e+02,3.2124e+02,3.2117e+02,3.2111e+02,3.2105e+02,3.2100e+02,3.2095e+02,3.2091e+02,3.2087e+02,3.2083e+02,3.2080e+02,3.2077e+02,3.2075e+02,3.2073e+02,3.2072e+02,3.2071e+02,3.2070e+02,3.2069e+02,3.2138e+02,3.2138e+02,3.2139e+02,3.2139e+02,3.2140e+02,3.2142e+02,3.2143e+02,3.2145e+02,3.2147e+02,3.2149e+02,3.2152e+02,3.2155e+02,3.2159e+02,3.2163e+02,3.2167e+02,3.2172e+02,3.2178e+02,3.2183e+02,3.2190e+02,3.2197e+02,3.2205e+02,3.2213e+02,3.2222e+02,3.2231e+02,3.2240e+02,3.2250e+02,3.2259e+02,3.2267e+02,3.2276e+02,3.2283e+02,3.2290e+02,3.2296e+02,3.2301e+02,3.2306e+02,3.2311e+02,3.2315e+02,3.2318e+02,3.2321e+02,3.2323e+02,3.2325e+02,3.2326e+02,3.2327e+02,3.2328e+02,3.2328e+02,3.2328e+02,3.2327e+02,3.2326e+02,3.2325e+02,3.2323e+02,3.2320e+02,3.2318e+02,3.2314e+02,3.2311e+02,3.2307e+02,3.2303e+02,3.2298e+02,3.2293e+02,3.2288e+02,3.2283e+02,3.2278e+02,3.2272e+02,3.2267e+02,3.2261e+02,3.2256e+02,3.2250e+02,3.2245e+02,3.2240e+02,3.2234e+02,3.2229e+02,3.2223e+02,3.2217e+02,3.2212e+02,3.2206e+02,3.2200e+02,3.2193e+02,3.2187e+02,3.2180e+02,3.2173e+02,3.2165e+02,3.2157e+02,3.2149e+02,3.2141e+02,3.2132e+02,3.2124e+02,3.2116e+02,3.2109e+02,3.2103e+02,3.2097e+02,3.2091e+02,3.2086e+02,3.2082e+02,3.2078e+02,3.2075e+02,3.2072e+02,3.2069e+02,3.2067e+02,3.2066e+02,3.2064e+02,3.2064e+02,3.2063e+02,3.2138e+02,3.2138e+02,3.2138e+02,3.2139e+02,3.2140e+02,3.2142e+02,3.2143e+02,3.2145e+02,3.2147e+02,3.2150e+02,3.2153e+02,3.2156e+02,3.2160e+02,3.2164e+02,3.2169e+02,3.2174e+02,3.2180e+02,3.2186e+02,3.2193e+02,3.2201e+02,3.2209e+02,3.2219e+02,3.2229e+02,3.2239e+02,3.2250e+02,3.2262e+02,3.2272e+02,3.2282e+02,3.2291e+02,3.2299e+02,3.2307e+02,3.2314e+02,3.2320e+02,3.2325e+02,3.2330e+02,3.2334e+02,3.2337e+02,3.2340e+02,3.2343e+02,3.2345e+02,3.2346e+02,3.2347e+02,3.2348e+02,3.2348e+02,3.2348e+02,3.2347e+02,3.2346e+02,3.2344e+02,3.2342e+02,3.2340e+02,3.2337e+02,3.2333e+02,3.2330e+02,3.2325e+02,3.2321e+02,3.2316e+02,3.2311e+02,3.2305e+02,3.2300e+02,3.2294e+02,3.2288e+02,3.2282e+02,3.2276e+02,3.2270e+02,3.2265e+02,3.2259e+02,3.2253e+02,3.2247e+02,3.2242e+02,3.2236e+02,3.2230e+02,3.2224e+02,3.2217e+02,3.2211e+02,3.2204e+02,3.2197e+02,3.2189e+02,3.2181e+02,3.2173e+02,3.2164e+02,3.2154e+02,3.2144e+02,3.2134e+02,3.2124e+02,3.2115e+02,3.2107e+02,3.2099e+02,3.2093e+02,3.2087e+02,3.2081e+02,3.2076e+02,3.2072e+02,3.2068e+02,3.2065e+02,3.2063e+02,3.2060e+02,3.2059e+02,3.2057e+02,3.2056e+02,3.2056e+02,3.2138e+02,3.2138e+02,3.2138e+02,3.2139e+02,3.2140e+02,3.2142e+02,3.2143e+02,3.2145e+02,3.2147e+02,3.2150e+02,3.2153e+02,3.2157e+02,3.2160e+02,3.2165e+02,3.2170e+02,3.2175e+02,3.2181e+02,3.2188e+02,3.2196e+02,3.2204e+02,3.2214e+02,3.2224e+02,3.2235e+02,3.2248e+02,3.2261e+02,3.2275e+02,3.2287e+02,3.2298e+02,3.2308e+02,3.2318e+02,3.2326e+02,3.2333e+02,3.2340e+02,3.2345e+02,3.2350e+02,3.2355e+02,3.2358e+02,3.2362e+02,3.2364e+02,3.2366e+02,3.2368e+02,3.2369e+02,3.2369e+02,3.2369e+02,3.2369e+02,3.2368e+02,3.2367e+02,3.2365e+02,3.2363e+02,3.2361e+02,3.2358e+02,3.2354e+02,3.2350e+02,3.2345e+02,3.2340e+02,3.2335e+02,3.2330e+02,3.2324e+02,3.2318e+02,3.2312e+02,3.2306e+02,3.2300e+02,3.2294e+02,3.2288e+02,3.2281e+02,3.2275e+02,3.2269e+02,3.2263e+02,3.2257e+02,3.2251e+02,3.2244e+02,3.2238e+02,3.2231e+02,3.2224e+02,3.2217e+02,3.2209e+02,3.2201e+02,3.2192e+02,3.2183e+02,3.2173e+02,3.2161e+02,3.2149e+02,3.2136e+02,3.2124e+02,3.2113e+02,3.2103e+02,3.2095e+02,3.2088e+02,3.2081e+02,3.2075e+02,3.2070e+02,3.2065e+02,3.2061e+02,3.2058e+02,3.2055e+02,3.2052e+02,3.2050e+02,3.2049e+02,3.2048e+02,3.2048e+02,3.2138e+02,3.2138e+02,3.2139e+02,3.2139e+02,3.2141e+02,3.2142e+02,3.2144e+02,3.2146e+02,3.2148e+02,3.2151e+02,3.2154e+02,3.2157e+02,3.2161e+02,3.2166e+02,3.2171e+02,3.2177e+02,3.2183e+02,3.2191e+02,3.2199e+02,3.2208e+02,3.2218e+02,3.2229e+02,3.2242e+02,3.2256e+02,3.2272e+02,3.2288e+02,3.2302e+02,3.2315e+02,3.2326e+02,3.2336e+02,3.2345e+02,3.2352e+02,3.2359e+02,3.2365e+02,3.2371e+02,3.2375e+02,3.2379e+02,3.2382e+02,3.2385e+02,3.2387e+02,3.2389e+02,3.2390e+02,3.2390e+02,3.2390e+02,3.2390e+02,3.2389e+02,3.2388e+02,3.2386e+02,3.2384e+02,3.2381e+02,3.2378e+02,3.2374e+02,3.2370e+02,3.2365e+02,3.2360e+02,3.2354e+02,3.2349e+02,3.2343e+02,3.2337e+02,3.2331e+02,3.2324e+02,3.2318e+02,3.2311e+02,3.2305e+02,3.2298e+02,3.2292e+02,3.2286e+02,3.2279e+02,3.2273e+02,3.2266e+02,3.2260e+02,3.2253e+02,3.2246e+02,3.2238e+02,3.2230e+02,3.2222e+02,3.2213e+02,3.2204e+02,3.2193e+02,3.2182e+02,3.2169e+02,3.2154e+02,3.2137e+02,3.2123e+02,3.2111e+02,3.2100e+02,3.2091e+02,3.2082e+02,3.2075e+02,3.2069e+02,3.2063e+02,3.2058e+02,3.2054e+02,3.2050e+02,3.2047e+02,3.2044e+02,3.2042e+02,3.2041e+02,3.2040e+02,3.2039e+02,3.2140e+02,3.2140e+02,3.2140e+02,3.2141e+02,3.2142e+02,3.2144e+02,3.2145e+02,3.2147e+02,3.2150e+02,3.2153e+02,3.2156e+02,3.2159e+02,3.2164e+02,3.2168e+02,3.2174e+02,3.2180e+02,3.2186e+02,3.2194e+02,3.2203e+02,3.2212e+02,3.2223e+02,3.2235e+02,3.2249e+02,3.2264e+02,3.2282e+02,3.2299e+02,3.2314e+02,3.2328e+02,3.2340e+02,3.2351e+02,3.2360e+02,3.2368e+02,3.2376e+02,3.2382e+02,3.2387e+02,3.2392e+02,3.2396e+02,3.2399e+02,3.2402e+02,3.2404e+02,3.2406e+02,3.2407e+02,3.2408e+02,3.2408e+02,3.2407e+02,3.2406e+02,3.2405e+02,3.2403e+02,3.2401e+02,3.2398e+02,3.2395e+02,3.2391e+02,3.2386e+02,3.2381e+02,3.2376e+02,3.2370e+02,3.2364e+02,3.2358e+02,3.2352e+02,3.2346e+02,3.2339e+02,3.2332e+02,3.2326e+02,3.2319e+02,3.2312e+02,3.2306e+02,3.2299e+02,3.2292e+02,3.2286e+02,3.2279e+02,3.2272e+02,3.2265e+02,3.2257e+02,3.2249e+02,3.2241e+02,3.2232e+02,3.2223e+02,3.2212e+02,3.2201e+02,3.2188e+02,3.2174e+02,3.2158e+02,3.2139e+02,3.2123e+02,3.2109e+02,3.2097e+02,3.2087e+02,3.2078e+02,3.2070e+02,3.2063e+02,3.2057e+02,3.2052e+02,3.2047e+02,3.2043e+02,3.2040e+02,3.2037e+02,3.2035e+02,3.2033e+02,3.2032e+02,3.2032e+02,3.2143e+02,3.2143e+02,3.2144e+02,3.2144e+02,3.2145e+02,3.2147e+02,3.2149e+02,3.2151e+02,3.2153e+02,3.2156e+02,3.2159e+02,3.2163e+02,3.2167e+02,3.2172e+02,3.2177e+02,3.2183e+02,3.2190e+02,3.2198e+02,3.2207e+02,3.2217e+02,3.2228e+02,3.2241e+02,3.2255e+02,3.2272e+02,3.2290e+02,3.2308e+02,3.2325e+02,3.2339e+02,3.2352e+02,3.2363e+02,3.2373e+02,3.2381e+02,3.2389e+02,3.2395e+02,3.2401e+02,3.2405e+02,3.2409e+02,3.2413e+02,3.2416e+02,3.2418e+02,3.2419e+02,3.2421e+02,3.2421e+02,3.2421e+02,3.2421e+02,3.2420e+02,3.2419e+02,3.2417e+02,3.2414e+02,3.2411e+02,3.2408e+02,3.2404e+02,3.2399e+02,3.2394e+02,3.2389e+02,3.2383e+02,3.2377e+02,3.2371e+02,3.2365e+02,3.2358e+02,3.2351e+02,3.2344e+02,3.2337e+02,3.2330e+02,3.2323e+02,3.2316e+02,3.2310e+02,3.2303e+02,3.2296e+02,3.2289e+02,3.2282e+02,3.2274e+02,3.2266e+02,3.2258e+02,3.2249e+02,3.2240e+02,3.2230e+02,3.2219e+02,3.2207e+02,3.2193e+02,3.2178e+02,3.2160e+02,3.2140e+02,3.2122e+02,3.2108e+02,3.2095e+02,3.2084e+02,3.2074e+02,3.2066e+02,3.2058e+02,3.2052e+02,3.2046e+02,3.2041e+02,3.2037e+02,3.2033e+02,3.2031e+02,3.2028e+02,3.2027e+02,3.2026e+02,3.2025e+02,3.2147e+02,3.2148e+02,3.2148e+02,3.2149e+02,3.2150e+02,3.2151e+02,3.2153e+02,3.2155e+02,3.2158e+02,3.2160e+02,3.2164e+02,3.2167e+02,3.2172e+02,3.2176e+02,3.2182e+02,3.2188e+02,3.2195e+02,3.2203e+02,3.2212e+02,3.2222e+02,3.2234e+02,3.2247e+02,3.2262e+02,3.2278e+02,3.2297e+02,3.2316e+02,3.2333e+02,3.2348e+02,3.2361e+02,3.2372e+02,3.2382e+02,3.2391e+02,3.2398e+02,3.2405e+02,3.2410e+02,3.2415e+02,3.2419e+02,3.2423e+02,3.2426e+02,3.2428e+02,3.2429e+02,3.2430e+02,3.2431e+02,3.2431e+02,3.2431e+02,3.2430e+02,3.2429e+02,3.2427e+02,3.2424e+02,3.2421e+02,3.2418e+02,3.2414e+02,3.2409e+02,3.2404e+02,3.2398e+02,3.2392e+02,3.2386e+02,3.2380e+02,3.2374e+02,3.2367e+02,3.2360e+02,3.2353e+02,3.2346e+02,3.2339e+02,3.2332e+02,3.2325e+02,3.2318e+02,3.2311e+02,3.2304e+02,3.2297e+02,3.2290e+02,3.2282e+02,3.2274e+02,3.2265e+02,3.2256e+02,3.2246e+02,3.2236e+02,3.2224e+02,3.2211e+02,3.2197e+02,3.2180e+02,3.2162e+02,3.2140e+02,3.2122e+02,3.2106e+02,3.2093e+02,3.2081e+02,3.2071e+02,3.2062e+02,3.2054e+02,3.2047e+02,3.2041e+02,3.2036e+02,3.2032e+02,3.2028e+02,3.2025e+02,3.2022e+02,3.2021e+02,3.2020e+02,3.2019e+02,3.2153e+02,3.2154e+02,3.2154e+02,3.2155e+02,3.2156e+02,3.2158e+02,3.2159e+02,3.2161e+02,3.2164e+02,3.2166e+02,3.2170e+02,3.2173e+02,3.2177e+02,3.2182e+02,3.2188e+02,3.2194e+02,3.2201e+02,3.2209e+02,3.2218e+02,3.2228e+02,3.2239e+02,3.2253e+02,3.2267e+02,3.2284e+02,3.2303e+02,3.2322e+02,3.2339e+02,3.2354e+02,3.2367e+02,3.2379e+02,3.2388e+02,3.2397e+02,3.2405e+02,3.2411e+02,3.2417e+02,3.2422e+02,3.2426e+02,3.2429e+02,3.2432e+02,3.2434e+02,3.2436e+02,3.2437e+02,3.2437e+02,3.2437e+02,3.2437e+02,3.2436e+02,3.2435e+02,3.2433e+02,3.2430e+02,3.2427e+02,3.2424e+02,3.2420e+02,3.2415e+02,3.2410e+02,3.2405e+02,3.2399e+02,3.2393e+02,3.2387e+02,3.2381e+02,3.2374e+02,3.2367e+02,3.2360e+02,3.2353e+02,3.2346e+02,3.2339e+02,3.2332e+02,3.2325e+02,3.2318e+02,3.2311e+02,3.2304e+02,3.2296e+02,3.2288e+02,3.2280e+02,3.2271e+02,3.2261e+02,3.2251e+02,3.2240e+02,3.2228e+02,3.2214e+02,3.2199e+02,3.2182e+02,3.2163e+02,3.2141e+02,3.2122e+02,3.2105e+02,3.2091e+02,3.2079e+02,3.2068e+02,3.2058e+02,3.2050e+02,3.2043e+02,3.2037e+02,3.2031e+02,3.2027e+02,3.2023e+02,3.2020e+02,3.2017e+02,3.2015e+02,3.2014e+02,3.2014e+02,3.2161e+02,3.2162e+02,3.2162e+02,3.2163e+02,3.2164e+02,3.2165e+02,3.2167e+02,3.2169e+02,3.2171e+02,3.2174e+02,3.2177e+02,3.2181e+02,3.2185e+02,3.2189e+02,3.2195e+02,3.2201e+02,3.2207e+02,3.2215e+02,3.2224e+02,3.2234e+02,3.2245e+02,3.2258e+02,3.2273e+02,3.2289e+02,3.2308e+02,3.2327e+02,3.2344e+02,3.2358e+02,3.2371e+02,3.2382e+02,3.2392e+02,3.2400e+02,3.2408e+02,3.2414e+02,3.2420e+02,3.2424e+02,3.2428e+02,3.2432e+02,3.2434e+02,3.2436e+02,3.2438e+02,3.2439e+02,3.2439e+02,3.2440e+02,3.2439e+02,3.2438e+02,3.2437e+02,3.2435e+02,3.2433e+02,3.2430e+02,3.2427e+02,3.2423e+02,3.2418e+02,3.2414e+02,3.2408e+02,3.2403e+02,3.2397e+02,3.2391e+02,3.2385e+02,3.2379e+02,3.2372e+02,3.2365e+02,3.2358e+02,3.2351e+02,3.2344e+02,3.2337e+02,3.2330e+02,3.2323e+02,3.2316e+02,3.2309e+02,3.2301e+02,3.2293e+02,3.2284e+02,3.2275e+02,3.2265e+02,3.2255e+02,3.2243e+02,3.2231e+02,3.2217e+02,3.2201e+02,3.2183e+02,3.2163e+02,3.2141e+02,3.2121e+02,3.2104e+02,3.2089e+02,3.2077e+02,3.2065e+02,3.2055e+02,3.2047e+02,3.2039e+02,3.2033e+02,3.2027e+02,3.2022e+02,3.2018e+02,3.2015e+02,3.2012e+02,3.2011e+02,3.2009e+02,3.2009e+02,3.2171e+02,3.2171e+02,3.2172e+02,3.2172e+02,3.2173e+02,3.2175e+02,3.2176e+02,3.2178e+02,3.2180e+02,3.2183e+02,3.2186e+02,3.2190e+02,3.2193e+02,3.2198e+02,3.2203e+02,3.2209e+02,3.2215e+02,3.2223e+02,3.2231e+02,3.2241e+02,3.2252e+02,3.2264e+02,3.2278e+02,3.2294e+02,3.2312e+02,3.2330e+02,3.2346e+02,3.2360e+02,3.2372e+02,3.2383e+02,3.2392e+02,3.2401e+02,3.2408e+02,3.2414e+02,3.2419e+02,3.2423e+02,3.2427e+02,3.2430e+02,3.2433e+02,3.2435e+02,3.2436e+02,3.2437e+02,3.2438e+02,3.2438e+02,3.2438e+02,3.2437e+02,3.2436e+02,3.2434e+02,3.2432e+02,3.2429e+02,3.2426e+02,3.2422e+02,3.2418e+02,3.2414e+02,3.2409e+02,3.2403e+02,3.2398e+02,3.2393e+02,3.2387e+02,3.2381e+02,3.2375e+02,3.2368e+02,3.2362e+02,3.2355e+02,3.2348e+02,3.2341e+02,3.2334e+02,3.2327e+02,3.2320e+02,3.2312e+02,3.2305e+02,3.2296e+02,3.2288e+02,3.2278e+02,3.2268e+02,3.2257e+02,3.2246e+02,3.2233e+02,3.2218e+02,3.2202e+02,3.2184e+02,3.2164e+02,3.2140e+02,3.2120e+02,3.2103e+02,3.2088e+02,3.2074e+02,3.2063e+02,3.2053e+02,3.2044e+02,3.2036e+02,3.2029e+02,3.2023e+02,3.2018e+02,3.2014e+02,3.2011e+02,3.2008e+02,3.2006e+02,3.2005e+02,3.2004e+02,3.2183e+02,3.2183e+02,3.2183e+02,3.2184e+02,3.2185e+02,3.2186e+02,3.2188e+02,3.2190e+02,3.2192e+02,3.2194e+02,3.2197e+02,3.2200e+02,3.2204e+02,3.2208e+02,3.2213e+02,3.2219e+02,3.2225e+02,3.2232e+02,3.2240e+02,3.2249e+02,3.2259e+02,3.2270e+02,3.2283e+02,3.2298e+02,3.2315e+02,3.2332e+02,3.2347e+02,3.2360e+02,3.2371e+02,3.2381e+02,3.2390e+02,3.2398e+02,3.2404e+02,3.2410e+02,3.2415e+02,3.2419e+02,3.2423e+02,3.2426e+02,3.2428e+02,3.2430e+02,3.2431e+02,3.2432e+02,3.2433e+02,3.2433e+02,3.2432e+02,3.2432e+02,3.2430e+02,3.2429e+02,3.2427e+02,3.2424e+02,3.2421e+02,3.2418e+02,3.2414e+02,3.2410e+02,3.2406e+02,3.2401e+02,3.2396e+02,3.2392e+02,3.2387e+02,3.2382e+02,3.2376e+02,3.2370e+02,3.2363e+02,3.2357e+02,3.2351e+02,3.2344e+02,3.2337e+02,3.2330e+02,3.2323e+02,3.2315e+02,3.2307e+02,3.2299e+02,3.2290e+02,3.2281e+02,3.2270e+02,3.2259e+02,3.2247e+02,3.2234e+02,3.2219e+02,3.2203e+02,3.2184e+02,3.2163e+02,3.2140e+02,3.2119e+02,3.2102e+02,3.2086e+02,3.2072e+02,3.2061e+02,3.2050e+02,3.2041e+02,3.2033e+02,3.2026e+02,3.2020e+02,3.2015e+02,3.2011e+02,3.2007e+02,3.2004e+02,3.2002e+02,3.2001e+02,3.2000e+02,3.2197e+02,3.2197e+02,3.2197e+02,3.2198e+02,3.2199e+02,3.2200e+02,3.2201e+02,3.2203e+02,3.2205e+02,3.2207e+02,3.2210e+02,3.2213e+02,3.2217e+02,3.2221e+02,3.2225e+02,3.2230e+02,3.2236e+02,3.2242e+02,3.2249e+02,3.2257e+02,3.2267e+02,3.2277e+02,3.2289e+02,3.2302e+02,3.2317e+02,3.2333e+02,3.2346e+02,3.2358e+02,3.2368e+02,3.2377e+02,3.2384e+02,3.2391e+02,3.2397e+02,3.2403e+02,3.2407e+02,3.2411e+02,3.2414e+02,3.2417e+02,3.2419e+02,3.2421e+02,3.2422e+02,3.2423e+02,3.2424e+02,3.2424e+02,3.2423e+02,3.2423e+02,3.2421e+02,3.2420e+02,3.2418e+02,3.2416e+02,3.2413e+02,3.2410e+02,3.2407e+02,3.2404e+02,3.2400e+02,3.2396e+02,3.2392e+02,3.2388e+02,3.2385e+02,3.2380e+02,3.2375e+02,3.2370e+02,3.2364e+02,3.2358e+02,3.2352e+02,3.2345e+02,3.2339e+02,3.2332e+02,3.2325e+02,3.2317e+02,3.2309e+02,3.2301e+02,3.2292e+02,3.2282e+02,3.2272e+02,3.2261e+02,3.2248e+02,3.2235e+02,3.2220e+02,3.2203e+02,3.2184e+02,3.2163e+02,3.2139e+02,3.2118e+02,3.2100e+02,3.2084e+02,3.2071e+02,3.2058e+02,3.2048e+02,3.2038e+02,3.2030e+02,3.2023e+02,3.2017e+02,3.2012e+02,3.2007e+02,3.2004e+02,3.2001e+02,3.1999e+02,3.1997e+02,3.1996e+02,3.2213e+02,3.2213e+02,3.2214e+02,3.2214e+02,3.2215e+02,3.2216e+02,3.2218e+02,3.2219e+02,3.2221e+02,3.2223e+02,3.2226e+02,3.2229e+02,3.2232e+02,3.2235e+02,3.2239e+02,3.2244e+02,3.2249e+02,3.2255e+02,3.2261e+02,3.2268e+02,3.2276e+02,3.2285e+02,3.2295e+02,3.2306e+02,3.2319e+02,3.2332e+02,3.2343e+02,3.2353e+02,3.2361e+02,3.2369e+02,3.2376e+02,3.2382e+02,3.2387e+02,3.2392e+02,3.2396e+02,3.2399e+02,3.2402e+02,3.2405e+02,3.2407e+02,3.2408e+02,3.2409e+02,3.2410e+02,3.2411e+02,3.2411e+02,3.2410e+02,3.2410e+02,3.2409e+02,3.2407e+02,3.2406e+02,3.2404e+02,3.2402e+02,3.2399e+02,3.2396e+02,3.2394e+02,3.2391e+02,3.2388e+02,3.2385e+02,3.2383e+02,3.2380e+02,3.2377e+02,3.2373e+02,3.2368e+02,3.2363e+02,3.2357e+02,3.2352e+02,3.2346e+02,3.2339e+02,3.2333e+02,3.2326e+02,3.2318e+02,3.2310e+02,3.2302e+02,3.2293e+02,3.2283e+02,3.2273e+02,3.2261e+02,3.2249e+02,3.2235e+02,3.2220e+02,3.2203e+02,3.2184e+02,3.2162e+02,3.2138e+02,3.2117e+02,3.2099e+02,3.2083e+02,3.2069e+02,3.2056e+02,3.2045e+02,3.2036e+02,3.2027e+02,3.2020e+02,3.2014e+02,3.2008e+02,3.2004e+02,3.2000e+02,3.1997e+02,3.1995e+02,3.1994e+02,3.1993e+02,3.2233e+02,3.2233e+02,3.2233e+02,3.2234e+02,3.2235e+02,3.2236e+02,3.2237e+02,3.2238e+02,3.2240e+02,3.2242e+02,3.2244e+02,3.2247e+02,3.2250e+02,3.2253e+02,3.2257e+02,3.2261e+02,3.2265e+02,3.2270e+02,3.2275e+02,3.2281e+02,3.2288e+02,3.2295e+02,3.2302e+02,3.2311e+02,3.2320e+02,3.2329e+02,3.2338e+02,3.2345e+02,3.2352e+02,3.2358e+02,3.2364e+02,3.2369e+02,3.2373e+02,3.2377e+02,3.2381e+02,3.2384e+02,3.2387e+02,3.2389e+02,3.2390e+02,3.2392e+02,3.2393e+02,3.2394e+02,3.2394e+02,3.2394e+02,3.2394e+02,3.2393e+02,3.2392e+02,3.2391e+02,3.2390e+02,3.2388e+02,3.2386e+02,3.2384e+02,3.2382e+02,3.2380e+02,3.2378e+02,3.2377e+02,3.2375e+02,3.2375e+02,3.2374e+02,3.2372e+02,3.2369e+02,3.2365e+02,3.2361e+02,3.2356e+02,3.2351e+02,3.2345e+02,3.2339e+02,3.2333e+02,3.2326e+02,3.2319e+02,3.2311e+02,3.2302e+02,3.2293e+02,3.2283e+02,3.2273e+02,3.2261e+02,3.2249e+02,3.2235e+02,3.2219e+02,3.2202e+02,3.2183e+02,3.2162e+02,3.2137e+02,3.2116e+02,3.2097e+02,3.2081e+02,3.2067e+02,3.2054e+02,3.2043e+02,3.2033e+02,3.2025e+02,3.2017e+02,3.2011e+02,3.2006e+02,3.2001e+02,3.1997e+02,3.1994e+02,3.1992e+02,3.1991e+02,3.1990e+02,3.2256e+02,3.2256e+02,3.2257e+02,3.2257e+02,3.2258e+02,3.2259e+02,3.2260e+02,3.2261e+02,3.2263e+02,3.2265e+02,3.2267e+02,3.2269e+02,3.2271e+02,3.2274e+02,3.2277e+02,3.2281e+02,3.2284e+02,3.2288e+02,3.2293e+02,3.2297e+02,3.2302e+02,3.2307e+02,3.2312e+02,3.2317e+02,3.2321e+02,3.2325e+02,3.2330e+02,3.2335e+02,3.2340e+02,3.2344e+02,3.2349e+02,3.2353e+02,3.2356e+02,3.2360e+02,3.2363e+02,3.2365e+02,3.2367e+02,3.2369e+02,3.2371e+02,3.2372e+02,3.2373e+02,3.2373e+02,3.2374e+02,3.2374e+02,3.2373e+02,3.2373e+02,3.2372e+02,3.2371e+02,3.2370e+02,3.2369e+02,3.2367e+02,3.2366e+02,3.2364e+02,3.2363e+02,3.2362e+02,3.2362e+02,3.2363e+02,3.2365e+02,3.2366e+02,3.2366e+02,3.2364e+02,3.2362e+02,3.2358e+02,3.2354e+02,3.2349e+02,3.2344e+02,3.2338e+02,3.2332e+02,3.2325e+02,3.2318e+02,3.2310e+02,3.2302e+02,3.2293e+02,3.2283e+02,3.2273e+02,3.2261e+02,3.2248e+02,3.2234e+02,3.2219e+02,3.2201e+02,3.2182e+02,3.2160e+02,3.2136e+02,3.2114e+02,3.2096e+02,3.2079e+02,3.2065e+02,3.2052e+02,3.2041e+02,3.2031e+02,3.2022e+02,3.2015e+02,3.2008e+02,3.2003e+02,3.1998e+02,3.1994e+02,3.1991e+02,3.1989e+02,3.1988e+02,3.1987e+02,3.2278e+02,3.2278e+02,3.2278e+02,3.2279e+02,3.2279e+02,3.2280e+02,3.2281e+02,3.2282e+02,3.2284e+02,3.2285e+02,3.2287e+02,3.2289e+02,3.2291e+02,3.2293e+02,3.2296e+02,3.2299e+02,3.2302e+02,3.2305e+02,3.2308e+02,3.2312e+02,3.2315e+02,3.2318e+02,3.2321e+02,3.2322e+02,3.2322e+02,3.2322e+02,3.2324e+02,3.2326e+02,3.2329e+02,3.2332e+02,3.2335e+02,3.2338e+02,3.2341e+02,3.2343e+02,3.2346e+02,3.2348e+02,3.2350e+02,3.2351e+02,3.2352e+02,3.2353e+02,3.2354e+02,3.2354e+02,3.2355e+02,3.2355e+02,3.2354e+02,3.2354e+02,3.2353e+02,3.2352e+02,3.2352e+02,3.2351e+02,3.2350e+02,3.2349e+02,3.2348e+02,3.2347e+02,3.2347e+02,3.2348e+02,3.2351e+02,3.2355e+02,3.2358e+02,3.2360e+02,3.2359e+02,3.2358e+02,3.2355e+02,3.2351e+02,3.2347e+02,3.2342e+02,3.2337e+02,3.2331e+02,3.2324e+02,3.2317e+02,3.2310e+02,3.2301e+02,3.2292e+02,3.2282e+02,3.2272e+02,3.2260e+02,3.2247e+02,3.2233e+02,3.2218e+02,3.2200e+02,3.2181e+02,3.2159e+02,3.2134e+02,3.2113e+02,3.2094e+02,3.2077e+02,3.2063e+02,3.2050e+02,3.2039e+02,3.2029e+02,3.2020e+02,3.2012e+02,3.2006e+02,3.2000e+02,3.1995e+02,3.1992e+02,3.1989e+02,3.1986e+02,3.1985e+02,3.1984e+02,3.2296e+02,3.2296e+02,3.2297e+02,3.2297e+02,3.2298e+02,3.2298e+02,3.2299e+02,3.2300e+02,3.2301e+02,3.2303e+02,3.2304e+02,3.2306e+02,3.2308e+02,3.2310e+02,3.2312e+02,3.2314e+02,3.2316e+02,3.2319e+02,3.2321e+02,3.2323e+02,3.2325e+02,3.2326e+02,3.2327e+02,3.2326e+02,3.2323e+02,3.2320e+02,3.2319e+02,3.2319e+02,3.2320e+02,3.2322e+02,3.2324e+02,3.2326e+02,3.2328e+02,3.2330e+02,3.2331e+02,3.2333e+02,3.2334e+02,3.2336e+02,3.2337e+02,3.2337e+02,3.2338e+02,3.2338e+02,3.2338e+02,3.2338e+02,3.2338e+02,3.2338e+02,3.2337e+02,3.2336e+02,3.2336e+02,3.2335e+02,3.2334e+02,3.2334e+02,3.2334e+02,3.2334e+02,3.2335e+02,3.2337e+02,3.2340e+02,3.2346e+02,3.2351e+02,3.2354e+02,3.2354e+02,3.2353e+02,3.2351e+02,3.2348e+02,3.2345e+02,3.2340e+02,3.2335e+02,3.2329e+02,3.2323e+02,3.2316e+02,3.2308e+02,3.2300e+02,3.2291e+02,3.2281e+02,3.2271e+02,3.2259e+02,3.2246e+02,3.2232e+02,3.2216e+02,3.2199e+02,3.2179e+02,3.2157e+02,3.2133e+02,3.2111e+02,3.2092e+02,3.2075e+02,3.2061e+02,3.2048e+02,3.2036e+02,3.2026e+02,3.2018e+02,3.2010e+02,3.2003e+02,3.1998e+02,3.1993e+02,3.1989e+02,3.1986e+02,3.1984e+02,3.1982e+02,3.1981e+02,3.2312e+02,3.2312e+02,3.2313e+02,3.2313e+02,3.2313e+02,3.2314e+02,3.2315e+02,3.2316e+02,3.2317e+02,3.2318e+02,3.2319e+02,3.2320e+02,3.2322e+02,3.2323e+02,3.2325e+02,3.2327e+02,3.2328e+02,3.2330e+02,3.2331e+02,3.2332e+02,3.2333e+02,3.2333e+02,3.2332e+02,3.2329e+02,3.2324e+02,3.2319e+02,3.2316e+02,3.2314e+02,3.2314e+02,3.2314e+02,3.2315e+02,3.2316e+02,3.2317e+02,3.2319e+02,3.2320e+02,3.2321e+02,3.2322e+02,3.2323e+02,3.2324e+02,3.2324e+02,3.2324e+02,3.2325e+02,3.2325e+02,3.2324e+02,3.2324e+02,3.2324e+02,3.2323e+02,3.2323e+02,3.2322e+02,3.2322e+02,3.2321e+02,3.2321e+02,3.2322e+02,3.2323e+02,3.2324e+02,3.2327e+02,3.2332e+02,3.2338e+02,3.2344e+02,3.2348e+02,3.2349e+02,3.2349e+02,3.2348e+02,3.2345e+02,3.2342e+02,3.2338e+02,3.2333e+02,3.2327e+02,3.2321e+02,3.2314e+02,3.2307e+02,3.2299e+02,3.2290e+02,3.2280e+02,3.2269e+02,3.2257e+02,3.2245e+02,3.2230e+02,3.2215e+02,3.2197e+02,3.2178e+02,3.2156e+02,3.2131e+02,3.2109e+02,3.2090e+02,3.2073e+02,3.2059e+02,3.2046e+02,3.2034e+02,3.2024e+02,3.2015e+02,3.2008e+02,3.2001e+02,3.1995e+02,3.1990e+02,3.1986e+02,3.1983e+02,3.1981e+02,3.1979e+02,3.1979e+02,3.2326e+02,3.2326e+02,3.2326e+02,3.2327e+02,3.2327e+02,3.2328e+02,3.2328e+02,3.2329e+02,3.2330e+02,3.2331e+02,3.2332e+02,3.2333e+02,3.2334e+02,3.2335e+02,3.2336e+02,3.2338e+02,3.2339e+02,3.2340e+02,3.2340e+02,3.2340e+02,3.2340e+02,3.2339e+02,3.2336e+02,3.2332e+02,3.2325e+02,3.2318e+02,3.2314e+02,3.2311e+02,3.2310e+02,3.2309e+02,3.2309e+02,3.2309e+02,3.2310e+02,3.2310e+02,3.2311e+02,3.2312e+02,3.2312e+02,3.2313e+02,3.2313e+02,3.2314e+02,3.2314e+02,3.2314e+02,3.2314e+02,3.2313e+02,3.2313e+02,3.2313e+02,3.2312e+02,3.2312e+02,3.2312e+02,3.2311e+02,3.2311e+02,3.2311e+02,3.2312e+02,3.2313e+02,3.2315e+02,3.2319e+02,3.2324e+02,3.2331e+02,3.2338e+02,3.2342e+02,3.2344e+02,3.2345e+02,3.2344e+02,3.2342e+02,3.2339e+02,3.2335e+02,3.2330e+02,3.2325e+02,3.2319e+02,3.2312e+02,3.2305e+02,3.2297e+02,3.2288e+02,3.2278e+02,3.2267e+02,3.2256e+02,3.2243e+02,3.2228e+02,3.2213e+02,3.2195e+02,3.2176e+02,3.2154e+02,3.2129e+02,3.2107e+02,3.2088e+02,3.2071e+02,3.2056e+02,3.2043e+02,3.2032e+02,3.2022e+02,3.2013e+02,3.2005e+02,3.1998e+02,3.1993e+02,3.1988e+02,3.1984e+02,3.1981e+02,3.1978e+02,3.1977e+02,3.1976e+02,3.2339e+02,3.2339e+02,3.2339e+02,3.2339e+02,3.2339e+02,3.2340e+02,3.2340e+02,3.2341e+02,3.2342e+02,3.2342e+02,3.2343e+02,3.2344e+02,3.2345e+02,3.2346e+02,3.2346e+02,3.2347e+02,3.2348e+02,3.2348e+02,3.2348e+02,3.2347e+02,3.2346e+02,3.2344e+02,3.2340e+02,3.2335e+02,3.2327e+02,3.2319e+02,3.2313e+02,3.2310e+02,3.2307e+02,3.2306e+02,3.2305e+02,3.2304e+02,3.2304e+02,3.2304e+02,3.2305e+02,3.2305e+02,3.2305e+02,3.2306e+02,3.2306e+02,3.2306e+02,3.2306e+02,3.2306e+02,3.2305e+02,3.2305e+02,3.2305e+02,3.2304e+02,3.2304e+02,3.2304e+02,3.2303e+02,3.2303e+02,3.2303e+02,3.2303e+02,3.2304e+02,3.2306e+02,3.2309e+02,3.2312e+02,3.2318e+02,3.2326e+02,3.2333e+02,3.2338e+02,3.2340e+02,3.2341e+02,3.2340e+02,3.2338e+02,3.2336e+02,3.2332e+02,3.2327e+02,3.2322e+02,3.2316e+02,3.2310e+02,3.2302e+02,3.2294e+02,3.2285e+02,3.2276e+02,3.2265e+02,3.2253e+02,3.2240e+02,3.2226e+02,3.2211e+02,3.2193e+02,3.2173e+02,3.2151e+02,3.2126e+02,3.2105e+02,3.2086e+02,3.2069e+02,3.2054e+02,3.2041e+02,3.2029e+02,3.2019e+02,3.2010e+02,3.2003e+02,3.1996e+02,3.1990e+02,3.1985e+02,3.1981e+02,3.1978e+02,3.1976e+02,3.1974e+02,3.1974e+02,3.2349e+02,3.2349e+02,3.2350e+02,3.2350e+02,3.2350e+02,3.2350e+02,3.2351e+02,3.2351e+02,3.2352e+02,3.2352e+02,3.2353e+02,3.2353e+02,3.2354e+02,3.2355e+02,3.2355e+02,3.2355e+02,3.2355e+02,3.2355e+02,3.2355e+02,3.2354e+02,3.2352e+02,3.2349e+02,3.2344e+02,3.2338e+02,3.2329e+02,3.2321e+02,3.2314e+02,3.2310e+02,3.2307e+02,3.2304e+02,3.2303e+02,3.2302e+02,3.2301e+02,3.2301e+02,3.2301e+02,3.2301e+02,3.2301e+02,3.2301e+02,3.2301e+02,3.2301e+02,3.2300e+02,3.2300e+02,3.2300e+02,3.2300e+02,3.2299e+02,3.2299e+02,3.2298e+02,3.2298e+02,3.2297e+02,3.2297e+02,3.2297e+02,3.2298e+02,3.2299e+02,3.2301e+02,3.2303e+02,3.2307e+02,3.2313e+02,3.2321e+02,3.2329e+02,3.2333e+02,3.2336e+02,3.2337e+02,3.2337e+02,3.2335e+02,3.2332e+02,3.2329e+02,3.2324e+02,3.2319e+02,3.2313e+02,3.2307e+02,3.2299e+02,3.2291e+02,3.2283e+02,3.2273e+02,3.2262e+02,3.2251e+02,3.2238e+02,3.2224e+02,3.2208e+02,3.2190e+02,3.2171e+02,3.2149e+02,3.2124e+02,3.2102e+02,3.2083e+02,3.2066e+02,3.2052e+02,3.2038e+02,3.2027e+02,3.2017e+02,3.2008e+02,3.2000e+02,3.1993e+02,3.1988e+02,3.1983e+02,3.1979e+02,3.1976e+02,3.1973e+02,3.1972e+02,3.1971e+02,3.2359e+02,3.2359e+02,3.2359e+02,3.2359e+02,3.2360e+02,3.2360e+02,3.2360e+02,3.2360e+02,3.2361e+02,3.2361e+02,3.2362e+02,3.2362e+02,3.2362e+02,3.2362e+02,3.2363e+02,3.2363e+02,3.2362e+02,3.2362e+02,3.2361e+02,3.2359e+02,3.2357e+02,3.2353e+02,3.2349e+02,3.2342e+02,3.2333e+02,3.2323e+02,3.2317e+02,3.2311e+02,3.2308e+02,3.2305e+02,3.2303e+02,3.2302e+02,3.2301e+02,3.2300e+02,3.2300e+02,3.2299e+02,3.2299e+02,3.2299e+02,3.2299e+02,3.2298e+02,3.2298e+02,3.2297e+02,3.2297e+02,3.2296e+02,3.2296e+02,3.2295e+02,3.2295e+02,3.2294e+02,3.2294e+02,3.2294e+02,3.2294e+02,3.2294e+02,3.2295e+02,3.2297e+02,3.2300e+02,3.2304e+02,3.2310e+02,3.2318e+02,3.2325e+02,3.2330e+02,3.2333e+02,3.2334e+02,3.2333e+02,3.2331e+02,3.2329e+02,3.2325e+02,3.2321e+02,3.2316e+02,3.2310e+02,3.2304e+02,3.2296e+02,3.2288e+02,3.2280e+02,3.2270e+02,3.2259e+02,3.2248e+02,3.2235e+02,3.2221e+02,3.2205e+02,3.2188e+02,3.2168e+02,3.2146e+02,3.2121e+02,3.2099e+02,3.2080e+02,3.2064e+02,3.2049e+02,3.2036e+02,3.2024e+02,3.2014e+02,3.2005e+02,3.1998e+02,3.1991e+02,3.1985e+02,3.1980e+02,3.1976e+02,3.1973e+02,3.1971e+02,3.1969e+02,3.1968e+02,3.2368e+02,3.2368e+02,3.2368e+02,3.2368e+02,3.2368e+02,3.2368e+02,3.2368e+02,3.2369e+02,3.2369e+02,3.2369e+02,3.2369e+02,3.2369e+02,3.2369e+02,3.2370e+02,3.2369e+02,3.2369e+02,3.2369e+02,3.2368e+02,3.2367e+02,3.2365e+02,3.2362e+02,3.2358e+02,3.2353e+02,3.2346e+02,3.2337e+02,3.2327e+02,3.2320e+02,3.2315e+02,3.2311e+02,3.2308e+02,3.2305e+02,3.2304e+02,3.2303e+02,3.2302e+02,3.2301e+02,3.2300e+02,3.2300e+02,3.2299e+02,3.2299e+02,3.2298e+02,3.2298e+02,3.2297e+02,3.2297e+02,3.2296e+02,3.2295e+02,3.2295e+02,3.2294e+02,3.2293e+02,3.2293e+02,3.2293e+02,3.2293e+02,3.2293e+02,3.2294e+02,3.2296e+02,3.2298e+02,3.2302e+02,3.2307e+02,3.2315e+02,3.2322e+02,3.2327e+02,3.2329e+02,3.2330e+02,3.2330e+02,3.2328e+02,3.2325e+02,3.2322e+02,3.2317e+02,3.2312e+02,3.2306e+02,3.2300e+02,3.2293e+02,3.2285e+02,3.2276e+02,3.2266e+02,3.2256e+02,3.2244e+02,3.2232e+02,3.2218e+02,3.2202e+02,3.2185e+02,3.2165e+02,3.2143e+02,3.2118e+02,3.2096e+02,3.2077e+02,3.2061e+02,3.2046e+02,3.2033e+02,3.2022e+02,3.2012e+02,3.2003e+02,3.1995e+02,3.1988e+02,3.1982e+02,3.1978e+02,3.1974e+02,3.1971e+02,3.1968e+02,3.1967e+02,3.1966e+02,3.2375e+02,3.2375e+02,3.2375e+02,3.2375e+02,3.2375e+02,3.2375e+02,3.2376e+02,3.2376e+02,3.2376e+02,3.2376e+02,3.2376e+02,3.2376e+02,3.2376e+02,3.2376e+02,3.2375e+02,3.2375e+02,3.2374e+02,3.2373e+02,3.2372e+02,3.2370e+02,3.2367e+02,3.2363e+02,3.2358e+02,3.2351e+02,3.2341e+02,3.2332e+02,3.2325e+02,3.2320e+02,3.2315e+02,3.2312e+02,3.2310e+02,3.2308e+02,3.2307e+02,3.2305e+02,3.2304e+02,3.2304e+02,3.2303e+02,3.2302e+02,3.2301e+02,3.2301e+02,3.2300e+02,3.2299e+02,3.2299e+02,3.2298e+02,3.2297e+02,3.2296e+02,3.2296e+02,3.2295e+02,3.2294e+02,3.2294e+02,3.2294e+02,3.2294e+02,3.2294e+02,3.2296e+02,3.2298e+02,3.2301e+02,3.2306e+02,3.2313e+02,3.2320e+02,3.2324e+02,3.2326e+02,3.2327e+02,3.2326e+02,3.2324e+02,3.2321e+02,3.2318e+02,3.2313e+02,3.2308e+02,3.2302e+02,3.2296e+02,3.2289e+02,3.2281e+02,3.2272e+02,3.2263e+02,3.2252e+02,3.2241e+02,3.2228e+02,3.2214e+02,3.2198e+02,3.2181e+02,3.2162e+02,3.2140e+02,3.2115e+02,3.2093e+02,3.2074e+02,3.2058e+02,3.2043e+02,3.2030e+02,3.2019e+02,3.2009e+02,3.2000e+02,3.1992e+02,3.1986e+02,3.1980e+02,3.1975e+02,3.1971e+02,3.1968e+02,3.1966e+02,3.1964e+02,3.1963e+02,3.2382e+02,3.2382e+02,3.2382e+02,3.2382e+02,3.2382e+02,3.2382e+02,3.2382e+02,3.2382e+02,3.2382e+02,3.2382e+02,3.2382e+02,3.2382e+02,3.2382e+02,3.2381e+02,3.2381e+02,3.2380e+02,3.2379e+02,3.2378e+02,3.2377e+02,3.2374e+02,3.2372e+02,3.2368e+02,3.2363e+02,3.2356e+02,3.2347e+02,3.2338e+02,3.2331e+02,3.2326e+02,3.2322e+02,3.2319e+02,3.2316e+02,3.2314e+02,3.2313e+02,3.2311e+02,3.2310e+02,3.2309e+02,3.2308e+02,3.2307e+02,3.2307e+02,3.2306e+02,3.2305e+02,3.2304e+02,3.2303e+02,3.2302e+02,3.2301e+02,3.2300e+02,3.2299e+02,3.2298e+02,3.2298e+02,3.2297e+02,3.2297e+02,3.2297e+02,3.2297e+02,3.2298e+02,3.2299e+02,3.2302e+02,3.2306e+02,3.2313e+02,3.2319e+02,3.2322e+02,3.2324e+02,3.2324e+02,3.2323e+02,3.2320e+02,3.2317e+02,3.2314e+02,3.2309e+02,3.2304e+02,3.2298e+02,3.2292e+02,3.2284e+02,3.2276e+02,3.2268e+02,3.2258e+02,3.2248e+02,3.2236e+02,3.2224e+02,3.2210e+02,3.2194e+02,3.2177e+02,3.2158e+02,3.2136e+02,3.2111e+02,3.2090e+02,3.2071e+02,3.2054e+02,3.2040e+02,3.2027e+02,3.2016e+02,3.2006e+02,3.1997e+02,3.1989e+02,3.1983e+02,3.1977e+02,3.1972e+02,3.1968e+02,3.1965e+02,3.1963e+02,3.1962e+02,3.1961e+02,3.2388e+02,3.2388e+02,3.2388e+02,3.2388e+02,3.2388e+02,3.2388e+02,3.2388e+02,3.2388e+02,3.2387e+02,3.2387e+02,3.2387e+02,3.2387e+02,3.2387e+02,3.2386e+02,3.2386e+02,3.2385e+02,3.2384e+02,3.2383e+02,3.2381e+02,3.2379e+02,3.2376e+02,3.2372e+02,3.2368e+02,3.2362e+02,3.2353e+02,3.2345e+02,3.2339e+02,3.2334e+02,3.2330e+02,3.2327e+02,3.2325e+02,3.2323e+02,3.2321e+02,3.2320e+02,3.2318e+02,3.2317e+02,3.2316e+02,3.2315e+02,3.2314e+02,3.2313e+02,3.2312e+02,3.2311e+02,3.2310e+02,3.2309e+02,3.2308e+02,3.2306e+02,3.2305e+02,3.2304e+02,3.2303e+02,3.2302e+02,3.2302e+02,3.2301e+02,3.2301e+02,3.2302e+02,3.2303e+02,3.2305e+02,3.2308e+02,3.2313e+02,3.2317e+02,3.2320e+02,3.2321e+02,3.2320e+02,3.2319e+02,3.2316e+02,3.2313e+02,3.2309e+02,3.2304e+02,3.2299e+02,3.2293e+02,3.2287e+02,3.2279e+02,3.2271e+02,3.2263e+02,3.2253e+02,3.2243e+02,3.2232e+02,3.2219e+02,3.2205e+02,3.2190e+02,3.2173e+02,3.2154e+02,3.2132e+02,3.2107e+02,3.2086e+02,3.2067e+02,3.2051e+02,3.2036e+02,3.2024e+02,3.2013e+02,3.2003e+02,3.1994e+02,3.1986e+02,3.1980e+02,3.1974e+02,3.1970e+02,3.1966e+02,3.1963e+02,3.1961e+02,3.1959e+02,3.1958e+02,3.2393e+02,3.2393e+02,3.2393e+02,3.2393e+02,3.2393e+02,3.2393e+02,3.2393e+02,3.2393e+02,3.2392e+02,3.2392e+02,3.2392e+02,3.2391e+02,3.2391e+02,3.2390e+02,3.2390e+02,3.2389e+02,3.2388e+02,3.2386e+02,3.2385e+02,3.2383e+02,3.2380e+02,3.2377e+02,3.2372e+02,3.2367e+02,3.2360e+02,3.2353e+02,3.2348e+02,3.2343e+02,3.2340e+02,3.2337e+02,3.2334e+02,3.2332e+02,3.2331e+02,3.2329e+02,3.2328e+02,3.2326e+02,3.2325e+02,3.2324e+02,3.2323e+02,3.2321e+02,3.2320e+02,3.2319e+02,3.2318e+02,3.2316e+02,3.2315e+02,3.2314e+02,3.2313e+02,3.2311e+02,3.2310e+02,3.2309e+02,3.2308e+02,3.2307e+02,3.2307e+02,3.2306e+02,3.2307e+02,3.2308e+02,3.2310e+02,3.2313e+02,3.2316e+02,3.2317e+02,3.2317e+02,3.2316e+02,3.2314e+02,3.2311e+02,3.2308e+02,3.2304e+02,3.2299e+02,3.2293e+02,3.2287e+02,3.2281e+02,3.2274e+02,3.2266e+02,3.2257e+02,3.2248e+02,3.2238e+02,3.2226e+02,3.2214e+02,3.2200e+02,3.2185e+02,3.2168e+02,3.2149e+02,3.2127e+02,3.2103e+02,3.2082e+02,3.2063e+02,3.2047e+02,3.2033e+02,3.2020e+02,3.2009e+02,3.1999e+02,3.1991e+02,3.1983e+02,3.1977e+02,3.1971e+02,3.1967e+02,3.1963e+02,3.1960e+02,3.1958e+02,3.1956e+02,3.1956e+02,3.2398e+02,3.2398e+02,3.2398e+02,3.2398e+02,3.2397e+02,3.2397e+02,3.2397e+02,3.2397e+02,3.2396e+02,3.2396e+02,3.2396e+02,3.2395e+02,3.2395e+02,3.2394e+02,3.2393e+02,3.2392e+02,3.2391e+02,3.2390e+02,3.2388e+02,3.2386e+02,3.2384e+02,3.2380e+02,3.2377e+02,3.2372e+02,3.2366e+02,3.2359e+02,3.2354e+02,3.2350e+02,3.2347e+02,3.2344e+02,3.2342e+02,3.2340e+02,3.2338e+02,3.2336e+02,3.2335e+02,3.2333e+02,3.2332e+02,3.2330e+02,3.2329e+02,3.2328e+02,3.2326e+02,3.2325e+02,3.2324e+02,3.2322e+02,3.2321e+02,3.2319e+02,3.2318e+02,3.2316e+02,3.2315e+02,3.2313e+02,3.2312e+02,3.2311e+02,3.2310e+02,3.2309e+02,3.2309e+02,3.2309e+02,3.2310e+02,3.2312e+02,3.2314e+02,3.2314e+02,3.2313e+02,3.2312e+02,3.2309e+02,3.2306e+02,3.2302e+02,3.2298e+02,3.2293e+02,3.2287e+02,3.2281e+02,3.2275e+02,3.2267e+02,3.2260e+02,3.2251e+02,3.2242e+02,3.2232e+02,3.2220e+02,3.2208e+02,3.2195e+02,3.2180e+02,3.2163e+02,3.2144e+02,3.2123e+02,3.2098e+02,3.2077e+02,3.2059e+02,3.2043e+02,3.2029e+02,3.2017e+02,3.2006e+02,3.1996e+02,3.1988e+02,3.1980e+02,3.1974e+02,3.1969e+02,3.1964e+02,3.1960e+02,3.1957e+02,3.1955e+02,3.1954e+02,3.1953e+02,3.2402e+02,3.2402e+02,3.2402e+02,3.2401e+02,3.2401e+02,3.2401e+02,3.2401e+02,3.2400e+02,3.2400e+02,3.2400e+02,3.2399e+02,3.2398e+02,3.2398e+02,3.2397e+02,3.2396e+02,3.2395e+02,3.2394e+02,3.2392e+02,3.2391e+02,3.2389e+02,3.2386e+02,3.2383e+02,3.2380e+02,3.2375e+02,3.2370e+02,3.2364e+02,3.2359e+02,3.2355e+02,3.2352e+02,3.2350e+02,3.2347e+02,3.2345e+02,3.2343e+02,3.2341e+02,3.2340e+02,3.2338e+02,3.2337e+02,3.2335e+02,3.2334e+02,3.2332e+02,3.2331e+02,3.2329e+02,3.2327e+02,3.2326e+02,3.2324e+02,3.2323e+02,3.2321e+02,3.2319e+02,3.2317e+02,3.2316e+02,3.2314e+02,3.2312e+02,3.2311e+02,3.2310e+02,3.2309e+02,3.2308e+02,3.2308e+02,3.2310e+02,3.2311e+02,3.2310e+02,3.2309e+02,3.2306e+02,3.2303e+02,3.2300e+02,3.2296e+02,3.2291e+02,3.2286e+02,3.2280e+02,3.2274e+02,3.2268e+02,3.2260e+02,3.2253e+02,3.2244e+02,3.2235e+02,3.2225e+02,3.2214e+02,3.2202e+02,3.2188e+02,3.2174e+02,3.2157e+02,3.2138e+02,3.2117e+02,3.2093e+02,3.2073e+02,3.2055e+02,3.2039e+02,3.2025e+02,3.2013e+02,3.2002e+02,3.1992e+02,3.1984e+02,3.1977e+02,3.1971e+02,3.1965e+02,3.1961e+02,3.1957e+02,3.1954e+02,3.1952e+02,3.1951e+02,3.1950e+02,3.2405e+02,3.2405e+02,3.2405e+02,3.2405e+02,3.2404e+02,3.2404e+02,3.2404e+02,3.2403e+02,3.2403e+02,3.2402e+02,3.2402e+02,3.2401e+02,3.2400e+02,3.2399e+02,3.2398e+02,3.2397e+02,3.2396e+02,3.2394e+02,3.2393e+02,3.2391e+02,3.2388e+02,3.2385e+02,3.2382e+02,3.2378e+02,3.2372e+02,3.2367e+02,3.2362e+02,3.2359e+02,3.2355e+02,3.2353e+02,3.2350e+02,3.2348e+02,3.2346e+02,3.2344e+02,3.2342e+02,3.2341e+02,3.2339e+02,3.2337e+02,3.2336e+02,3.2334e+02,3.2332e+02,3.2331e+02,3.2329e+02,3.2327e+02,3.2325e+02,3.2323e+02,3.2321e+02,3.2320e+02,3.2318e+02,3.2316e+02,3.2314e+02,3.2312e+02,3.2310e+02,3.2308e+02,3.2306e+02,3.2305e+02,3.2305e+02,3.2305e+02,3.2306e+02,3.2305e+02,3.2303e+02,3.2300e+02,3.2296e+02,3.2293e+02,3.2288e+02,3.2283e+02,3.2278e+02,3.2272e+02,3.2266e+02,3.2260e+02,3.2252e+02,3.2245e+02,3.2236e+02,3.2227e+02,3.2217e+02,3.2207e+02,3.2195e+02,3.2182e+02,3.2167e+02,3.2151e+02,3.2132e+02,3.2111e+02,3.2088e+02,3.2067e+02,3.2050e+02,3.2034e+02,3.2020e+02,3.2008e+02,3.1998e+02,3.1989e+02,3.1981e+02,3.1974e+02,3.1967e+02,3.1962e+02,3.1958e+02,3.1954e+02,3.1952e+02,3.1949e+02,3.1948e+02,3.1947e+02,3.2408e+02,3.2408e+02,3.2408e+02,3.2407e+02,3.2407e+02,3.2407e+02,3.2406e+02,3.2406e+02,3.2405e+02,3.2405e+02,3.2404e+02,3.2403e+02,3.2402e+02,3.2401e+02,3.2400e+02,3.2399e+02,3.2398e+02,3.2396e+02,3.2394e+02,3.2392e+02,3.2389e+02,3.2387e+02,3.2383e+02,3.2379e+02,3.2373e+02,3.2368e+02,3.2363e+02,3.2360e+02,3.2357e+02,3.2354e+02,3.2351e+02,3.2349e+02,3.2347e+02,3.2345e+02,3.2343e+02,3.2341e+02,3.2339e+02,3.2337e+02,3.2335e+02,3.2334e+02,3.2332e+02,3.2330e+02,3.2328e+02,3.2326e+02,3.2324e+02,3.2322e+02,3.2320e+02,3.2318e+02,3.2315e+02,3.2313e+02,3.2311e+02,3.2309e+02,3.2306e+02,3.2304e+02,3.2302e+02,3.2301e+02,3.2300e+02,3.2300e+02,3.2299e+02,3.2298e+02,3.2295e+02,3.2292e+02,3.2288e+02,3.2284e+02,3.2279e+02,3.2274e+02,3.2269e+02,3.2263e+02,3.2257e+02,3.2251e+02,3.2243e+02,3.2236e+02,3.2228e+02,3.2219e+02,3.2209e+02,3.2198e+02,3.2187e+02,3.2174e+02,3.2160e+02,3.2144e+02,3.2126e+02,3.2105e+02,3.2082e+02,3.2062e+02,3.2044e+02,3.2029e+02,3.2016e+02,3.2004e+02,3.1994e+02,3.1985e+02,3.1977e+02,3.1970e+02,3.1964e+02,3.1959e+02,3.1955e+02,3.1951e+02,3.1949e+02,3.1947e+02,3.1945e+02,3.1945e+02,3.2410e+02,3.2410e+02,3.2410e+02,3.2410e+02,3.2409e+02,3.2409e+02,3.2409e+02,3.2408e+02,3.2407e+02,3.2407e+02,3.2406e+02,3.2405e+02,3.2404e+02,3.2403e+02,3.2401e+02,3.2400e+02,3.2398e+02,3.2397e+02,3.2395e+02,3.2392e+02,3.2390e+02,3.2387e+02,3.2383e+02,3.2379e+02,3.2373e+02,3.2367e+02,3.2363e+02,3.2359e+02,3.2356e+02,3.2353e+02,3.2350e+02,3.2348e+02,3.2345e+02,3.2343e+02,3.2341e+02,3.2339e+02,3.2337e+02,3.2335e+02,3.2333e+02,3.2331e+02,3.2329e+02,3.2327e+02,3.2324e+02,3.2322e+02,3.2320e+02,3.2318e+02,3.2316e+02,3.2313e+02,3.2311e+02,3.2308e+02,3.2306e+02,3.2303e+02,3.2301e+02,3.2298e+02,3.2296e+02,3.2294e+02,3.2292e+02,3.2292e+02,3.2291e+02,3.2289e+02,3.2286e+02,3.2283e+02,3.2279e+02,3.2274e+02,3.2270e+02,3.2264e+02,3.2259e+02,3.2253e+02,3.2247e+02,3.2240e+02,3.2233e+02,3.2226e+02,3.2218e+02,3.2209e+02,3.2199e+02,3.2189e+02,3.2178e+02,3.2165e+02,3.2151e+02,3.2136e+02,3.2118e+02,3.2098e+02,3.2075e+02,3.2055e+02,3.2038e+02,3.2024e+02,3.2011e+02,3.1999e+02,3.1989e+02,3.1981e+02,3.1973e+02,3.1966e+02,3.1961e+02,3.1956e+02,3.1952e+02,3.1948e+02,3.1946e+02,3.1944e+02,3.1942e+02,3.1942e+02,3.2412e+02,3.2412e+02,3.2412e+02,3.2412e+02,3.2411e+02,3.2411e+02,3.2410e+02,3.2410e+02,3.2409e+02,3.2408e+02,3.2407e+02,3.2406e+02,3.2405e+02,3.2404e+02,3.2402e+02,3.2401e+02,3.2399e+02,3.2397e+02,3.2395e+02,3.2392e+02,3.2389e+02,3.2386e+02,3.2382e+02,3.2377e+02,3.2371e+02,3.2365e+02,3.2360e+02,3.2356e+02,3.2353e+02,3.2349e+02,3.2347e+02,3.2344e+02,3.2341e+02,3.2339e+02,3.2336e+02,3.2334e+02,3.2332e+02,3.2330e+02,3.2328e+02,3.2325e+02,3.2323e+02,3.2321e+02,3.2319e+02,3.2316e+02,3.2314e+02,3.2312e+02,3.2309e+02,3.2307e+02,3.2304e+02,3.2301e+02,3.2298e+02,3.2295e+02,3.2293e+02,3.2290e+02,3.2287e+02,3.2285e+02,3.2283e+02,3.2282e+02,3.2281e+02,3.2279e+02,3.2276e+02,3.2272e+02,3.2268e+02,3.2263e+02,3.2258e+02,3.2253e+02,3.2247e+02,3.2241e+02,3.2235e+02,3.2229e+02,3.2222e+02,3.2214e+02,3.2206e+02,3.2198e+02,3.2189e+02,3.2179e+02,3.2168e+02,3.2155e+02,3.2142e+02,3.2127e+02,3.2110e+02,3.2090e+02,3.2068e+02,3.2049e+02,3.2032e+02,3.2018e+02,3.2005e+02,3.1994e+02,3.1985e+02,3.1976e+02,3.1969e+02,3.1963e+02,3.1957e+02,3.1952e+02,3.1948e+02,3.1945e+02,3.1943e+02,3.1941e+02,3.1939e+02,3.1939e+02,3.2414e+02,3.2413e+02,3.2413e+02,3.2413e+02,3.2413e+02,3.2412e+02,3.2411e+02,3.2411e+02,3.2410e+02,3.2409e+02,3.2408e+02,3.2407e+02,3.2406e+02,3.2404e+02,3.2402e+02,3.2401e+02,3.2399e+02,3.2396e+02,3.2394e+02,3.2391e+02,3.2388e+02,3.2384e+02,3.2380e+02,3.2374e+02,3.2368e+02,3.2362e+02,3.2356e+02,3.2352e+02,3.2348e+02,3.2344e+02,3.2341e+02,3.2338e+02,3.2335e+02,3.2332e+02,3.2330e+02,3.2327e+02,3.2325e+02,3.2322e+02,3.2320e+02,3.2318e+02,3.2315e+02,3.2313e+02,3.2310e+02,3.2308e+02,3.2305e+02,3.2303e+02,3.2300e+02,3.2297e+02,3.2295e+02,3.2292e+02,3.2289e+02,3.2285e+02,3.2282e+02,3.2279e+02,3.2276e+02,3.2274e+02,3.2272e+02,3.2270e+02,3.2269e+02,3.2266e+02,3.2263e+02,3.2259e+02,3.2255e+02,3.2250e+02,3.2245e+02,3.2239e+02,3.2234e+02,3.2228e+02,3.2222e+02,3.2215e+02,3.2209e+02,3.2201e+02,3.2194e+02,3.2185e+02,3.2176e+02,3.2167e+02,3.2156e+02,3.2144e+02,3.2131e+02,3.2117e+02,3.2100e+02,3.2081e+02,3.2060e+02,3.2041e+02,3.2025e+02,3.2012e+02,3.2000e+02,3.1989e+02,3.1980e+02,3.1972e+02,3.1965e+02,3.1959e+02,3.1953e+02,3.1949e+02,3.1945e+02,3.1942e+02,3.1939e+02,3.1938e+02,3.1936e+02,3.1936e+02,3.2415e+02,3.2414e+02,3.2414e+02,3.2414e+02,3.2414e+02,3.2413e+02,3.2412e+02,3.2412e+02,3.2411e+02,3.2410e+02,3.2408e+02,3.2407e+02,3.2406e+02,3.2404e+02,3.2402e+02,3.2400e+02,3.2398e+02,3.2395e+02,3.2392e+02,3.2389e+02,3.2386e+02,3.2381e+02,3.2376e+02,3.2370e+02,3.2363e+02,3.2356e+02,3.2350e+02,3.2345e+02,3.2341e+02,3.2336e+02,3.2333e+02,3.2329e+02,3.2326e+02,3.2323e+02,3.2320e+02,3.2318e+02,3.2315e+02,3.2312e+02,3.2310e+02,3.2307e+02,3.2305e+02,3.2302e+02,3.2300e+02,3.2297e+02,3.2294e+02,3.2291e+02,3.2289e+02,3.2286e+02,3.2283e+02,3.2280e+02,3.2276e+02,3.2273e+02,3.2270e+02,3.2266e+02,3.2263e+02,3.2260e+02,3.2258e+02,3.2256e+02,3.2255e+02,3.2252e+02,3.2248e+02,3.2244e+02,3.2239e+02,3.2235e+02,3.2229e+02,3.2224e+02,3.2218e+02,3.2213e+02,3.2207e+02,3.2200e+02,3.2194e+02,3.2186e+02,3.2179e+02,3.2171e+02,3.2162e+02,3.2153e+02,3.2143e+02,3.2131e+02,3.2119e+02,3.2105e+02,3.2090e+02,3.2072e+02,3.2051e+02,3.2033e+02,3.2018e+02,3.2005e+02,3.1994e+02,3.1984e+02,3.1975e+02,3.1967e+02,3.1961e+02,3.1955e+02,3.1950e+02,3.1945e+02,3.1942e+02,3.1939e+02,3.1936e+02,3.1935e+02,3.1933e+02,3.1933e+02,3.2415e+02,3.2415e+02,3.2415e+02,3.2415e+02,3.2414e+02,3.2414e+02,3.2413e+02,3.2412e+02,3.2411e+02,3.2410e+02,3.2409e+02,3.2407e+02,3.2405e+02,3.2404e+02,3.2402e+02,3.2399e+02,3.2397e+02,3.2394e+02,3.2391e+02,3.2387e+02,3.2383e+02,3.2378e+02,3.2372e+02,3.2365e+02,3.2357e+02,3.2349e+02,3.2342e+02,3.2336e+02,3.2331e+02,3.2327e+02,3.2322e+02,3.2319e+02,3.2315e+02,3.2312e+02,3.2309e+02,3.2306e+02,3.2303e+02,3.2300e+02,3.2297e+02,3.2294e+02,3.2292e+02,3.2289e+02,3.2286e+02,3.2283e+02,3.2281e+02,3.2278e+02,3.2275e+02,3.2272e+02,3.2268e+02,3.2265e+02,3.2262e+02,3.2258e+02,3.2255e+02,3.2251e+02,3.2248e+02,3.2245e+02,3.2242e+02,3.2240e+02,3.2238e+02,3.2235e+02,3.2231e+02,3.2226e+02,3.2222e+02,3.2217e+02,3.2212e+02,3.2206e+02,3.2201e+02,3.2195e+02,3.2189e+02,3.2183e+02,3.2176e+02,3.2169e+02,3.2162e+02,3.2154e+02,3.2146e+02,3.2137e+02,3.2127e+02,3.2117e+02,3.2105e+02,3.2092e+02,3.2077e+02,3.2060e+02,3.2041e+02,3.2025e+02,3.2011e+02,3.1998e+02,3.1988e+02,3.1978e+02,3.1970e+02,3.1963e+02,3.1956e+02,3.1951e+02,3.1946e+02,3.1942e+02,3.1938e+02,3.1936e+02,3.1933e+02,3.1932e+02,3.1931e+02,3.1930e+02,3.2416e+02,3.2416e+02,3.2415e+02,3.2415e+02,3.2414e+02,3.2414e+02,3.2413e+02,3.2412e+02,3.2411e+02,3.2410e+02,3.2408e+02,3.2407e+02,3.2405e+02,3.2403e+02,3.2401e+02,3.2398e+02,3.2395e+02,3.2392e+02,3.2388e+02,3.2384e+02,3.2379e+02,3.2373e+02,3.2367e+02,3.2359e+02,3.2350e+02,3.2340e+02,3.2333e+02,3.2326e+02,3.2320e+02,3.2314e+02,3.2310e+02,3.2305e+02,3.2301e+02,3.2298e+02,3.2294e+02,3.2291e+02,3.2288e+02,3.2285e+02,3.2282e+02,3.2279e+02,3.2276e+02,3.2273e+02,3.2270e+02,3.2267e+02,3.2264e+02,3.2261e+02,3.2258e+02,3.2255e+02,3.2252e+02,3.2248e+02,3.2245e+02,3.2241e+02,3.2237e+02,3.2234e+02,3.2230e+02,3.2227e+02,3.2223e+02,3.2221e+02,3.2218e+02,3.2215e+02,3.2211e+02,3.2206e+02,3.2201e+02,3.2196e+02,3.2191e+02,3.2186e+02,3.2180e+02,3.2174e+02,3.2169e+02,3.2162e+02,3.2156e+02,3.2149e+02,3.2142e+02,3.2135e+02,3.2127e+02,3.2118e+02,3.2109e+02,3.2099e+02,3.2088e+02,3.2076e+02,3.2063e+02,3.2048e+02,3.2030e+02,3.2015e+02,3.2002e+02,3.1991e+02,3.1981e+02,3.1973e+02,3.1965e+02,3.1958e+02,3.1952e+02,3.1947e+02,3.1942e+02,3.1938e+02,3.1935e+02,3.1932e+02,3.1930e+02,3.1929e+02,3.1928e+02,3.1927e+02,3.2416e+02,3.2416e+02,3.2415e+02,3.2415e+02,3.2414e+02,3.2414e+02,3.2413e+02,3.2412e+02,3.2411e+02,3.2409e+02,3.2408e+02,3.2406e+02,3.2404e+02,3.2402e+02,3.2399e+02,3.2396e+02,3.2393e+02,3.2390e+02,3.2385e+02,3.2381e+02,3.2375e+02,3.2369e+02,3.2361e+02,3.2352e+02,3.2341e+02,3.2330e+02,3.2321e+02,3.2313e+02,3.2306e+02,3.2300e+02,3.2295e+02,3.2290e+02,3.2285e+02,3.2281e+02,3.2278e+02,3.2274e+02,3.2271e+02,3.2268e+02,3.2264e+02,3.2261e+02,3.2258e+02,3.2255e+02,3.2252e+02,3.2249e+02,3.2246e+02,3.2243e+02,3.2240e+02,3.2236e+02,3.2233e+02,3.2229e+02,3.2226e+02,3.2222e+02,3.2218e+02,3.2214e+02,3.2210e+02,3.2206e+02,3.2202e+02,3.2199e+02,3.2195e+02,3.2191e+02,3.2187e+02,3.2182e+02,3.2177e+02,3.2172e+02,3.2167e+02,3.2162e+02,3.2156e+02,3.2151e+02,3.2145e+02,3.2139e+02,3.2133e+02,3.2126e+02,3.2119e+02,3.2112e+02,3.2105e+02,3.2097e+02,3.2088e+02,3.2079e+02,3.2069e+02,3.2058e+02,3.2046e+02,3.2033e+02,3.2018e+02,3.2005e+02,3.1994e+02,3.1984e+02,3.1975e+02,3.1967e+02,3.1960e+02,3.1953e+02,3.1948e+02,3.1943e+02,3.1939e+02,3.1935e+02,3.1932e+02,3.1929e+02,3.1927e+02,3.1926e+02,3.1925e+02,3.1924e+02,3.2415e+02,3.2415e+02,3.2415e+02,3.2415e+02,3.2414e+02,3.2413e+02,3.2412e+02,3.2411e+02,3.2410e+02,3.2408e+02,3.2407e+02,3.2405e+02,3.2403e+02,3.2400e+02,3.2398e+02,3.2394e+02,3.2391e+02,3.2387e+02,3.2382e+02,3.2377e+02,3.2371e+02,3.2364e+02,3.2355e+02,3.2345e+02,3.2332e+02,3.2319e+02,3.2308e+02,3.2299e+02,3.2292e+02,3.2285e+02,3.2279e+02,3.2274e+02,3.2269e+02,3.2265e+02,3.2261e+02,3.2257e+02,3.2254e+02,3.2250e+02,3.2247e+02,3.2243e+02,3.2240e+02,3.2237e+02,3.2234e+02,3.2231e+02,3.2227e+02,3.2224e+02,3.2221e+02,3.2217e+02,3.2214e+02,3.2210e+02,3.2206e+02,3.2202e+02,3.2198e+02,3.2194e+02,3.2190e+02,3.2186e+02,3.2182e+02,3.2177e+02,3.2173e+02,3.2168e+02,3.2164e+02,3.2159e+02,3.2154e+02,3.2149e+02,3.2143e+02,3.2138e+02,3.2133e+02,3.2127e+02,3.2121e+02,3.2116e+02,3.2110e+02,3.2103e+02,3.2097e+02,3.2090e+02,3.2083e+02,3.2075e+02,3.2067e+02,3.2059e+02,3.2050e+02,3.2040e+02,3.2029e+02,3.2018e+02,3.2006e+02,3.1996e+02,3.1986e+02,3.1977e+02,3.1968e+02,3.1961e+02,3.1954e+02,3.1949e+02,3.1943e+02,3.1939e+02,3.1935e+02,3.1931e+02,3.1928e+02,3.1926e+02,3.1924e+02,3.1923e+02,3.1922e+02,3.1921e+02,3.2414e+02,3.2414e+02,3.2414e+02,3.2414e+02,3.2413e+02,3.2412e+02,3.2411e+02,3.2410e+02,3.2409e+02,3.2407e+02,3.2405e+02,3.2403e+02,3.2401e+02,3.2398e+02,3.2395e+02,3.2392e+02,3.2388e+02,3.2384e+02,3.2379e+02,3.2373e+02,3.2366e+02,3.2358e+02,3.2349e+02,3.2337e+02,3.2323e+02,3.2309e+02,3.2298e+02,3.2288e+02,3.2279e+02,3.2272e+02,3.2266e+02,3.2260e+02,3.2255e+02,3.2250e+02,3.2246e+02,3.2242e+02,3.2238e+02,3.2234e+02,3.2231e+02,3.2227e+02,3.2224e+02,3.2221e+02,3.2217e+02,3.2214e+02,3.2211e+02,3.2207e+02,3.2204e+02,3.2200e+02,3.2197e+02,3.2193e+02,3.2189e+02,3.2185e+02,3.2181e+02,3.2176e+02,3.2172e+02,3.2168e+02,3.2163e+02,3.2158e+02,3.2153e+02,3.2149e+02,3.2144e+02,3.2139e+02,3.2134e+02,3.2128e+02,3.2123e+02,3.2118e+02,3.2112e+02,3.2107e+02,3.2101e+02,3.2096e+02,3.2090e+02,3.2084e+02,3.2078e+02,3.2071e+02,3.2064e+02,3.2057e+02,3.2050e+02,3.2042e+02,3.2034e+02,3.2025e+02,3.2015e+02,3.2006e+02,3.1996e+02,3.1986e+02,3.1978e+02,3.1970e+02,3.1962e+02,3.1955e+02,3.1949e+02,3.1944e+02,3.1939e+02,3.1935e+02,3.1931e+02,3.1928e+02,3.1925e+02,3.1923e+02,3.1921e+02,3.1920e+02,3.1919e+02,3.1919e+02,3.2413e+02,3.2413e+02,3.2412e+02,3.2412e+02,3.2411e+02,3.2410e+02,3.2409e+02,3.2408e+02,3.2407e+02,3.2405e+02,3.2403e+02,3.2401e+02,3.2399e+02,3.2396e+02,3.2393e+02,3.2389e+02,3.2385e+02,3.2380e+02,3.2375e+02,3.2368e+02,3.2361e+02,3.2353e+02,3.2342e+02,3.2330e+02,3.2315e+02,3.2300e+02,3.2288e+02,3.2277e+02,3.2268e+02,3.2261e+02,3.2254e+02,3.2248e+02,3.2242e+02,3.2237e+02,3.2233e+02,3.2228e+02,3.2224e+02,3.2220e+02,3.2217e+02,3.2213e+02,3.2210e+02,3.2206e+02,3.2203e+02,3.2199e+02,3.2196e+02,3.2192e+02,3.2189e+02,3.2185e+02,3.2181e+02,3.2177e+02,3.2173e+02,3.2169e+02,3.2165e+02,3.2160e+02,3.2156e+02,3.2151e+02,3.2146e+02,3.2141e+02,3.2136e+02,3.2131e+02,3.2126e+02,3.2121e+02,3.2116e+02,3.2111e+02,3.2105e+02,3.2100e+02,3.2095e+02,3.2090e+02,3.2084e+02,3.2079e+02,3.2073e+02,3.2067e+02,3.2061e+02,3.2055e+02,3.2048e+02,3.2042e+02,3.2035e+02,3.2028e+02,3.2020e+02,3.2012e+02,3.2004e+02,3.1995e+02,3.1986e+02,3.1978e+02,3.1970e+02,3.1963e+02,3.1956e+02,3.1950e+02,3.1945e+02,3.1940e+02,3.1935e+02,3.1931e+02,3.1928e+02,3.1925e+02,3.1922e+02,3.1920e+02,3.1918e+02,3.1917e+02,3.1916e+02,3.1916e+02,3.2411e+02,3.2411e+02,3.2410e+02,3.2410e+02,3.2409e+02,3.2408e+02,3.2407e+02,3.2406e+02,3.2404e+02,3.2403e+02,3.2401e+02,3.2398e+02,3.2396e+02,3.2393e+02,3.2389e+02,3.2386e+02,3.2381e+02,3.2376e+02,3.2371e+02,3.2364e+02,3.2356e+02,3.2347e+02,3.2336e+02,3.2323e+02,3.2308e+02,3.2292e+02,3.2279e+02,3.2268e+02,3.2259e+02,3.2250e+02,3.2243e+02,3.2237e+02,3.2231e+02,3.2226e+02,3.2221e+02,3.2216e+02,3.2212e+02,3.2208e+02,3.2204e+02,3.2201e+02,3.2197e+02,3.2193e+02,3.2190e+02,3.2186e+02,3.2183e+02,3.2179e+02,3.2175e+02,3.2172e+02,3.2168e+02,3.2164e+02,3.2160e+02,3.2155e+02,3.2151e+02,3.2146e+02,3.2142e+02,3.2137e+02,3.2132e+02,3.2127e+02,3.2121e+02,3.2116e+02,3.2111e+02,3.2106e+02,3.2100e+02,3.2095e+02,3.2090e+02,3.2085e+02,3.2080e+02,3.2074e+02,3.2069e+02,3.2064e+02,3.2058e+02,3.2052e+02,3.2047e+02,3.2041e+02,3.2035e+02,3.2028e+02,3.2022e+02,3.2015e+02,3.2008e+02,3.2001e+02,3.1993e+02,3.1986e+02,3.1978e+02,3.1970e+02,3.1963e+02,3.1957e+02,3.1951e+02,3.1945e+02,3.1940e+02,3.1935e+02,3.1931e+02,3.1928e+02,3.1924e+02,3.1922e+02,3.1919e+02,3.1917e+02,3.1916e+02,3.1915e+02,3.1914e+02,3.1913e+02,3.2408e+02,3.2408e+02,3.2408e+02,3.2407e+02,3.2406e+02,3.2405e+02,3.2404e+02,3.2403e+02,3.2401e+02,3.2400e+02,3.2398e+02,3.2395e+02,3.2392e+02,3.2389e+02,3.2386e+02,3.2382e+02,3.2377e+02,3.2372e+02,3.2366e+02,3.2359e+02,3.2351e+02,3.2342e+02,3.2330e+02,3.2317e+02,3.2301e+02,3.2285e+02,3.2272e+02,3.2260e+02,3.2250e+02,3.2242e+02,3.2234e+02,3.2227e+02,3.2221e+02,3.2216e+02,3.2211e+02,3.2206e+02,3.2202e+02,3.2198e+02,3.2194e+02,3.2190e+02,3.2186e+02,3.2182e+02,3.2179e+02,3.2175e+02,3.2171e+02,3.2168e+02,3.2164e+02,3.2160e+02,3.2156e+02,3.2152e+02,3.2148e+02,3.2143e+02,3.2139e+02,3.2134e+02,3.2129e+02,3.2124e+02,3.2119e+02,3.2114e+02,3.2108e+02,3.2103e+02,3.2098e+02,3.2092e+02,3.2087e+02,3.2082e+02,3.2076e+02,3.2071e+02,3.2066e+02,3.2061e+02,3.2056e+02,3.2050e+02,3.2045e+02,3.2040e+02,3.2034e+02,3.2028e+02,3.2023e+02,3.2017e+02,3.2011e+02,3.2004e+02,3.1998e+02,3.1991e+02,3.1984e+02,3.1977e+02,3.1970e+02,3.1963e+02,3.1957e+02,3.1951e+02,3.1945e+02,3.1940e+02,3.1936e+02,3.1931e+02,3.1928e+02,3.1924e+02,3.1921e+02,3.1919e+02,3.1916e+02,3.1915e+02,3.1913e+02,3.1912e+02,3.1911e+02,3.1911e+02,3.2405e+02,3.2405e+02,3.2404e+02,3.2404e+02,3.2403e+02,3.2402e+02,3.2401e+02,3.2400e+02,3.2398e+02,3.2396e+02,3.2394e+02,3.2392e+02,3.2389e+02,3.2386e+02,3.2382e+02,3.2378e+02,3.2373e+02,3.2368e+02,3.2362e+02,3.2354e+02,3.2346e+02,3.2336e+02,3.2325e+02,3.2311e+02,3.2295e+02,3.2279e+02,3.2265e+02,3.2253e+02,3.2243e+02,3.2234e+02,3.2226e+02,3.2219e+02,3.2213e+02,3.2207e+02,3.2202e+02,3.2197e+02,3.2193e+02,3.2189e+02,3.2185e+02,3.2181e+02,3.2177e+02,3.2173e+02,3.2169e+02,3.2166e+02,3.2162e+02,3.2158e+02,3.2154e+02,3.2150e+02,3.2146e+02,3.2142e+02,3.2138e+02,3.2133e+02,3.2128e+02,3.2123e+02,3.2118e+02,3.2113e+02,3.2108e+02,3.2102e+02,3.2097e+02,3.2091e+02,3.2086e+02,3.2080e+02,3.2075e+02,3.2070e+02,3.2065e+02,3.2059e+02,3.2054e+02,3.2049e+02,3.2044e+02,3.2039e+02,3.2034e+02,3.2028e+02,3.2023e+02,3.2018e+02,3.2012e+02,3.2007e+02,3.2001e+02,3.1995e+02,3.1989e+02,3.1983e+02,3.1976e+02,3.1970e+02,3.1963e+02,3.1957e+02,3.1951e+02,3.1946e+02,3.1941e+02,3.1936e+02,3.1932e+02,3.1928e+02,3.1924e+02,3.1921e+02,3.1918e+02,3.1916e+02,3.1914e+02,3.1912e+02,3.1911e+02,3.1910e+02,3.1909e+02,3.1909e+02,3.2401e+02,3.2401e+02,3.2400e+02,3.2400e+02,3.2399e+02,3.2398e+02,3.2397e+02,3.2396e+02,3.2394e+02,3.2392e+02,3.2390e+02,3.2387e+02,3.2385e+02,3.2381e+02,3.2378e+02,3.2373e+02,3.2369e+02,3.2363e+02,3.2357e+02,3.2350e+02,3.2341e+02,3.2331e+02,3.2320e+02,3.2306e+02,3.2289e+02,3.2273e+02,3.2259e+02,3.2247e+02,3.2237e+02,3.2228e+02,3.2220e+02,3.2213e+02,3.2206e+02,3.2201e+02,3.2195e+02,3.2190e+02,3.2186e+02,3.2181e+02,3.2177e+02,3.2173e+02,3.2169e+02,3.2165e+02,3.2162e+02,3.2158e+02,3.2154e+02,3.2150e+02,3.2146e+02,3.2142e+02,3.2138e+02,3.2134e+02,3.2129e+02,3.2124e+02,3.2120e+02,3.2115e+02,3.2109e+02,3.2104e+02,3.2098e+02,3.2093e+02,3.2087e+02,3.2081e+02,3.2076e+02,3.2070e+02,3.2065e+02,3.2059e+02,3.2054e+02,3.2049e+02,3.2044e+02,3.2039e+02,3.2034e+02,3.2028e+02,3.2023e+02,3.2018e+02,3.2013e+02,3.2008e+02,3.2003e+02,3.1998e+02,3.1992e+02,3.1987e+02,3.1981e+02,3.1975e+02,3.1969e+02,3.1963e+02,3.1957e+02,3.1951e+02,3.1946e+02,3.1941e+02,3.1936e+02,3.1932e+02,3.1928e+02,3.1924e+02,3.1921e+02,3.1918e+02,3.1915e+02,3.1913e+02,3.1911e+02,3.1910e+02,3.1908e+02,3.1907e+02,3.1907e+02,3.1906e+02,3.2397e+02,3.2396e+02,3.2396e+02,3.2395e+02,3.2395e+02,3.2394e+02,3.2393e+02,3.2391e+02,3.2389e+02,3.2388e+02,3.2385e+02,3.2383e+02,3.2380e+02,3.2377e+02,3.2373e+02,3.2369e+02,3.2364e+02,3.2358e+02,3.2352e+02,3.2345e+02,3.2336e+02,3.2326e+02,3.2315e+02,3.2301e+02,3.2284e+02,3.2268e+02,3.2254e+02,3.2242e+02,3.2231e+02,3.2222e+02,3.2214e+02,3.2207e+02,3.2201e+02,3.2195e+02,3.2190e+02,3.2185e+02,3.2180e+02,3.2176e+02,3.2172e+02,3.2167e+02,3.2163e+02,3.2160e+02,3.2156e+02,3.2152e+02,3.2148e+02,3.2144e+02,3.2140e+02,3.2136e+02,3.2131e+02,3.2127e+02,3.2122e+02,3.2118e+02,3.2113e+02,3.2107e+02,3.2102e+02,3.2096e+02,3.2091e+02,3.2085e+02,3.2079e+02,3.2073e+02,3.2067e+02,3.2061e+02,3.2056e+02,3.2050e+02,3.2045e+02,3.2040e+02,3.2034e+02,3.2029e+02,3.2024e+02,3.2019e+02,3.2014e+02,3.2010e+02,3.2005e+02,3.2000e+02,3.1995e+02,3.1990e+02,3.1984e+02,3.1979e+02,3.1974e+02,3.1969e+02,3.1963e+02,3.1957e+02,3.1952e+02,3.1946e+02,3.1941e+02,3.1936e+02,3.1932e+02,3.1928e+02,3.1924e+02,3.1921e+02,3.1918e+02,3.1915e+02,3.1913e+02,3.1911e+02,3.1909e+02,3.1907e+02,3.1906e+02,3.1905e+02,3.1905e+02,3.1905e+02,3.2392e+02,3.2391e+02,3.2391e+02,3.2390e+02,3.2390e+02,3.2389e+02,3.2388e+02,3.2386e+02,3.2384e+02,3.2382e+02,3.2380e+02,3.2378e+02,3.2375e+02,3.2372e+02,3.2368e+02,3.2364e+02,3.2359e+02,3.2353e+02,3.2347e+02,3.2339e+02,3.2331e+02,3.2321e+02,3.2310e+02,3.2296e+02,3.2280e+02,3.2263e+02,3.2249e+02,3.2238e+02,3.2227e+02,3.2218e+02,3.2210e+02,3.2203e+02,3.2197e+02,3.2191e+02,3.2186e+02,3.2181e+02,3.2176e+02,3.2172e+02,3.2167e+02,3.2163e+02,3.2159e+02,3.2155e+02,3.2151e+02,3.2147e+02,3.2143e+02,3.2139e+02,3.2135e+02,3.2131e+02,3.2127e+02,3.2122e+02,3.2117e+02,3.2112e+02,3.2107e+02,3.2102e+02,3.2096e+02,3.2090e+02,3.2084e+02,3.2078e+02,3.2071e+02,3.2065e+02,3.2059e+02,3.2053e+02,3.2047e+02,3.2042e+02,3.2037e+02,3.2031e+02,3.2026e+02,3.2021e+02,3.2016e+02,3.2011e+02,3.2006e+02,3.2002e+02,3.1997e+02,3.1992e+02,3.1987e+02,3.1983e+02,3.1978e+02,3.1973e+02,3.1968e+02,3.1963e+02,3.1957e+02,3.1952e+02,3.1947e+02,3.1942e+02,3.1937e+02,3.1932e+02,3.1928e+02,3.1925e+02,3.1921e+02,3.1918e+02,3.1915e+02,3.1913e+02,3.1910e+02,3.1909e+02,3.1907e+02,3.1905e+02,3.1904e+02,3.1904e+02,3.1903e+02,3.1903e+02,3.2386e+02,3.2386e+02,3.2385e+02,3.2385e+02,3.2384e+02,3.2383e+02,3.2382e+02,3.2380e+02,3.2379e+02,3.2377e+02,3.2375e+02,3.2372e+02,3.2369e+02,3.2366e+02,3.2362e+02,3.2358e+02,3.2353e+02,3.2348e+02,3.2341e+02,3.2334e+02,3.2326e+02,3.2316e+02,3.2305e+02,3.2292e+02,3.2276e+02,3.2260e+02,3.2246e+02,3.2234e+02,3.2224e+02,3.2215e+02,3.2207e+02,3.2200e+02,3.2194e+02,3.2188e+02,3.2183e+02,3.2178e+02,3.2173e+02,3.2169e+02,3.2165e+02,3.2160e+02,3.2156e+02,3.2152e+02,3.2148e+02,3.2144e+02,3.2140e+02,3.2136e+02,3.2132e+02,3.2128e+02,3.2123e+02,3.2119e+02,3.2114e+02,3.2109e+02,3.2103e+02,3.2098e+02,3.2092e+02,3.2085e+02,3.2079e+02,3.2072e+02,3.2065e+02,3.2059e+02,3.2052e+02,3.2046e+02,3.2040e+02,3.2035e+02,3.2029e+02,3.2024e+02,3.2019e+02,3.2014e+02,3.2009e+02,3.2004e+02,3.1999e+02,3.1995e+02,3.1990e+02,3.1985e+02,3.1981e+02,3.1976e+02,3.1972e+02,3.1967e+02,3.1962e+02,3.1957e+02,3.1952e+02,3.1947e+02,3.1942e+02,3.1937e+02,3.1933e+02,3.1929e+02,3.1925e+02,3.1922e+02,3.1918e+02,3.1915e+02,3.1913e+02,3.1910e+02,3.1908e+02,3.1907e+02,3.1905e+02,3.1904e+02,3.1903e+02,3.1902e+02,3.1901e+02,3.1901e+02,3.2380e+02,3.2379e+02,3.2379e+02,3.2378e+02,3.2378e+02,3.2377e+02,3.2376e+02,3.2374e+02,3.2372e+02,3.2371e+02,3.2368e+02,3.2366e+02,3.2363e+02,3.2360e+02,3.2356e+02,3.2352e+02,3.2347e+02,3.2342e+02,3.2336e+02,3.2329e+02,3.2320e+02,3.2311e+02,3.2300e+02,3.2287e+02,3.2272e+02,3.2256e+02,3.2243e+02,3.2232e+02,3.2222e+02,3.2213e+02,3.2206e+02,3.2199e+02,3.2193e+02,3.2187e+02,3.2182e+02,3.2177e+02,3.2172e+02,3.2167e+02,3.2163e+02,3.2159e+02,3.2155e+02,3.2151e+02,3.2147e+02,3.2143e+02,3.2139e+02,3.2135e+02,3.2131e+02,3.2126e+02,3.2122e+02,3.2117e+02,3.2112e+02,3.2106e+02,3.2101e+02,3.2095e+02,3.2089e+02,3.2082e+02,3.2075e+02,3.2068e+02,3.2060e+02,3.2053e+02,3.2047e+02,3.2040e+02,3.2034e+02,3.2028e+02,3.2023e+02,3.2017e+02,3.2012e+02,3.2007e+02,3.2002e+02,3.1998e+02,3.1993e+02,3.1989e+02,3.1984e+02,3.1980e+02,3.1975e+02,3.1971e+02,3.1966e+02,3.1962e+02,3.1957e+02,3.1953e+02,3.1948e+02,3.1943e+02,3.1938e+02,3.1934e+02,3.1930e+02,3.1926e+02,3.1922e+02,3.1919e+02,3.1916e+02,3.1913e+02,3.1911e+02,3.1909e+02,3.1907e+02,3.1905e+02,3.1903e+02,3.1902e+02,3.1901e+02,3.1901e+02,3.1900e+02,3.1900e+02,3.2372e+02,3.2372e+02,3.2372e+02,3.2371e+02,3.2371e+02,3.2370e+02,3.2368e+02,3.2367e+02,3.2365e+02,3.2364e+02,3.2361e+02,3.2359e+02,3.2356e+02,3.2353e+02,3.2349e+02,3.2345e+02,3.2341e+02,3.2335e+02,3.2329e+02,3.2323e+02,3.2315e+02,3.2306e+02,3.2295e+02,3.2283e+02,3.2268e+02,3.2254e+02,3.2241e+02,3.2230e+02,3.2221e+02,3.2212e+02,3.2205e+02,3.2198e+02,3.2192e+02,3.2187e+02,3.2181e+02,3.2176e+02,3.2172e+02,3.2167e+02,3.2163e+02,3.2159e+02,3.2155e+02,3.2151e+02,3.2147e+02,3.2143e+02,3.2139e+02,3.2135e+02,3.2130e+02,3.2126e+02,3.2121e+02,3.2116e+02,3.2111e+02,3.2106e+02,3.2100e+02,3.2094e+02,3.2087e+02,3.2080e+02,3.2073e+02,3.2064e+02,3.2056e+02,3.2049e+02,3.2042e+02,3.2035e+02,3.2029e+02,3.2023e+02,3.2017e+02,3.2012e+02,3.2006e+02,3.2001e+02,3.1997e+02,3.1992e+02,3.1987e+02,3.1983e+02,3.1979e+02,3.1974e+02,3.1970e+02,3.1966e+02,3.1962e+02,3.1957e+02,3.1953e+02,3.1949e+02,3.1944e+02,3.1940e+02,3.1935e+02,3.1931e+02,3.1927e+02,3.1923e+02,3.1920e+02,3.1917e+02,3.1914e+02,3.1911e+02,3.1909e+02,3.1907e+02,3.1905e+02,3.1903e+02,3.1902e+02,3.1901e+02,3.1900e+02,3.1899e+02,3.1899e+02,3.1899e+02,3.2365e+02,3.2364e+02,3.2364e+02,3.2363e+02,3.2363e+02,3.2362e+02,3.2361e+02,3.2359e+02,3.2358e+02,3.2356e+02,3.2354e+02,3.2351e+02,3.2348e+02,3.2345e+02,3.2342e+02,3.2338e+02,3.2333e+02,3.2328e+02,3.2323e+02,3.2316e+02,3.2308e+02,3.2300e+02,3.2290e+02,3.2278e+02,3.2264e+02,3.2250e+02,3.2238e+02,3.2228e+02,3.2219e+02,3.2211e+02,3.2203e+02,3.2197e+02,3.2191e+02,3.2185e+02,3.2180e+02,3.2175e+02,3.2171e+02,3.2167e+02,3.2162e+02,3.2158e+02,3.2154e+02,3.2150e+02,3.2146e+02,3.2142e+02,3.2138e+02,3.2134e+02,3.2130e+02,3.2125e+02,3.2120e+02,3.2115e+02,3.2110e+02,3.2105e+02,3.2099e+02,3.2092e+02,3.2085e+02,3.2078e+02,3.2070e+02,3.2061e+02,3.2053e+02,3.2044e+02,3.2037e+02,3.2030e+02,3.2024e+02,3.2018e+02,3.2012e+02,3.2006e+02,3.2001e+02,3.1996e+02,3.1991e+02,3.1987e+02,3.1982e+02,3.1978e+02,3.1974e+02,3.1970e+02,3.1966e+02,3.1962e+02,3.1957e+02,3.1953e+02,3.1949e+02,3.1945e+02,3.1941e+02,3.1937e+02,3.1932e+02,3.1928e+02,3.1924e+02,3.1921e+02,3.1918e+02,3.1915e+02,3.1912e+02,3.1910e+02,3.1907e+02,3.1905e+02,3.1904e+02,3.1902e+02,3.1901e+02,3.1900e+02,3.1899e+02,3.1898e+02,3.1898e+02,3.1898e+02,3.2356e+02,3.2356e+02,3.2355e+02,3.2355e+02,3.2354e+02,3.2353e+02,3.2352e+02,3.2351e+02,3.2349e+02,3.2347e+02,3.2345e+02,3.2343e+02,3.2340e+02,3.2337e+02,3.2334e+02,3.2330e+02,3.2325e+02,3.2321e+02,3.2315e+02,3.2309e+02,3.2301e+02,3.2293e+02,3.2283e+02,3.2272e+02,3.2259e+02,3.2246e+02,3.2234e+02,3.2224e+02,3.2215e+02,3.2208e+02,3.2201e+02,3.2194e+02,3.2188e+02,3.2183e+02,3.2178e+02,3.2174e+02,3.2169e+02,3.2165e+02,3.2161e+02,3.2157e+02,3.2153e+02,3.2149e+02,3.2145e+02,3.2141e+02,3.2137e+02,3.2132e+02,3.2128e+02,3.2124e+02,3.2119e+02,3.2114e+02,3.2108e+02,3.2103e+02,3.2097e+02,3.2090e+02,3.2083e+02,3.2075e+02,3.2067e+02,3.2058e+02,3.2049e+02,3.2040e+02,3.2033e+02,3.2026e+02,3.2019e+02,3.2013e+02,3.2007e+02,3.2002e+02,3.1996e+02,3.1992e+02,3.1987e+02,3.1982e+02,3.1978e+02,3.1974e+02,3.1970e+02,3.1966e+02,3.1962e+02,3.1958e+02,3.1954e+02,3.1950e+02,3.1946e+02,3.1942e+02,3.1938e+02,3.1934e+02,3.1930e+02,3.1926e+02,3.1922e+02,3.1919e+02,3.1916e+02,3.1913e+02,3.1910e+02,3.1908e+02,3.1906e+02,3.1904e+02,3.1903e+02,3.1901e+02,3.1900e+02,3.1899e+02,3.1898e+02,3.1898e+02,3.1897e+02,3.1897e+02,3.2346e+02,3.2346e+02,3.2345e+02,3.2345e+02,3.2344e+02,3.2343e+02,3.2342e+02,3.2341e+02,3.2339e+02,3.2338e+02,3.2336e+02,3.2333e+02,3.2331e+02,3.2328e+02,3.2325e+02,3.2321e+02,3.2317e+02,3.2312e+02,3.2307e+02,3.2301e+02,3.2294e+02,3.2286e+02,3.2276e+02,3.2266e+02,3.2253e+02,3.2240e+02,3.2229e+02,3.2219e+02,3.2211e+02,3.2203e+02,3.2197e+02,3.2191e+02,3.2185e+02,3.2180e+02,3.2175e+02,3.2171e+02,3.2166e+02,3.2162e+02,3.2158e+02,3.2154e+02,3.2150e+02,3.2146e+02,3.2142e+02,3.2138e+02,3.2134e+02,3.2130e+02,3.2126e+02,3.2121e+02,3.2116e+02,3.2111e+02,3.2106e+02,3.2100e+02,3.2094e+02,3.2087e+02,3.2080e+02,3.2072e+02,3.2064e+02,3.2054e+02,3.2045e+02,3.2037e+02,3.2029e+02,3.2022e+02,3.2015e+02,3.2009e+02,3.2003e+02,3.1997e+02,3.1992e+02,3.1987e+02,3.1983e+02,3.1978e+02,3.1974e+02,3.1970e+02,3.1966e+02,3.1962e+02,3.1958e+02,3.1954e+02,3.1951e+02,3.1947e+02,3.1943e+02,3.1939e+02,3.1936e+02,3.1932e+02,3.1927e+02,3.1924e+02,3.1920e+02,3.1917e+02,3.1914e+02,3.1912e+02,3.1909e+02,3.1907e+02,3.1905e+02,3.1904e+02,3.1902e+02,3.1901e+02,3.1900e+02,3.1899e+02,3.1898e+02,3.1897e+02,3.1897e+02,3.1897e+02,3.2335e+02,3.2335e+02,3.2335e+02,3.2334e+02,3.2333e+02,3.2333e+02,3.2331e+02,3.2330e+02,3.2329e+02,3.2327e+02,3.2325e+02,3.2323e+02,3.2320e+02,3.2318e+02,3.2314e+02,3.2311e+02,3.2307e+02,3.2302e+02,3.2297e+02,3.2292e+02,3.2285e+02,3.2277e+02,3.2268e+02,3.2258e+02,3.2246e+02,3.2233e+02,3.2223e+02,3.2213e+02,3.2205e+02,3.2198e+02,3.2192e+02,3.2186e+02,3.2181e+02,3.2176e+02,3.2171e+02,3.2167e+02,3.2162e+02,3.2158e+02,3.2154e+02,3.2150e+02,3.2147e+02,3.2143e+02,3.2139e+02,3.2135e+02,3.2131e+02,3.2127e+02,3.2122e+02,3.2118e+02,3.2113e+02,3.2108e+02,3.2103e+02,3.2097e+02,3.2091e+02,3.2084e+02,3.2077e+02,3.2069e+02,3.2060e+02,3.2051e+02,3.2041e+02,3.2033e+02,3.2025e+02,3.2018e+02,3.2011e+02,3.2005e+02,3.1999e+02,3.1993e+02,3.1988e+02,3.1984e+02,3.1979e+02,3.1975e+02,3.1971e+02,3.1967e+02,3.1963e+02,3.1959e+02,3.1955e+02,3.1952e+02,3.1948e+02,3.1944e+02,3.1941e+02,3.1937e+02,3.1934e+02,3.1930e+02,3.1926e+02,3.1922e+02,3.1919e+02,3.1916e+02,3.1913e+02,3.1911e+02,3.1909e+02,3.1907e+02,3.1905e+02,3.1903e+02,3.1902e+02,3.1900e+02,3.1899e+02,3.1899e+02,3.1898e+02,3.1897e+02,3.1897e+02,3.1897e+02,3.2323e+02,3.2323e+02,3.2323e+02,3.2322e+02,3.2321e+02,3.2321e+02,3.2320e+02,3.2318e+02,3.2317e+02,3.2315e+02,3.2313e+02,3.2311e+02,3.2309e+02,3.2306e+02,3.2303e+02,3.2300e+02,3.2296e+02,3.2292e+02,3.2287e+02,3.2281e+02,3.2275e+02,3.2268e+02,3.2259e+02,3.2249e+02,3.2237e+02,3.2225e+02,3.2215e+02,3.2206e+02,3.2199e+02,3.2192e+02,3.2186e+02,3.2180e+02,3.2175e+02,3.2170e+02,3.2166e+02,3.2161e+02,3.2157e+02,3.2153e+02,3.2150e+02,3.2146e+02,3.2142e+02,3.2138e+02,3.2134e+02,3.2131e+02,3.2127e+02,3.2123e+02,3.2118e+02,3.2114e+02,3.2109e+02,3.2104e+02,3.2099e+02,3.2093e+02,3.2087e+02,3.2080e+02,3.2073e+02,3.2065e+02,3.2056e+02,3.2047e+02,3.2038e+02,3.2029e+02,3.2021e+02,3.2014e+02,3.2007e+02,3.2001e+02,3.1995e+02,3.1990e+02,3.1985e+02,3.1980e+02,3.1976e+02,3.1972e+02,3.1968e+02,3.1964e+02,3.1960e+02,3.1956e+02,3.1953e+02,3.1949e+02,3.1946e+02,3.1942e+02,3.1939e+02,3.1935e+02,3.1932e+02,3.1928e+02,3.1924e+02,3.1921e+02,3.1918e+02,3.1915e+02,3.1913e+02,3.1910e+02,3.1908e+02,3.1906e+02,3.1904e+02,3.1903e+02,3.1902e+02,3.1900e+02,3.1900e+02,3.1899e+02,3.1898e+02,3.1898e+02,3.1897e+02,3.1897e+02,3.2310e+02,3.2309e+02,3.2309e+02,3.2309e+02,3.2308e+02,3.2307e+02,3.2306e+02,3.2305e+02,3.2304e+02,3.2302e+02,3.2300e+02,3.2298e+02,3.2296e+02,3.2293e+02,3.2291e+02,3.2287e+02,3.2284e+02,3.2280e+02,3.2275e+02,3.2270e+02,3.2264e+02,3.2257e+02,3.2249e+02,3.2239e+02,3.2228e+02,3.2216e+02,3.2206e+02,3.2198e+02,3.2191e+02,3.2184e+02,3.2178e+02,3.2173e+02,3.2168e+02,3.2164e+02,3.2159e+02,3.2155e+02,3.2151e+02,3.2147e+02,3.2144e+02,3.2140e+02,3.2136e+02,3.2133e+02,3.2129e+02,3.2125e+02,3.2121e+02,3.2117e+02,3.2113e+02,3.2109e+02,3.2104e+02,3.2099e+02,3.2094e+02,3.2088e+02,3.2082e+02,3.2076e+02,3.2068e+02,3.2061e+02,3.2052e+02,3.2043e+02,3.2033e+02,3.2025e+02,3.2017e+02,3.2010e+02,3.2004e+02,3.1997e+02,3.1992e+02,3.1987e+02,3.1982e+02,3.1977e+02,3.1973e+02,3.1969e+02,3.1965e+02,3.1961e+02,3.1957e+02,3.1954e+02,3.1951e+02,3.1947e+02,3.1944e+02,3.1941e+02,3.1937e+02,3.1934e+02,3.1931e+02,3.1927e+02,3.1924e+02,3.1920e+02,3.1917e+02,3.1915e+02,3.1912e+02,3.1910e+02,3.1908e+02,3.1906e+02,3.1905e+02,3.1903e+02,3.1902e+02,3.1901e+02,3.1900e+02,3.1899e+02,3.1899e+02,3.1898e+02,3.1898e+02,3.1898e+02,3.2294e+02,3.2294e+02,3.2294e+02,3.2294e+02,3.2293e+02,3.2292e+02,3.2291e+02,3.2290e+02,3.2289e+02,3.2287e+02,3.2286e+02,3.2284e+02,3.2282e+02,3.2279e+02,3.2276e+02,3.2273e+02,3.2270e+02,3.2266e+02,3.2262e+02,3.2257e+02,3.2251e+02,3.2245e+02,3.2237e+02,3.2228e+02,3.2217e+02,3.2206e+02,3.2196e+02,3.2188e+02,3.2182e+02,3.2175e+02,3.2170e+02,3.2165e+02,3.2160e+02,3.2156e+02,3.2152e+02,3.2148e+02,3.2144e+02,3.2140e+02,3.2137e+02,3.2133e+02,3.2130e+02,3.2126e+02,3.2123e+02,3.2119e+02,3.2115e+02,3.2111e+02,3.2107e+02,3.2103e+02,3.2098e+02,3.2093e+02,3.2088e+02,3.2083e+02,3.2077e+02,3.2070e+02,3.2063e+02,3.2056e+02,3.2047e+02,3.2038e+02,3.2029e+02,3.2021e+02,3.2013e+02,3.2006e+02,3.2000e+02,3.1994e+02,3.1989e+02,3.1984e+02,3.1979e+02,3.1974e+02,3.1970e+02,3.1966e+02,3.1962e+02,3.1959e+02,3.1955e+02,3.1952e+02,3.1949e+02,3.1946e+02,3.1942e+02,3.1939e+02,3.1936e+02,3.1933e+02,3.1930e+02,3.1926e+02,3.1923e+02,3.1920e+02,3.1917e+02,3.1915e+02,3.1912e+02,3.1910e+02,3.1908e+02,3.1907e+02,3.1905e+02,3.1904e+02,3.1903e+02,3.1902e+02,3.1901e+02,3.1900e+02,3.1899e+02,3.1899e+02,3.1899e+02,3.1899e+02,3.2278e+02,3.2277e+02,3.2277e+02,3.2277e+02,3.2276e+02,3.2275e+02,3.2274e+02,3.2273e+02,3.2272e+02,3.2271e+02,3.2269e+02,3.2267e+02,3.2265e+02,3.2263e+02,3.2260e+02,3.2257e+02,3.2254e+02,3.2251e+02,3.2247e+02,3.2242e+02,3.2237e+02,3.2231e+02,3.2224e+02,3.2215e+02,3.2204e+02,3.2194e+02,3.2185e+02,3.2178e+02,3.2171e+02,3.2165e+02,3.2160e+02,3.2155e+02,3.2151e+02,3.2147e+02,3.2143e+02,3.2139e+02,3.2136e+02,3.2132e+02,3.2129e+02,3.2125e+02,3.2122e+02,3.2118e+02,3.2115e+02,3.2111e+02,3.2108e+02,3.2104e+02,3.2100e+02,3.2096e+02,3.2091e+02,3.2087e+02,3.2082e+02,3.2076e+02,3.2071e+02,3.2064e+02,3.2058e+02,3.2050e+02,3.2042e+02,3.2033e+02,3.2025e+02,3.2017e+02,3.2009e+02,3.2003e+02,3.1997e+02,3.1991e+02,3.1986e+02,3.1981e+02,3.1976e+02,3.1972e+02,3.1968e+02,3.1964e+02,3.1960e+02,3.1957e+02,3.1954e+02,3.1950e+02,3.1947e+02,3.1944e+02,3.1941e+02,3.1938e+02,3.1935e+02,3.1932e+02,3.1929e+02,3.1926e+02,3.1923e+02,3.1920e+02,3.1917e+02,3.1915e+02,3.1913e+02,3.1911e+02,3.1909e+02,3.1907e+02,3.1906e+02,3.1905e+02,3.1904e+02,3.1903e+02,3.1902e+02,3.1901e+02,3.1901e+02,3.1900e+02,3.1900e+02,3.1900e+02,3.2258e+02,3.2258e+02,3.2258e+02,3.2257e+02,3.2257e+02,3.2256e+02,3.2255e+02,3.2254e+02,3.2253e+02,3.2252e+02,3.2250e+02,3.2249e+02,3.2247e+02,3.2244e+02,3.2242e+02,3.2239e+02,3.2236e+02,3.2233e+02,3.2229e+02,3.2225e+02,3.2220e+02,3.2215e+02,3.2208e+02,3.2200e+02,3.2190e+02,3.2180e+02,3.2172e+02,3.2165e+02,3.2159e+02,3.2154e+02,3.2149e+02,3.2145e+02,3.2141e+02,3.2137e+02,3.2133e+02,3.2130e+02,3.2126e+02,3.2123e+02,3.2119e+02,3.2116e+02,3.2113e+02,3.2109e+02,3.2106e+02,3.2103e+02,3.2099e+02,3.2095e+02,3.2092e+02,3.2088e+02,3.2083e+02,3.2079e+02,3.2074e+02,3.2069e+02,3.2063e+02,3.2058e+02,3.2051e+02,3.2044e+02,3.2037e+02,3.2028e+02,3.2020e+02,3.2012e+02,3.2006e+02,3.1999e+02,3.1993e+02,3.1988e+02,3.1983e+02,3.1978e+02,3.1974e+02,3.1970e+02,3.1966e+02,3.1962e+02,3.1959e+02,3.1955e+02,3.1952e+02,3.1949e+02,3.1946e+02,3.1943e+02,3.1940e+02,3.1938e+02,3.1935e+02,3.1932e+02,3.1929e+02,3.1926e+02,3.1923e+02,3.1920e+02,3.1918e+02,3.1916e+02,3.1914e+02,3.1912e+02,3.1910e+02,3.1909e+02,3.1907e+02,3.1906e+02,3.1905e+02,3.1904e+02,3.1903e+02,3.1903e+02,3.1902e+02,3.1902e+02,3.1902e+02,3.1902e+02,3.2236e+02,3.2236e+02,3.2236e+02,3.2236e+02,3.2235e+02,3.2234e+02,3.2233e+02,3.2233e+02,3.2231e+02,3.2230e+02,3.2229e+02,3.2227e+02,3.2225e+02,3.2223e+02,3.2221e+02,3.2219e+02,3.2216e+02,3.2213e+02,3.2209e+02,3.2205e+02,3.2201e+02,3.2196e+02,3.2190e+02,3.2183e+02,3.2174e+02,3.2165e+02,3.2158e+02,3.2152e+02,3.2146e+02,3.2141e+02,3.2137e+02,3.2133e+02,3.2129e+02,3.2125e+02,3.2122e+02,3.2119e+02,3.2115e+02,3.2112e+02,3.2109e+02,3.2106e+02,3.2103e+02,3.2099e+02,3.2096e+02,3.2093e+02,3.2089e+02,3.2086e+02,3.2082e+02,3.2078e+02,3.2074e+02,3.2070e+02,3.2065e+02,3.2061e+02,3.2055e+02,3.2050e+02,3.2044e+02,3.2037e+02,3.2030e+02,3.2023e+02,3.2015e+02,3.2008e+02,3.2002e+02,3.1996e+02,3.1990e+02,3.1985e+02,3.1980e+02,3.1976e+02,3.1972e+02,3.1968e+02,3.1964e+02,3.1961e+02,3.1957e+02,3.1954e+02,3.1951e+02,3.1948e+02,3.1945e+02,3.1943e+02,3.1940e+02,3.1937e+02,3.1935e+02,3.1932e+02,3.1929e+02,3.1927e+02,3.1924e+02,3.1921e+02,3.1919e+02,3.1917e+02,3.1915e+02,3.1913e+02,3.1912e+02,3.1910e+02,3.1909e+02,3.1908e+02,3.1907e+02,3.1906e+02,3.1906e+02,3.1905e+02,3.1904e+02,3.1904e+02,3.1904e+02,3.1904e+02,3.2211e+02,3.2211e+02,3.2211e+02,3.2210e+02,3.2210e+02,3.2209e+02,3.2208e+02,3.2207e+02,3.2206e+02,3.2205e+02,3.2204e+02,3.2202e+02,3.2201e+02,3.2199e+02,3.2197e+02,3.2194e+02,3.2192e+02,3.2189e+02,3.2186e+02,3.2182e+02,3.2178e+02,3.2174e+02,3.2169e+02,3.2163e+02,3.2156e+02,3.2148e+02,3.2142e+02,3.2137e+02,3.2132e+02,3.2128e+02,3.2124e+02,3.2120e+02,3.2116e+02,3.2113e+02,3.2110e+02,3.2106e+02,3.2103e+02,3.2100e+02,3.2097e+02,3.2094e+02,3.2091e+02,3.2088e+02,3.2085e+02,3.2082e+02,3.2079e+02,3.2075e+02,3.2072e+02,3.2068e+02,3.2064e+02,3.2060e+02,3.2056e+02,3.2051e+02,3.2046e+02,3.2041e+02,3.2036e+02,3.2030e+02,3.2023e+02,3.2016e+02,3.2010e+02,3.2003e+02,3.1998e+02,3.1992e+02,3.1987e+02,3.1982e+02,3.1978e+02,3.1974e+02,3.1970e+02,3.1966e+02,3.1962e+02,3.1959e+02,3.1956e+02,3.1953e+02,3.1950e+02,3.1947e+02,3.1945e+02,3.1942e+02,3.1940e+02,3.1937e+02,3.1935e+02,3.1932e+02,3.1930e+02,3.1927e+02,3.1925e+02,3.1922e+02,3.1920e+02,3.1919e+02,3.1917e+02,3.1915e+02,3.1914e+02,3.1913e+02,3.1911e+02,3.1910e+02,3.1909e+02,3.1909e+02,3.1908e+02,3.1907e+02,3.1907e+02,3.1907e+02,3.1906e+02,3.1906e+02,3.2185e+02,3.2185e+02,3.2184e+02,3.2184e+02,3.2184e+02,3.2183e+02,3.2182e+02,3.2181e+02,3.2180e+02,3.2179e+02,3.2178e+02,3.2177e+02,3.2175e+02,3.2173e+02,3.2171e+02,3.2169e+02,3.2167e+02,3.2164e+02,3.2161e+02,3.2158e+02,3.2155e+02,3.2151e+02,3.2147e+02,3.2142e+02,3.2136e+02,3.2131e+02,3.2126e+02,3.2122e+02,3.2117e+02,3.2113e+02,3.2110e+02,3.2106e+02,3.2103e+02,3.2100e+02,3.2097e+02,3.2094e+02,3.2091e+02,3.2088e+02,3.2085e+02,3.2082e+02,3.2079e+02,3.2076e+02,3.2073e+02,3.2070e+02,3.2067e+02,3.2064e+02,3.2061e+02,3.2057e+02,3.2053e+02,3.2050e+02,3.2046e+02,3.2041e+02,3.2037e+02,3.2032e+02,3.2027e+02,3.2022e+02,3.2016e+02,3.2010e+02,3.2005e+02,3.1999e+02,3.1994e+02,3.1989e+02,3.1984e+02,3.1980e+02,3.1975e+02,3.1972e+02,3.1968e+02,3.1964e+02,3.1961e+02,3.1958e+02,3.1955e+02,3.1952e+02,3.1949e+02,3.1947e+02,3.1944e+02,3.1942e+02,3.1939e+02,3.1937e+02,3.1935e+02,3.1933e+02,3.1930e+02,3.1928e+02,3.1926e+02,3.1924e+02,3.1922e+02,3.1920e+02,3.1919e+02,3.1917e+02,3.1916e+02,3.1915e+02,3.1914e+02,3.1913e+02,3.1912e+02,3.1911e+02,3.1911e+02,3.1910e+02,3.1910e+02,3.1909e+02,3.1909e+02,3.1909e+02,3.2162e+02,3.2162e+02,3.2162e+02,3.2161e+02,3.2161e+02,3.2160e+02,3.2160e+02,3.2159e+02,3.2158e+02,3.2157e+02,3.2156e+02,3.2154e+02,3.2153e+02,3.2151e+02,3.2150e+02,3.2148e+02,3.2145e+02,3.2143e+02,3.2141e+02,3.2138e+02,3.2135e+02,3.2131e+02,3.2128e+02,3.2124e+02,3.2120e+02,3.2115e+02,3.2111e+02,3.2107e+02,3.2104e+02,3.2100e+02,3.2097e+02,3.2094e+02,3.2091e+02,3.2088e+02,3.2085e+02,3.2082e+02,3.2079e+02,3.2076e+02,3.2074e+02,3.2071e+02,3.2068e+02,3.2065e+02,3.2063e+02,3.2060e+02,3.2057e+02,3.2054e+02,3.2051e+02,3.2047e+02,3.2044e+02,3.2040e+02,3.2036e+02,3.2032e+02,3.2028e+02,3.2024e+02,3.2019e+02,3.2015e+02,3.2010e+02,3.2005e+02,3.2000e+02,3.1995e+02,3.1990e+02,3.1985e+02,3.1981e+02,3.1977e+02,3.1973e+02,3.1970e+02,3.1966e+02,3.1963e+02,3.1960e+02,3.1957e+02,3.1954e+02,3.1951e+02,3.1949e+02,3.1946e+02,3.1944e+02,3.1942e+02,3.1939e+02,3.1937e+02,3.1935e+02,3.1933e+02,3.1931e+02,3.1929e+02,3.1927e+02,3.1925e+02,3.1924e+02,3.1922e+02,3.1921e+02,3.1919e+02,3.1918e+02,3.1917e+02,3.1916e+02,3.1915e+02,3.1914e+02,3.1914e+02,3.1913e+02,3.1913e+02,3.1912e+02,3.1912e+02,3.1912e+02,3.1912e+02,3.2142e+02,3.2142e+02,3.2142e+02,3.2142e+02,3.2141e+02,3.2141e+02,3.2140e+02,3.2139e+02,3.2138e+02,3.2137e+02,3.2136e+02,3.2135e+02,3.2134e+02,3.2132e+02,3.2131e+02,3.2129e+02,3.2127e+02,3.2125e+02,3.2122e+02,3.2120e+02,3.2117e+02,3.2114e+02,3.2111e+02,3.2108e+02,3.2104e+02,3.2101e+02,3.2098e+02,3.2094e+02,3.2091e+02,3.2088e+02,3.2085e+02,3.2082e+02,3.2079e+02,3.2076e+02,3.2074e+02,3.2071e+02,3.2069e+02,3.2066e+02,3.2063e+02,3.2061e+02,3.2058e+02,3.2056e+02,3.2053e+02,3.2050e+02,3.2047e+02,3.2044e+02,3.2041e+02,3.2038e+02,3.2035e+02,3.2032e+02,3.2028e+02,3.2024e+02,3.2021e+02,3.2017e+02,3.2012e+02,3.2008e+02,3.2004e+02,3.1999e+02,3.1995e+02,3.1991e+02,3.1986e+02,3.1982e+02,3.1978e+02,3.1975e+02,3.1971e+02,3.1968e+02,3.1964e+02,3.1961e+02,3.1959e+02,3.1956e+02,3.1953e+02,3.1951e+02,3.1948e+02,3.1946e+02,3.1944e+02,3.1941e+02,3.1939e+02,3.1937e+02,3.1935e+02,3.1933e+02,3.1932e+02,3.1930e+02,3.1928e+02,3.1926e+02,3.1925e+02,3.1924e+02,3.1922e+02,3.1921e+02,3.1920e+02,3.1919e+02,3.1918e+02,3.1917e+02,3.1916e+02,3.1916e+02,3.1915e+02,3.1915e+02,3.1914e+02,3.1914e+02,3.1914e+02,3.1914e+02,3.2125e+02,3.2125e+02,3.2125e+02,3.2124e+02,3.2124e+02,3.2123e+02,3.2123e+02,3.2122e+02,3.2121e+02,3.2120e+02,3.2119e+02,3.2118e+02,3.2117e+02,3.2116e+02,3.2114e+02,3.2112e+02,3.2111e+02,3.2109e+02,3.2107e+02,3.2104e+02,3.2102e+02,3.2099e+02,3.2097e+02,3.2094e+02,3.2091e+02,3.2088e+02,3.2085e+02,3.2082e+02,3.2079e+02,3.2077e+02,3.2074e+02,3.2071e+02,3.2069e+02,3.2066e+02,3.2064e+02,3.2061e+02,3.2059e+02,3.2056e+02,3.2054e+02,3.2051e+02,3.2049e+02,3.2046e+02,3.2044e+02,3.2041e+02,3.2039e+02,3.2036e+02,3.2033e+02,3.2030e+02,3.2027e+02,3.2024e+02,3.2021e+02,3.2017e+02,3.2014e+02,3.2010e+02,3.2006e+02,3.2002e+02,3.1999e+02,3.1995e+02,3.1991e+02,3.1987e+02,3.1983e+02,3.1979e+02,3.1976e+02,3.1972e+02,3.1969e+02,3.1966e+02,3.1963e+02,3.1960e+02,3.1957e+02,3.1955e+02,3.1952e+02,3.1950e+02,3.1948e+02,3.1945e+02,3.1943e+02,3.1941e+02,3.1939e+02,3.1937e+02,3.1936e+02,3.1934e+02,3.1932e+02,3.1931e+02,3.1929e+02,3.1927e+02,3.1926e+02,3.1925e+02,3.1924e+02,3.1922e+02,3.1921e+02,3.1920e+02,3.1920e+02,3.1919e+02,3.1918e+02,3.1918e+02,3.1917e+02,3.1917e+02,3.1916e+02,3.1916e+02,3.1916e+02,3.1916e+02,3.2110e+02,3.2109e+02,3.2109e+02,3.2109e+02,3.2109e+02,3.2108e+02,3.2108e+02,3.2107e+02,3.2106e+02,3.2105e+02,3.2104e+02,3.2103e+02,3.2102e+02,3.2101e+02,3.2099e+02,3.2098e+02,3.2096e+02,3.2095e+02,3.2093e+02,3.2091e+02,3.2089e+02,3.2086e+02,3.2084e+02,3.2081e+02,3.2079e+02,3.2076e+02,3.2074e+02,3.2071e+02,3.2069e+02,3.2066e+02,3.2064e+02,3.2061e+02,3.2059e+02,3.2057e+02,3.2054e+02,3.2052e+02,3.2050e+02,3.2047e+02,3.2045e+02,3.2043e+02,3.2040e+02,3.2038e+02,3.2036e+02,3.2033e+02,3.2031e+02,3.2028e+02,3.2025e+02,3.2023e+02,3.2020e+02,3.2017e+02,3.2014e+02,3.2011e+02,3.2007e+02,3.2004e+02,3.2001e+02,3.1997e+02,3.1994e+02,3.1990e+02,3.1987e+02,3.1983e+02,3.1980e+02,3.1976e+02,3.1973e+02,3.1970e+02,3.1967e+02,3.1964e+02,3.1961e+02,3.1959e+02,3.1956e+02,3.1954e+02,3.1951e+02,3.1949e+02,3.1947e+02,3.1945e+02,3.1943e+02,3.1941e+02,3.1939e+02,3.1938e+02,3.1936e+02,3.1934e+02,3.1933e+02,3.1931e+02,3.1930e+02,3.1928e+02,3.1927e+02,3.1926e+02,3.1925e+02,3.1924e+02,3.1923e+02,3.1922e+02,3.1921e+02,3.1920e+02,3.1920e+02,3.1919e+02,3.1919e+02,3.1918e+02,3.1918e+02,3.1918e+02,3.1918e+02,3.1918e+02,3.2096e+02,3.2096e+02,3.2096e+02,3.2095e+02,3.2095e+02,3.2095e+02,3.2094e+02,3.2093e+02,3.2093e+02,3.2092e+02,3.2091e+02,3.2090e+02,3.2089e+02,3.2088e+02,3.2086e+02,3.2085e+02,3.2084e+02,3.2082e+02,3.2080e+02,3.2079e+02,3.2077e+02,3.2075e+02,3.2073e+02,3.2070e+02,3.2068e+02,3.2066e+02,3.2064e+02,3.2061e+02,3.2059e+02,3.2057e+02,3.2055e+02,3.2052e+02,3.2050e+02,3.2048e+02,3.2046e+02,3.2044e+02,3.2041e+02,3.2039e+02,3.2037e+02,3.2035e+02,3.2033e+02,3.2030e+02,3.2028e+02,3.2026e+02,3.2023e+02,3.2021e+02,3.2019e+02,3.2016e+02,3.2013e+02,3.2011e+02,3.2008e+02,3.2005e+02,3.2002e+02,3.1999e+02,3.1996e+02,3.1993e+02,3.1989e+02,3.1986e+02,3.1983e+02,3.1980e+02,3.1977e+02,3.1974e+02,3.1971e+02,3.1968e+02,3.1965e+02,3.1962e+02,3.1960e+02,3.1957e+02,3.1955e+02,3.1953e+02,3.1951e+02,3.1949e+02,3.1947e+02,3.1945e+02,3.1943e+02,3.1941e+02,3.1939e+02,3.1938e+02,3.1936e+02,3.1935e+02,3.1933e+02,3.1932e+02,3.1930e+02,3.1929e+02,3.1928e+02,3.1927e+02,3.1926e+02,3.1925e+02,3.1924e+02,3.1923e+02,3.1922e+02,3.1922e+02,3.1921e+02,3.1921e+02,3.1920e+02,3.1920e+02,3.1919e+02,3.1919e+02,3.1919e+02,3.1919e+02,3.2084e+02,3.2084e+02,3.2083e+02,3.2083e+02,3.2083e+02,3.2083e+02,3.2082e+02,3.2081e+02,3.2081e+02,3.2080e+02,3.2079e+02,3.2078e+02,3.2077e+02,3.2076e+02,3.2075e+02,3.2074e+02,3.2072e+02,3.2071e+02,3.2069e+02,3.2068e+02,3.2066e+02,3.2064e+02,3.2062e+02,3.2060e+02,3.2058e+02,3.2056e+02,3.2054e+02,3.2052e+02,3.2050e+02,3.2048e+02,3.2046e+02,3.2044e+02,3.2042e+02,3.2040e+02,3.2038e+02,3.2036e+02,3.2034e+02,3.2032e+02,3.2030e+02,3.2028e+02,3.2026e+02,3.2024e+02,3.2021e+02,3.2019e+02,3.2017e+02,3.2015e+02,3.2012e+02,3.2010e+02,3.2007e+02,3.2005e+02,3.2002e+02,3.2000e+02,3.1997e+02,3.1994e+02,3.1991e+02,3.1988e+02,3.1986e+02,3.1983e+02,3.1980e+02,3.1977e+02,3.1974e+02,3.1971e+02,3.1969e+02,3.1966e+02,3.1963e+02,3.1961e+02,3.1958e+02,3.1956e+02,3.1954e+02,3.1952e+02,3.1950e+02,3.1948e+02,3.1946e+02,3.1944e+02,3.1942e+02,3.1941e+02,3.1939e+02,3.1938e+02,3.1936e+02,3.1935e+02,3.1933e+02,3.1932e+02,3.1931e+02,3.1930e+02,3.1929e+02,3.1928e+02,3.1927e+02,3.1926e+02,3.1925e+02,3.1924e+02,3.1923e+02,3.1923e+02,3.1922e+02,3.1922e+02,3.1921e+02,3.1921e+02,3.1921e+02,3.1921e+02,3.1920e+02,3.1920e+02,3.2073e+02,3.2073e+02,3.2073e+02,3.2072e+02,3.2072e+02,3.2072e+02,3.2071e+02,3.2071e+02,3.2070e+02,3.2069e+02,3.2069e+02,3.2068e+02,3.2067e+02,3.2066e+02,3.2065e+02,3.2064e+02,3.2062e+02,3.2061e+02,3.2060e+02,3.2058e+02,3.2057e+02,3.2055e+02,3.2053e+02,3.2051e+02,3.2050e+02,3.2048e+02,3.2046e+02,3.2044e+02,3.2042e+02,3.2040e+02,3.2038e+02,3.2037e+02,3.2035e+02,3.2033e+02,3.2031e+02,3.2029e+02,3.2027e+02,3.2025e+02,3.2023e+02,3.2021e+02,3.2019e+02,3.2017e+02,3.2015e+02,3.2013e+02,3.2011e+02,3.2009e+02,3.2007e+02,3.2004e+02,3.2002e+02,3.2000e+02,3.1997e+02,3.1995e+02,3.1992e+02,3.1990e+02,3.1987e+02,3.1985e+02,3.1982e+02,3.1979e+02,3.1977e+02,3.1974e+02,3.1971e+02,3.1969e+02,3.1966e+02,3.1964e+02,3.1962e+02,3.1959e+02,3.1957e+02,3.1955e+02,3.1953e+02,3.1951e+02,3.1949e+02,3.1947e+02,3.1946e+02,3.1944e+02,3.1942e+02,3.1941e+02,3.1939e+02,3.1938e+02,3.1936e+02,3.1935e+02,3.1934e+02,3.1933e+02,3.1931e+02,3.1930e+02,3.1929e+02,3.1928e+02,3.1927e+02,3.1927e+02,3.1926e+02,3.1925e+02,3.1924e+02,3.1924e+02,3.1923e+02,3.1923e+02,3.1923e+02,3.1922e+02,3.1922e+02,3.1922e+02,3.1922e+02,3.1922e+02,3.2063e+02,3.2063e+02,3.2063e+02,3.2063e+02,3.2063e+02,3.2062e+02,3.2062e+02,3.2061e+02,3.2061e+02,3.2060e+02,3.2059e+02,3.2059e+02,3.2058e+02,3.2057e+02,3.2056e+02,3.2055e+02,3.2053e+02,3.2052e+02,3.2051e+02,3.2050e+02,3.2048e+02,3.2047e+02,3.2045e+02,3.2044e+02,3.2042e+02,3.2040e+02,3.2039e+02,3.2037e+02,3.2035e+02,3.2033e+02,3.2032e+02,3.2030e+02,3.2028e+02,3.2026e+02,3.2024e+02,3.2023e+02,3.2021e+02,3.2019e+02,3.2017e+02,3.2015e+02,3.2014e+02,3.2012e+02,3.2010e+02,3.2008e+02,3.2006e+02,3.2004e+02,3.2002e+02,3.2000e+02,3.1997e+02,3.1995e+02,3.1993e+02,3.1991e+02,3.1988e+02,3.1986e+02,3.1984e+02,3.1981e+02,3.1979e+02,3.1976e+02,3.1974e+02,3.1972e+02,3.1969e+02,3.1967e+02,3.1965e+02,3.1962e+02,3.1960e+02,3.1958e+02,3.1956e+02,3.1954e+02,3.1952e+02,3.1950e+02,3.1948e+02,3.1947e+02,3.1945e+02,3.1944e+02,3.1942e+02,3.1941e+02,3.1939e+02,3.1938e+02,3.1936e+02,3.1935e+02,3.1934e+02,3.1933e+02,3.1932e+02,3.1931e+02,3.1930e+02,3.1929e+02,3.1928e+02,3.1927e+02,3.1927e+02,3.1926e+02,3.1925e+02,3.1925e+02,3.1924e+02,3.1924e+02,3.1924e+02,3.1923e+02,3.1923e+02,3.1923e+02,3.1923e+02,3.1923e+02,3.2055e+02,3.2055e+02,3.2054e+02,3.2054e+02,3.2054e+02,3.2054e+02,3.2053e+02,3.2053e+02,3.2052e+02,3.2052e+02,3.2051e+02,3.2050e+02,3.2049e+02,3.2049e+02,3.2048e+02,3.2047e+02,3.2046e+02,3.2044e+02,3.2043e+02,3.2042e+02,3.2041e+02,3.2039e+02,3.2038e+02,3.2036e+02,3.2035e+02,3.2033e+02,3.2032e+02,3.2030e+02,3.2029e+02,3.2027e+02,3.2025e+02,3.2024e+02,3.2022e+02,3.2020e+02,3.2019e+02,3.2017e+02,3.2015e+02,3.2014e+02,3.2012e+02,3.2010e+02,3.2008e+02,3.2007e+02,3.2005e+02,3.2003e+02,3.2001e+02,3.1999e+02,3.1997e+02,3.1995e+02,3.1993e+02,3.1991e+02,3.1989e+02,3.1987e+02,3.1985e+02,3.1983e+02,3.1980e+02,3.1978e+02,3.1976e+02,3.1974e+02,3.1971e+02,3.1969e+02,3.1967e+02,3.1965e+02,3.1963e+02,3.1961e+02,3.1959e+02,3.1957e+02,3.1955e+02,3.1953e+02,3.1951e+02,3.1950e+02,3.1948e+02,3.1946e+02,3.1945e+02,3.1943e+02,3.1942e+02,3.1940e+02,3.1939e+02,3.1938e+02,3.1937e+02,3.1935e+02,3.1934e+02,3.1933e+02,3.1932e+02,3.1931e+02,3.1930e+02,3.1930e+02,3.1929e+02,3.1928e+02,3.1927e+02,3.1927e+02,3.1926e+02,3.1926e+02,3.1925e+02,3.1925e+02,3.1924e+02,3.1924e+02,3.1924e+02,3.1924e+02,3.1924e+02,3.1924e+02,3.2047e+02,3.2047e+02,3.2047e+02,3.2047e+02,3.2046e+02,3.2046e+02,3.2046e+02,3.2045e+02,3.2045e+02,3.2044e+02,3.2044e+02,3.2043e+02,3.2042e+02,3.2041e+02,3.2040e+02,3.2040e+02,3.2039e+02,3.2037e+02,3.2036e+02,3.2035e+02,3.2034e+02,3.2033e+02,3.2031e+02,3.2030e+02,3.2029e+02,3.2027e+02,3.2026e+02,3.2024e+02,3.2023e+02,3.2021e+02,3.2020e+02,3.2018e+02,3.2017e+02,3.2015e+02,3.2014e+02,3.2012e+02,3.2010e+02,3.2009e+02,3.2007e+02,3.2005e+02,3.2004e+02,3.2002e+02,3.2000e+02,3.1999e+02,3.1997e+02,3.1995e+02,3.1993e+02,3.1991e+02,3.1989e+02,3.1988e+02,3.1986e+02,3.1984e+02,3.1982e+02,3.1980e+02,3.1978e+02,3.1975e+02,3.1973e+02,3.1971e+02,3.1969e+02,3.1967e+02,3.1965e+02,3.1963e+02,3.1961e+02,3.1959e+02,3.1957e+02,3.1956e+02,3.1954e+02,3.1952e+02,3.1950e+02,3.1949e+02,3.1947e+02,3.1946e+02,3.1944e+02,3.1943e+02,3.1942e+02,3.1940e+02,3.1939e+02,3.1938e+02,3.1937e+02,3.1936e+02,3.1934e+02,3.1933e+02,3.1933e+02,3.1932e+02,3.1931e+02,3.1930e+02,3.1929e+02,3.1929e+02,3.1928e+02,3.1927e+02,3.1927e+02,3.1926e+02,3.1926e+02,3.1926e+02,3.1925e+02,3.1925e+02,3.1925e+02,3.1925e+02,3.1924e+02,3.1924e+02,3.2040e+02,3.2040e+02,3.2040e+02,3.2040e+02,3.2040e+02,3.2039e+02,3.2039e+02,3.2039e+02,3.2038e+02,3.2038e+02,3.2037e+02,3.2036e+02,3.2036e+02,3.2035e+02,3.2034e+02,3.2033e+02,3.2032e+02,3.2031e+02,3.2030e+02,3.2029e+02,3.2028e+02,3.2027e+02,3.2026e+02,3.2024e+02,3.2023e+02,3.2022e+02,3.2021e+02,3.2019e+02,3.2018e+02,3.2016e+02,3.2015e+02,3.2013e+02,3.2012e+02,3.2011e+02,3.2009e+02,3.2008e+02,3.2006e+02,3.2004e+02,3.2003e+02,3.2001e+02,3.2000e+02,3.1998e+02,3.1996e+02,3.1995e+02,3.1993e+02,3.1991e+02,3.1990e+02,3.1988e+02,3.1986e+02,3.1984e+02,3.1983e+02,3.1981e+02,3.1979e+02,3.1977e+02,3.1975e+02,3.1973e+02,3.1971e+02,3.1969e+02,3.1967e+02,3.1965e+02,3.1963e+02,3.1962e+02,3.1960e+02,3.1958e+02,3.1956e+02,3.1955e+02,3.1953e+02,3.1951e+02,3.1950e+02,3.1948e+02,3.1947e+02,3.1945e+02,3.1944e+02,3.1943e+02,3.1941e+02,3.1940e+02,3.1939e+02,3.1938e+02,3.1937e+02,3.1936e+02,3.1935e+02,3.1934e+02,3.1933e+02,3.1932e+02,3.1931e+02,3.1930e+02,3.1930e+02,3.1929e+02,3.1928e+02,3.1928e+02,3.1927e+02,3.1927e+02,3.1927e+02,3.1926e+02,3.1926e+02,3.1926e+02,3.1925e+02,3.1925e+02,3.1925e+02,3.1925e+02,3.2034e+02,3.2034e+02,3.2034e+02,3.2034e+02,3.2034e+02,3.2034e+02,3.2033e+02,3.2033e+02,3.2032e+02,3.2032e+02,3.2031e+02,3.2031e+02,3.2030e+02,3.2029e+02,3.2029e+02,3.2028e+02,3.2027e+02,3.2026e+02,3.2025e+02,3.2024e+02,3.2023e+02,3.2022e+02,3.2021e+02,3.2020e+02,3.2018e+02,3.2017e+02,3.2016e+02,3.2015e+02,3.2013e+02,3.2012e+02,3.2011e+02,3.2009e+02,3.2008e+02,3.2006e+02,3.2005e+02,3.2004e+02,3.2002e+02,3.2001e+02,3.1999e+02,3.1998e+02,3.1996e+02,3.1995e+02,3.1993e+02,3.1991e+02,3.1990e+02,3.1988e+02,3.1987e+02,3.1985e+02,3.1983e+02,3.1982e+02,3.1980e+02,3.1978e+02,3.1976e+02,3.1974e+02,3.1973e+02,3.1971e+02,3.1969e+02,3.1967e+02,3.1966e+02,3.1964e+02,3.1962e+02,3.1960e+02,3.1959e+02,3.1957e+02,3.1955e+02,3.1954e+02,3.1952e+02,3.1951e+02,3.1949e+02,3.1948e+02,3.1946e+02,3.1945e+02,3.1944e+02,3.1942e+02,3.1941e+02,3.1940e+02,3.1939e+02,3.1938e+02,3.1937e+02,3.1936e+02,3.1935e+02,3.1934e+02,3.1933e+02,3.1932e+02,3.1931e+02,3.1931e+02,3.1930e+02,3.1929e+02,3.1929e+02,3.1928e+02,3.1928e+02,3.1927e+02,3.1927e+02,3.1927e+02,3.1926e+02,3.1926e+02,3.1926e+02,3.1926e+02,3.1926e+02,3.1926e+02,3.2029e+02,3.2029e+02,3.2029e+02,3.2029e+02,3.2029e+02,3.2029e+02,3.2028e+02,3.2028e+02,3.2027e+02,3.2027e+02,3.2026e+02,3.2026e+02,3.2025e+02,3.2025e+02,3.2024e+02,3.2023e+02,3.2022e+02,3.2021e+02,3.2020e+02,3.2019e+02,3.2018e+02,3.2017e+02,3.2016e+02,3.2015e+02,3.2014e+02,3.2013e+02,3.2012e+02,3.2011e+02,3.2009e+02,3.2008e+02,3.2007e+02,3.2005e+02,3.2004e+02,3.2003e+02,3.2001e+02,3.2000e+02,3.1999e+02,3.1997e+02,3.1996e+02,3.1994e+02,3.1993e+02,3.1992e+02,3.1990e+02,3.1989e+02,3.1987e+02,3.1985e+02,3.1984e+02,3.1982e+02,3.1981e+02,3.1979e+02,3.1977e+02,3.1976e+02,3.1974e+02,3.1972e+02,3.1971e+02,3.1969e+02,3.1967e+02,3.1966e+02,3.1964e+02,3.1962e+02,3.1961e+02,3.1959e+02,3.1957e+02,3.1956e+02,3.1954e+02,3.1953e+02,3.1951e+02,3.1950e+02,3.1948e+02,3.1947e+02,3.1946e+02,3.1944e+02,3.1943e+02,3.1942e+02,3.1941e+02,3.1940e+02,3.1939e+02,3.1938e+02,3.1937e+02,3.1936e+02,3.1935e+02,3.1934e+02,3.1933e+02,3.1932e+02,3.1932e+02,3.1931e+02,3.1930e+02,3.1930e+02,3.1929e+02,3.1929e+02,3.1928e+02,3.1928e+02,3.1928e+02,3.1927e+02,3.1927e+02,3.1927e+02,3.1927e+02,3.1926e+02,3.1926e+02,3.1926e+02,3.2025e+02,3.2025e+02,3.2025e+02,3.2025e+02,3.2024e+02,3.2024e+02,3.2024e+02,3.2024e+02,3.2023e+02,3.2023e+02,3.2022e+02,3.2022e+02,3.2021e+02,3.2020e+02,3.2020e+02,3.2019e+02,3.2018e+02,3.2017e+02,3.2016e+02,3.2016e+02,3.2015e+02,3.2014e+02,3.2013e+02,3.2012e+02,3.2010e+02,3.2009e+02,3.2008e+02,3.2007e+02,3.2006e+02,3.2005e+02,3.2003e+02,3.2002e+02,3.2001e+02,3.2000e+02,3.1998e+02,3.1997e+02,3.1996e+02,3.1994e+02,3.1993e+02,3.1992e+02,3.1990e+02,3.1989e+02,3.1987e+02,3.1986e+02,3.1985e+02,3.1983e+02,3.1982e+02,3.1980e+02,3.1979e+02,3.1977e+02,3.1975e+02,3.1974e+02,3.1972e+02,3.1971e+02,3.1969e+02,3.1967e+02,3.1966e+02,3.1964e+02,3.1963e+02,3.1961e+02,3.1960e+02,3.1958e+02,3.1956e+02,3.1955e+02,3.1954e+02,3.1952e+02,3.1951e+02,3.1949e+02,3.1948e+02,3.1947e+02,3.1945e+02,3.1944e+02,3.1943e+02,3.1942e+02,3.1941e+02,3.1940e+02,3.1939e+02,3.1938e+02,3.1937e+02,3.1936e+02,3.1935e+02,3.1934e+02,3.1933e+02,3.1933e+02,3.1932e+02,3.1931e+02,3.1931e+02,3.1930e+02,3.1930e+02,3.1929e+02,3.1929e+02,3.1928e+02,3.1928e+02,3.1928e+02,3.1927e+02,3.1927e+02,3.1927e+02,3.1927e+02,3.1927e+02,3.1927e+02,3.2021e+02,3.2021e+02,3.2021e+02,3.2021e+02,3.2021e+02,3.2021e+02,3.2020e+02,3.2020e+02,3.2019e+02,3.2019e+02,3.2019e+02,3.2018e+02,3.2017e+02,3.2017e+02,3.2016e+02,3.2015e+02,3.2015e+02,3.2014e+02,3.2013e+02,3.2012e+02,3.2011e+02,3.2010e+02,3.2009e+02,3.2008e+02,3.2007e+02,3.2006e+02,3.2005e+02,3.2004e+02,3.2003e+02,3.2002e+02,3.2001e+02,3.2000e+02,3.1998e+02,3.1997e+02,3.1996e+02,3.1995e+02,3.1993e+02,3.1992e+02,3.1991e+02,3.1989e+02,3.1988e+02,3.1987e+02,3.1985e+02,3.1984e+02,3.1983e+02,3.1981e+02,3.1980e+02,3.1978e+02,3.1977e+02,3.1975e+02,3.1974e+02,3.1972e+02,3.1971e+02,3.1969e+02,3.1968e+02,3.1966e+02,3.1965e+02,3.1963e+02,3.1962e+02,3.1960e+02,3.1959e+02,3.1957e+02,3.1956e+02,3.1954e+02,3.1953e+02,3.1951e+02,3.1950e+02,3.1949e+02,3.1948e+02,3.1946e+02,3.1945e+02,3.1944e+02,3.1943e+02,3.1942e+02,3.1941e+02,3.1940e+02,3.1939e+02,3.1938e+02,3.1937e+02,3.1936e+02,3.1935e+02,3.1934e+02,3.1933e+02,3.1933e+02,3.1932e+02,3.1931e+02,3.1931e+02,3.1930e+02,3.1930e+02,3.1929e+02,3.1929e+02,3.1929e+02,3.1928e+02,3.1928e+02,3.1928e+02,3.1927e+02,3.1927e+02,3.1927e+02,3.1927e+02,3.1927e+02,3.2018e+02,3.2018e+02,3.2018e+02,3.2018e+02,3.2018e+02,3.2017e+02,3.2017e+02,3.2017e+02,3.2017e+02,3.2016e+02,3.2016e+02,3.2015e+02,3.2015e+02,3.2014e+02,3.2013e+02,3.2013e+02,3.2012e+02,3.2011e+02,3.2010e+02,3.2010e+02,3.2009e+02,3.2008e+02,3.2007e+02,3.2006e+02,3.2005e+02,3.2004e+02,3.2003e+02,3.2002e+02,3.2001e+02,3.2000e+02,3.1998e+02,3.1997e+02,3.1996e+02,3.1995e+02,3.1994e+02,3.1993e+02,3.1991e+02,3.1990e+02,3.1989e+02,3.1987e+02,3.1986e+02,3.1985e+02,3.1984e+02,3.1982e+02,3.1981e+02,3.1979e+02,3.1978e+02,3.1977e+02,3.1975e+02,3.1974e+02,3.1972e+02,3.1971e+02,3.1969e+02,3.1968e+02,3.1967e+02,3.1965e+02,3.1964e+02,3.1962e+02,3.1961e+02,3.1959e+02,3.1958e+02,3.1956e+02,3.1955e+02,3.1954e+02,3.1952e+02,3.1951e+02,3.1950e+02,3.1948e+02,3.1947e+02,3.1946e+02,3.1945e+02,3.1944e+02,3.1943e+02,3.1941e+02,3.1940e+02,3.1939e+02,3.1938e+02,3.1938e+02,3.1937e+02,3.1936e+02,3.1935e+02,3.1934e+02,3.1934e+02,3.1933e+02,3.1932e+02,3.1932e+02,3.1931e+02,3.1931e+02,3.1930e+02,3.1930e+02,3.1929e+02,3.1929e+02,3.1929e+02,3.1928e+02,3.1928e+02,3.1928e+02,3.1928e+02,3.1928e+02,3.1927e+02,3.1927e+02,3.2016e+02,3.2016e+02,3.2016e+02,3.2016e+02,3.2015e+02,3.2015e+02,3.2015e+02,3.2015e+02,3.2014e+02,3.2014e+02,3.2013e+02,3.2013e+02,3.2012e+02,3.2012e+02,3.2011e+02,3.2010e+02,3.2010e+02,3.2009e+02,3.2008e+02,3.2007e+02,3.2007e+02,3.2006e+02,3.2005e+02,3.2004e+02,3.2003e+02,3.2002e+02,3.2001e+02,3.2000e+02,3.1999e+02,3.1998e+02,3.1997e+02,3.1996e+02,3.1994e+02,3.1993e+02,3.1992e+02,3.1991e+02,3.1990e+02,3.1988e+02,3.1987e+02,3.1986e+02,3.1985e+02,3.1983e+02,3.1982e+02,3.1981e+02,3.1979e+02,3.1978e+02,3.1977e+02,3.1975e+02,3.1974e+02,3.1973e+02,3.1971e+02,3.1970e+02,3.1968e+02,3.1967e+02,3.1966e+02,3.1964e+02,3.1963e+02,3.1961e+02,3.1960e+02,3.1959e+02,3.1957e+02,3.1956e+02,3.1954e+02,3.1953e+02,3.1952e+02,3.1951e+02,3.1949e+02,3.1948e+02,3.1947e+02,3.1946e+02,3.1945e+02,3.1943e+02,3.1942e+02,3.1941e+02,3.1940e+02,3.1939e+02,3.1938e+02,3.1938e+02,3.1937e+02,3.1936e+02,3.1935e+02,3.1934e+02,3.1934e+02,3.1933e+02,3.1932e+02,3.1932e+02,3.1931e+02,3.1931e+02,3.1930e+02,3.1930e+02,3.1929e+02,3.1929e+02,3.1929e+02,3.1928e+02,3.1928e+02,3.1928e+02,3.1928e+02,3.1928e+02,3.1928e+02,3.1928e+02,3.2014e+02,3.2014e+02,3.2014e+02,3.2014e+02,3.2014e+02,3.2013e+02,3.2013e+02,3.2013e+02,3.2012e+02,3.2012e+02,3.2012e+02,3.2011e+02,3.2011e+02,3.2010e+02,3.2009e+02,3.2009e+02,3.2008e+02,3.2007e+02,3.2007e+02,3.2006e+02,3.2005e+02,3.2004e+02,3.2003e+02,3.2002e+02,3.2001e+02,3.2000e+02,3.1999e+02,3.1998e+02,3.1997e+02,3.1996e+02,3.1995e+02,3.1994e+02,3.1993e+02,3.1992e+02,3.1991e+02,3.1990e+02,3.1988e+02,3.1987e+02,3.1986e+02,3.1985e+02,3.1984e+02,3.1982e+02,3.1981e+02,3.1980e+02,3.1978e+02,3.1977e+02,3.1976e+02,3.1975e+02,3.1973e+02,3.1972e+02,3.1970e+02,3.1969e+02,3.1968e+02,3.1966e+02,3.1965e+02,3.1964e+02,3.1962e+02,3.1961e+02,3.1959e+02,3.1958e+02,3.1957e+02,3.1955e+02,3.1954e+02,3.1953e+02,3.1951e+02,3.1950e+02,3.1949e+02,3.1948e+02,3.1947e+02,3.1945e+02,3.1944e+02,3.1943e+02,3.1942e+02,3.1941e+02,3.1940e+02,3.1939e+02,3.1938e+02,3.1938e+02,3.1937e+02,3.1936e+02,3.1935e+02,3.1934e+02,3.1934e+02,3.1933e+02,3.1932e+02,3.1932e+02,3.1931e+02,3.1931e+02,3.1930e+02,3.1930e+02,3.1930e+02,3.1929e+02,3.1929e+02,3.1929e+02,3.1928e+02,3.1928e+02,3.1928e+02,3.1928e+02,3.1928e+02,3.1928e+02,3.2013e+02,3.2013e+02,3.2013e+02,3.2013e+02,3.2012e+02,3.2012e+02,3.2012e+02,3.2012e+02,3.2011e+02,3.2011e+02,3.2010e+02,3.2010e+02,3.2009e+02,3.2009e+02,3.2008e+02,3.2008e+02,3.2007e+02,3.2006e+02,3.2006e+02,3.2005e+02,3.2004e+02,3.2003e+02,3.2002e+02,3.2001e+02,3.2000e+02,3.1999e+02,3.1999e+02,3.1998e+02,3.1997e+02,3.1995e+02,3.1994e+02,3.1993e+02,3.1992e+02,3.1991e+02,3.1990e+02,3.1989e+02,3.1988e+02,3.1987e+02,3.1985e+02,3.1984e+02,3.1983e+02,3.1982e+02,3.1980e+02,3.1979e+02,3.1978e+02,3.1977e+02,3.1975e+02,3.1974e+02,3.1973e+02,3.1971e+02,3.1970e+02,3.1969e+02,3.1967e+02,3.1966e+02,3.1964e+02,3.1963e+02,3.1962e+02,3.1960e+02,3.1959e+02,3.1958e+02,3.1956e+02,3.1955e+02,3.1954e+02,3.1952e+02,3.1951e+02,3.1950e+02,3.1949e+02,3.1948e+02,3.1946e+02,3.1945e+02,3.1944e+02,3.1943e+02,3.1942e+02,3.1941e+02,3.1940e+02,3.1939e+02,3.1938e+02,3.1938e+02,3.1937e+02,3.1936e+02,3.1935e+02,3.1934e+02,3.1934e+02,3.1933e+02,3.1932e+02,3.1932e+02,3.1931e+02,3.1931e+02,3.1930e+02,3.1930e+02,3.1930e+02,3.1929e+02,3.1929e+02,3.1929e+02,3.1928e+02,3.1928e+02,3.1928e+02,3.1928e+02,3.1928e+02,3.1928e+02,3.2012e+02,3.2012e+02,3.2012e+02,3.2012e+02,3.2012e+02,3.2012e+02,3.2011e+02,3.2011e+02,3.2011e+02,3.2010e+02,3.2010e+02,3.2009e+02,3.2009e+02,3.2008e+02,3.2008e+02,3.2007e+02,3.2006e+02,3.2006e+02,3.2005e+02,3.2004e+02,3.2003e+02,3.2003e+02,3.2002e+02,3.2001e+02,3.2000e+02,3.1999e+02,3.1998e+02,3.1997e+02,3.1996e+02,3.1995e+02,3.1994e+02,3.1993e+02,3.1992e+02,3.1991e+02,3.1990e+02,3.1988e+02,3.1987e+02,3.1986e+02,3.1985e+02,3.1984e+02,3.1983e+02,3.1981e+02,3.1980e+02,3.1979e+02,3.1977e+02,3.1976e+02,3.1975e+02,3.1974e+02,3.1972e+02,3.1971e+02,3.1970e+02,3.1968e+02,3.1967e+02,3.1966e+02,3.1964e+02,3.1963e+02,3.1962e+02,3.1960e+02,3.1959e+02,3.1958e+02,3.1956e+02,3.1955e+02,3.1954e+02,3.1952e+02,3.1951e+02,3.1950e+02,3.1949e+02,3.1948e+02,3.1946e+02,3.1945e+02,3.1944e+02,3.1943e+02,3.1942e+02,3.1941e+02,3.1940e+02,3.1939e+02,3.1938e+02,3.1938e+02,3.1937e+02,3.1936e+02,3.1935e+02,3.1934e+02,3.1934e+02,3.1933e+02,3.1933e+02,3.1932e+02,3.1931e+02,3.1931e+02,3.1930e+02,3.1930e+02,3.1930e+02,3.1929e+02,3.1929e+02,3.1929e+02,3.1929e+02,3.1928e+02,3.1928e+02,3.1928e+02,3.1928e+02,3.1928e+02,3.2133e+02,3.2133e+02,3.2134e+02,3.2134e+02,3.2134e+02,3.2135e+02,3.2136e+02,3.2136e+02,3.2137e+02,3.2138e+02,3.2139e+02,3.2140e+02,3.2141e+02,3.2143e+02,3.2144e+02,3.2145e+02,3.2147e+02,3.2148e+02,3.2150e+02,3.2152e+02,3.2153e+02,3.2155e+02,3.2157e+02,3.2158e+02,3.2160e+02,3.2162e+02,3.2164e+02,3.2165e+02,3.2167e+02,3.2168e+02,3.2170e+02,3.2171e+02,3.2173e+02,3.2174e+02,3.2175e+02,3.2176e+02,3.2177e+02,3.2178e+02,3.2178e+02,3.2179e+02,3.2180e+02,3.2180e+02,3.2180e+02,3.2180e+02,3.2180e+02,3.2180e+02,3.2180e+02,3.2180e+02,3.2179e+02,3.2178e+02,3.2178e+02,3.2177e+02,3.2176e+02,3.2175e+02,3.2174e+02,3.2173e+02,3.2171e+02,3.2170e+02,3.2168e+02,3.2167e+02,3.2165e+02,3.2163e+02,3.2162e+02,3.2160e+02,3.2158e+02,3.2156e+02,3.2154e+02,3.2152e+02,3.2150e+02,3.2148e+02,3.2146e+02,3.2144e+02,3.2142e+02,3.2140e+02,3.2138e+02,3.2136e+02,3.2134e+02,3.2132e+02,3.2130e+02,3.2128e+02,3.2126e+02,3.2124e+02,3.2123e+02,3.2121e+02,3.2119e+02,3.2118e+02,3.2116e+02,3.2115e+02,3.2113e+02,3.2112e+02,3.2111e+02,3.2110e+02,3.2109e+02,3.2108e+02,3.2107e+02,3.2107e+02,3.2106e+02,3.2106e+02,3.2105e+02,3.2105e+02,3.2133e+02,3.2133e+02,3.2134e+02,3.2134e+02,3.2134e+02,3.2135e+02,3.2136e+02,3.2136e+02,3.2137e+02,3.2138e+02,3.2139e+02,3.2140e+02,3.2141e+02,3.2143e+02,3.2144e+02,3.2146e+02,3.2147e+02,3.2149e+02,3.2150e+02,3.2152e+02,3.2154e+02,3.2155e+02,3.2157e+02,3.2159e+02,3.2161e+02,3.2162e+02,3.2164e+02,3.2166e+02,3.2167e+02,3.2169e+02,3.2170e+02,3.2172e+02,3.2173e+02,3.2174e+02,3.2175e+02,3.2177e+02,3.2178e+02,3.2178e+02,3.2179e+02,3.2180e+02,3.2180e+02,3.2181e+02,3.2181e+02,3.2181e+02,3.2181e+02,3.2181e+02,3.2181e+02,3.2180e+02,3.2180e+02,3.2179e+02,3.2178e+02,3.2178e+02,3.2177e+02,3.2176e+02,3.2174e+02,3.2173e+02,3.2172e+02,3.2170e+02,3.2169e+02,3.2167e+02,3.2166e+02,3.2164e+02,3.2162e+02,3.2160e+02,3.2159e+02,3.2157e+02,3.2155e+02,3.2153e+02,3.2151e+02,3.2149e+02,3.2147e+02,3.2145e+02,3.2142e+02,3.2140e+02,3.2138e+02,3.2136e+02,3.2134e+02,3.2132e+02,3.2130e+02,3.2128e+02,3.2126e+02,3.2124e+02,3.2123e+02,3.2121e+02,3.2119e+02,3.2118e+02,3.2116e+02,3.2115e+02,3.2113e+02,3.2112e+02,3.2111e+02,3.2110e+02,3.2109e+02,3.2108e+02,3.2107e+02,3.2106e+02,3.2106e+02,3.2106e+02,3.2105e+02,3.2105e+02,3.2133e+02,3.2134e+02,3.2134e+02,3.2134e+02,3.2135e+02,3.2135e+02,3.2136e+02,3.2137e+02,3.2137e+02,3.2138e+02,3.2139e+02,3.2140e+02,3.2142e+02,3.2143e+02,3.2144e+02,3.2146e+02,3.2147e+02,3.2149e+02,3.2151e+02,3.2152e+02,3.2154e+02,3.2156e+02,3.2158e+02,3.2160e+02,3.2161e+02,3.2163e+02,3.2165e+02,3.2167e+02,3.2168e+02,3.2170e+02,3.2171e+02,3.2173e+02,3.2174e+02,3.2176e+02,3.2177e+02,3.2178e+02,3.2179e+02,3.2180e+02,3.2180e+02,3.2181e+02,3.2182e+02,3.2182e+02,3.2182e+02,3.2182e+02,3.2182e+02,3.2182e+02,3.2182e+02,3.2182e+02,3.2181e+02,3.2180e+02,3.2180e+02,3.2179e+02,3.2178e+02,3.2177e+02,3.2176e+02,3.2174e+02,3.2173e+02,3.2171e+02,3.2170e+02,3.2168e+02,3.2167e+02,3.2165e+02,3.2163e+02,3.2161e+02,3.2159e+02,3.2157e+02,3.2155e+02,3.2153e+02,3.2151e+02,3.2149e+02,3.2147e+02,3.2145e+02,3.2143e+02,3.2141e+02,3.2139e+02,3.2137e+02,3.2135e+02,3.2133e+02,3.2131e+02,3.2129e+02,3.2127e+02,3.2125e+02,3.2123e+02,3.2121e+02,3.2119e+02,3.2118e+02,3.2116e+02,3.2114e+02,3.2113e+02,3.2112e+02,3.2111e+02,3.2109e+02,3.2108e+02,3.2108e+02,3.2107e+02,3.2106e+02,3.2106e+02,3.2105e+02,3.2105e+02,3.2105e+02,3.2134e+02,3.2134e+02,3.2134e+02,3.2134e+02,3.2135e+02,3.2135e+02,3.2136e+02,3.2137e+02,3.2138e+02,3.2139e+02,3.2140e+02,3.2141e+02,3.2142e+02,3.2143e+02,3.2145e+02,3.2146e+02,3.2148e+02,3.2150e+02,3.2151e+02,3.2153e+02,3.2155e+02,3.2157e+02,3.2159e+02,3.2161e+02,3.2162e+02,3.2164e+02,3.2166e+02,3.2168e+02,3.2170e+02,3.2171e+02,3.2173e+02,3.2174e+02,3.2176e+02,3.2177e+02,3.2179e+02,3.2180e+02,3.2181e+02,3.2182e+02,3.2182e+02,3.2183e+02,3.2184e+02,3.2184e+02,3.2184e+02,3.2184e+02,3.2184e+02,3.2184e+02,3.2184e+02,3.2183e+02,3.2183e+02,3.2182e+02,3.2182e+02,3.2181e+02,3.2180e+02,3.2179e+02,3.2177e+02,3.2176e+02,3.2175e+02,3.2173e+02,3.2171e+02,3.2170e+02,3.2168e+02,3.2166e+02,3.2164e+02,3.2163e+02,3.2161e+02,3.2159e+02,3.2157e+02,3.2154e+02,3.2152e+02,3.2150e+02,3.2148e+02,3.2146e+02,3.2144e+02,3.2142e+02,3.2139e+02,3.2137e+02,3.2135e+02,3.2133e+02,3.2131e+02,3.2129e+02,3.2127e+02,3.2125e+02,3.2123e+02,3.2121e+02,3.2119e+02,3.2118e+02,3.2116e+02,3.2114e+02,3.2113e+02,3.2112e+02,3.2110e+02,3.2109e+02,3.2108e+02,3.2107e+02,3.2106e+02,3.2106e+02,3.2105e+02,3.2105e+02,3.2105e+02,3.2104e+02,3.2134e+02,3.2134e+02,3.2134e+02,3.2135e+02,3.2135e+02,3.2136e+02,3.2136e+02,3.2137e+02,3.2138e+02,3.2139e+02,3.2140e+02,3.2141e+02,3.2143e+02,3.2144e+02,3.2146e+02,3.2147e+02,3.2149e+02,3.2151e+02,3.2152e+02,3.2154e+02,3.2156e+02,3.2158e+02,3.2160e+02,3.2162e+02,3.2164e+02,3.2166e+02,3.2168e+02,3.2170e+02,3.2172e+02,3.2173e+02,3.2175e+02,3.2177e+02,3.2178e+02,3.2180e+02,3.2181e+02,3.2182e+02,3.2183e+02,3.2184e+02,3.2185e+02,3.2186e+02,3.2186e+02,3.2187e+02,3.2187e+02,3.2187e+02,3.2187e+02,3.2187e+02,3.2187e+02,3.2186e+02,3.2186e+02,3.2185e+02,3.2184e+02,3.2183e+02,3.2182e+02,3.2181e+02,3.2180e+02,3.2178e+02,3.2177e+02,3.2175e+02,3.2174e+02,3.2172e+02,3.2170e+02,3.2168e+02,3.2166e+02,3.2164e+02,3.2162e+02,3.2160e+02,3.2158e+02,3.2156e+02,3.2154e+02,3.2152e+02,3.2149e+02,3.2147e+02,3.2145e+02,3.2143e+02,3.2140e+02,3.2138e+02,3.2136e+02,3.2134e+02,3.2131e+02,3.2129e+02,3.2127e+02,3.2125e+02,3.2123e+02,3.2121e+02,3.2119e+02,3.2117e+02,3.2116e+02,3.2114e+02,3.2113e+02,3.2111e+02,3.2110e+02,3.2109e+02,3.2108e+02,3.2107e+02,3.2106e+02,3.2105e+02,3.2105e+02,3.2104e+02,3.2104e+02,3.2104e+02,3.2134e+02,3.2134e+02,3.2134e+02,3.2135e+02,3.2135e+02,3.2136e+02,3.2137e+02,3.2137e+02,3.2138e+02,3.2139e+02,3.2141e+02,3.2142e+02,3.2143e+02,3.2145e+02,3.2146e+02,3.2148e+02,3.2150e+02,3.2152e+02,3.2154e+02,3.2156e+02,3.2158e+02,3.2160e+02,3.2162e+02,3.2164e+02,3.2166e+02,3.2168e+02,3.2170e+02,3.2172e+02,3.2174e+02,3.2176e+02,3.2178e+02,3.2180e+02,3.2181e+02,3.2183e+02,3.2184e+02,3.2185e+02,3.2186e+02,3.2187e+02,3.2188e+02,3.2189e+02,3.2190e+02,3.2190e+02,3.2190e+02,3.2190e+02,3.2190e+02,3.2190e+02,3.2190e+02,3.2190e+02,3.2189e+02,3.2188e+02,3.2187e+02,3.2186e+02,3.2185e+02,3.2184e+02,3.2183e+02,3.2181e+02,3.2180e+02,3.2178e+02,3.2176e+02,3.2174e+02,3.2173e+02,3.2171e+02,3.2169e+02,3.2167e+02,3.2164e+02,3.2162e+02,3.2160e+02,3.2158e+02,3.2155e+02,3.2153e+02,3.2151e+02,3.2148e+02,3.2146e+02,3.2144e+02,3.2141e+02,3.2139e+02,3.2137e+02,3.2134e+02,3.2132e+02,3.2130e+02,3.2128e+02,3.2125e+02,3.2123e+02,3.2121e+02,3.2119e+02,3.2117e+02,3.2116e+02,3.2114e+02,3.2112e+02,3.2111e+02,3.2109e+02,3.2108e+02,3.2107e+02,3.2106e+02,3.2105e+02,3.2104e+02,3.2104e+02,3.2103e+02,3.2103e+02,3.2103e+02,3.2134e+02,3.2134e+02,3.2135e+02,3.2135e+02,3.2136e+02,3.2136e+02,3.2137e+02,3.2138e+02,3.2139e+02,3.2140e+02,3.2141e+02,3.2143e+02,3.2144e+02,3.2146e+02,3.2147e+02,3.2149e+02,3.2151e+02,3.2153e+02,3.2155e+02,3.2157e+02,3.2159e+02,3.2162e+02,3.2164e+02,3.2166e+02,3.2168e+02,3.2171e+02,3.2173e+02,3.2175e+02,3.2177e+02,3.2179e+02,3.2181e+02,3.2183e+02,3.2185e+02,3.2186e+02,3.2188e+02,3.2189e+02,3.2190e+02,3.2192e+02,3.2192e+02,3.2193e+02,3.2194e+02,3.2194e+02,3.2195e+02,3.2195e+02,3.2195e+02,3.2195e+02,3.2194e+02,3.2194e+02,3.2193e+02,3.2192e+02,3.2191e+02,3.2190e+02,3.2189e+02,3.2188e+02,3.2186e+02,3.2185e+02,3.2183e+02,3.2181e+02,3.2180e+02,3.2178e+02,3.2176e+02,3.2174e+02,3.2171e+02,3.2169e+02,3.2167e+02,3.2165e+02,3.2162e+02,3.2160e+02,3.2158e+02,3.2155e+02,3.2153e+02,3.2150e+02,3.2148e+02,3.2145e+02,3.2143e+02,3.2140e+02,3.2138e+02,3.2135e+02,3.2133e+02,3.2131e+02,3.2128e+02,3.2126e+02,3.2124e+02,3.2121e+02,3.2119e+02,3.2117e+02,3.2115e+02,3.2114e+02,3.2112e+02,3.2110e+02,3.2109e+02,3.2107e+02,3.2106e+02,3.2105e+02,3.2104e+02,3.2103e+02,3.2103e+02,3.2102e+02,3.2102e+02,3.2102e+02,3.2135e+02,3.2135e+02,3.2135e+02,3.2135e+02,3.2136e+02,3.2137e+02,3.2137e+02,3.2138e+02,3.2139e+02,3.2141e+02,3.2142e+02,3.2143e+02,3.2145e+02,3.2147e+02,3.2149e+02,3.2150e+02,3.2153e+02,3.2155e+02,3.2157e+02,3.2159e+02,3.2162e+02,3.2164e+02,3.2166e+02,3.2169e+02,3.2171e+02,3.2174e+02,3.2176e+02,3.2179e+02,3.2181e+02,3.2183e+02,3.2185e+02,3.2187e+02,3.2189e+02,3.2191e+02,3.2192e+02,3.2194e+02,3.2195e+02,3.2196e+02,3.2197e+02,3.2198e+02,3.2199e+02,3.2199e+02,3.2200e+02,3.2200e+02,3.2200e+02,3.2200e+02,3.2199e+02,3.2199e+02,3.2198e+02,3.2197e+02,3.2196e+02,3.2195e+02,3.2194e+02,3.2192e+02,3.2191e+02,3.2189e+02,3.2187e+02,3.2185e+02,3.2183e+02,3.2181e+02,3.2179e+02,3.2177e+02,3.2175e+02,3.2172e+02,3.2170e+02,3.2168e+02,3.2165e+02,3.2163e+02,3.2160e+02,3.2157e+02,3.2155e+02,3.2152e+02,3.2150e+02,3.2147e+02,3.2144e+02,3.2142e+02,3.2139e+02,3.2136e+02,3.2134e+02,3.2131e+02,3.2129e+02,3.2126e+02,3.2124e+02,3.2122e+02,3.2119e+02,3.2117e+02,3.2115e+02,3.2113e+02,3.2111e+02,3.2110e+02,3.2108e+02,3.2107e+02,3.2105e+02,3.2104e+02,3.2103e+02,3.2102e+02,3.2102e+02,3.2101e+02,3.2101e+02,3.2101e+02,3.2135e+02,3.2135e+02,3.2135e+02,3.2136e+02,3.2136e+02,3.2137e+02,3.2138e+02,3.2139e+02,3.2140e+02,3.2141e+02,3.2143e+02,3.2144e+02,3.2146e+02,3.2148e+02,3.2150e+02,3.2152e+02,3.2154e+02,3.2156e+02,3.2159e+02,3.2161e+02,3.2164e+02,3.2167e+02,3.2169e+02,3.2172e+02,3.2175e+02,3.2177e+02,3.2180e+02,3.2183e+02,3.2185e+02,3.2188e+02,3.2190e+02,3.2192e+02,3.2194e+02,3.2196e+02,3.2198e+02,3.2199e+02,3.2201e+02,3.2202e+02,3.2203e+02,3.2204e+02,3.2205e+02,3.2205e+02,3.2205e+02,3.2206e+02,3.2206e+02,3.2205e+02,3.2205e+02,3.2204e+02,3.2204e+02,3.2203e+02,3.2202e+02,3.2200e+02,3.2199e+02,3.2198e+02,3.2196e+02,3.2194e+02,3.2192e+02,3.2190e+02,3.2188e+02,3.2186e+02,3.2183e+02,3.2181e+02,3.2179e+02,3.2176e+02,3.2174e+02,3.2171e+02,3.2168e+02,3.2166e+02,3.2163e+02,3.2160e+02,3.2157e+02,3.2155e+02,3.2152e+02,3.2149e+02,3.2146e+02,3.2143e+02,3.2141e+02,3.2138e+02,3.2135e+02,3.2132e+02,3.2130e+02,3.2127e+02,3.2124e+02,3.2122e+02,3.2119e+02,3.2117e+02,3.2115e+02,3.2113e+02,3.2111e+02,3.2109e+02,3.2107e+02,3.2106e+02,3.2104e+02,3.2103e+02,3.2102e+02,3.2101e+02,3.2100e+02,3.2100e+02,3.2099e+02,3.2099e+02,3.2135e+02,3.2135e+02,3.2136e+02,3.2136e+02,3.2137e+02,3.2138e+02,3.2138e+02,3.2140e+02,3.2141e+02,3.2142e+02,3.2144e+02,3.2145e+02,3.2147e+02,3.2149e+02,3.2151e+02,3.2153e+02,3.2156e+02,3.2158e+02,3.2161e+02,3.2164e+02,3.2167e+02,3.2170e+02,3.2172e+02,3.2175e+02,3.2178e+02,3.2181e+02,3.2184e+02,3.2187e+02,3.2190e+02,3.2193e+02,3.2195e+02,3.2198e+02,3.2200e+02,3.2202e+02,3.2204e+02,3.2206e+02,3.2207e+02,3.2208e+02,3.2210e+02,3.2211e+02,3.2211e+02,3.2212e+02,3.2212e+02,3.2212e+02,3.2212e+02,3.2212e+02,3.2212e+02,3.2211e+02,3.2210e+02,3.2209e+02,3.2208e+02,3.2207e+02,3.2205e+02,3.2204e+02,3.2202e+02,3.2200e+02,3.2198e+02,3.2196e+02,3.2193e+02,3.2191e+02,3.2188e+02,3.2186e+02,3.2183e+02,3.2180e+02,3.2178e+02,3.2175e+02,3.2172e+02,3.2169e+02,3.2166e+02,3.2163e+02,3.2160e+02,3.2158e+02,3.2155e+02,3.2151e+02,3.2148e+02,3.2145e+02,3.2142e+02,3.2139e+02,3.2136e+02,3.2133e+02,3.2130e+02,3.2127e+02,3.2125e+02,3.2122e+02,3.2119e+02,3.2117e+02,3.2114e+02,3.2112e+02,3.2110e+02,3.2108e+02,3.2106e+02,3.2104e+02,3.2103e+02,3.2101e+02,3.2100e+02,3.2099e+02,3.2099e+02,3.2098e+02,3.2098e+02,3.2097e+02,3.2136e+02,3.2136e+02,3.2136e+02,3.2137e+02,3.2137e+02,3.2138e+02,3.2139e+02,3.2140e+02,3.2141e+02,3.2143e+02,3.2145e+02,3.2146e+02,3.2148e+02,3.2150e+02,3.2153e+02,3.2155e+02,3.2158e+02,3.2161e+02,3.2164e+02,3.2167e+02,3.2170e+02,3.2173e+02,3.2176e+02,3.2179e+02,3.2183e+02,3.2186e+02,3.2189e+02,3.2193e+02,3.2196e+02,3.2199e+02,3.2201e+02,3.2204e+02,3.2207e+02,3.2209e+02,3.2211e+02,3.2213e+02,3.2214e+02,3.2216e+02,3.2217e+02,3.2218e+02,3.2219e+02,3.2220e+02,3.2220e+02,3.2220e+02,3.2220e+02,3.2220e+02,3.2219e+02,3.2219e+02,3.2218e+02,3.2217e+02,3.2215e+02,3.2214e+02,3.2212e+02,3.2210e+02,3.2208e+02,3.2206e+02,3.2204e+02,3.2202e+02,3.2199e+02,3.2197e+02,3.2194e+02,3.2191e+02,3.2188e+02,3.2185e+02,3.2182e+02,3.2179e+02,3.2176e+02,3.2173e+02,3.2170e+02,3.2167e+02,3.2164e+02,3.2161e+02,3.2157e+02,3.2154e+02,3.2151e+02,3.2148e+02,3.2144e+02,3.2141e+02,3.2138e+02,3.2135e+02,3.2131e+02,3.2128e+02,3.2125e+02,3.2122e+02,3.2119e+02,3.2116e+02,3.2114e+02,3.2111e+02,3.2109e+02,3.2107e+02,3.2105e+02,3.2103e+02,3.2101e+02,3.2100e+02,3.2099e+02,3.2098e+02,3.2097e+02,3.2096e+02,3.2096e+02,3.2095e+02,3.2136e+02,3.2136e+02,3.2136e+02,3.2137e+02,3.2138e+02,3.2139e+02,3.2140e+02,3.2141e+02,3.2142e+02,3.2144e+02,3.2145e+02,3.2147e+02,3.2150e+02,3.2152e+02,3.2154e+02,3.2157e+02,3.2160e+02,3.2163e+02,3.2166e+02,3.2170e+02,3.2173e+02,3.2177e+02,3.2180e+02,3.2184e+02,3.2188e+02,3.2191e+02,3.2195e+02,3.2199e+02,3.2202e+02,3.2205e+02,3.2208e+02,3.2211e+02,3.2214e+02,3.2217e+02,3.2219e+02,3.2221e+02,3.2223e+02,3.2224e+02,3.2226e+02,3.2227e+02,3.2228e+02,3.2228e+02,3.2229e+02,3.2229e+02,3.2229e+02,3.2229e+02,3.2228e+02,3.2227e+02,3.2226e+02,3.2225e+02,3.2224e+02,3.2222e+02,3.2220e+02,3.2218e+02,3.2216e+02,3.2214e+02,3.2211e+02,3.2209e+02,3.2206e+02,3.2203e+02,3.2200e+02,3.2197e+02,3.2194e+02,3.2191e+02,3.2188e+02,3.2185e+02,3.2181e+02,3.2178e+02,3.2175e+02,3.2171e+02,3.2168e+02,3.2164e+02,3.2161e+02,3.2157e+02,3.2154e+02,3.2150e+02,3.2147e+02,3.2143e+02,3.2140e+02,3.2136e+02,3.2132e+02,3.2129e+02,3.2126e+02,3.2122e+02,3.2119e+02,3.2116e+02,3.2113e+02,3.2110e+02,3.2108e+02,3.2105e+02,3.2103e+02,3.2101e+02,3.2099e+02,3.2098e+02,3.2096e+02,3.2095e+02,3.2094e+02,3.2094e+02,3.2093e+02,3.2093e+02,3.2136e+02,3.2136e+02,3.2137e+02,3.2137e+02,3.2138e+02,3.2139e+02,3.2140e+02,3.2141e+02,3.2143e+02,3.2145e+02,3.2146e+02,3.2149e+02,3.2151e+02,3.2153e+02,3.2156e+02,3.2159e+02,3.2162e+02,3.2166e+02,3.2169e+02,3.2173e+02,3.2177e+02,3.2181e+02,3.2185e+02,3.2189e+02,3.2193e+02,3.2197e+02,3.2201e+02,3.2205e+02,3.2209e+02,3.2213e+02,3.2216e+02,3.2220e+02,3.2223e+02,3.2225e+02,3.2228e+02,3.2230e+02,3.2232e+02,3.2234e+02,3.2235e+02,3.2237e+02,3.2238e+02,3.2238e+02,3.2239e+02,3.2239e+02,3.2239e+02,3.2238e+02,3.2238e+02,3.2237e+02,3.2236e+02,3.2235e+02,3.2233e+02,3.2231e+02,3.2229e+02,3.2227e+02,3.2225e+02,3.2222e+02,3.2219e+02,3.2216e+02,3.2213e+02,3.2210e+02,3.2207e+02,3.2204e+02,3.2201e+02,3.2197e+02,3.2194e+02,3.2190e+02,3.2187e+02,3.2183e+02,3.2180e+02,3.2176e+02,3.2172e+02,3.2169e+02,3.2165e+02,3.2161e+02,3.2157e+02,3.2153e+02,3.2149e+02,3.2146e+02,3.2142e+02,3.2138e+02,3.2134e+02,3.2130e+02,3.2126e+02,3.2122e+02,3.2119e+02,3.2116e+02,3.2112e+02,3.2109e+02,3.2106e+02,3.2104e+02,3.2101e+02,3.2099e+02,3.2097e+02,3.2095e+02,3.2094e+02,3.2093e+02,3.2092e+02,3.2091e+02,3.2091e+02,3.2090e+02,3.2137e+02,3.2137e+02,3.2137e+02,3.2138e+02,3.2138e+02,3.2139e+02,3.2141e+02,3.2142e+02,3.2144e+02,3.2145e+02,3.2147e+02,3.2150e+02,3.2152e+02,3.2155e+02,3.2158e+02,3.2161e+02,3.2165e+02,3.2168e+02,3.2172e+02,3.2176e+02,3.2181e+02,3.2185e+02,3.2190e+02,3.2194e+02,3.2199e+02,3.2204e+02,3.2208e+02,3.2213e+02,3.2217e+02,3.2221e+02,3.2225e+02,3.2229e+02,3.2232e+02,3.2235e+02,3.2238e+02,3.2241e+02,3.2243e+02,3.2245e+02,3.2246e+02,3.2248e+02,3.2249e+02,3.2249e+02,3.2250e+02,3.2250e+02,3.2250e+02,3.2250e+02,3.2249e+02,3.2248e+02,3.2247e+02,3.2245e+02,3.2244e+02,3.2242e+02,3.2239e+02,3.2237e+02,3.2234e+02,3.2231e+02,3.2228e+02,3.2225e+02,3.2222e+02,3.2219e+02,3.2215e+02,3.2212e+02,3.2208e+02,3.2204e+02,3.2200e+02,3.2197e+02,3.2193e+02,3.2189e+02,3.2185e+02,3.2181e+02,3.2177e+02,3.2173e+02,3.2169e+02,3.2165e+02,3.2161e+02,3.2157e+02,3.2153e+02,3.2148e+02,3.2144e+02,3.2140e+02,3.2135e+02,3.2131e+02,3.2127e+02,3.2123e+02,3.2119e+02,3.2115e+02,3.2111e+02,3.2108e+02,3.2105e+02,3.2102e+02,3.2099e+02,3.2097e+02,3.2095e+02,3.2093e+02,3.2091e+02,3.2090e+02,3.2089e+02,3.2088e+02,3.2087e+02,3.2087e+02,3.2137e+02,3.2137e+02,3.2137e+02,3.2138e+02,3.2139e+02,3.2140e+02,3.2141e+02,3.2143e+02,3.2144e+02,3.2146e+02,3.2148e+02,3.2151e+02,3.2154e+02,3.2156e+02,3.2160e+02,3.2163e+02,3.2167e+02,3.2171e+02,3.2175e+02,3.2180e+02,3.2185e+02,3.2190e+02,3.2195e+02,3.2200e+02,3.2206e+02,3.2211e+02,3.2216e+02,3.2221e+02,3.2226e+02,3.2231e+02,3.2235e+02,3.2239e+02,3.2243e+02,3.2246e+02,3.2250e+02,3.2252e+02,3.2255e+02,3.2257e+02,3.2258e+02,3.2260e+02,3.2261e+02,3.2262e+02,3.2262e+02,3.2262e+02,3.2262e+02,3.2262e+02,3.2261e+02,3.2260e+02,3.2259e+02,3.2257e+02,3.2255e+02,3.2253e+02,3.2251e+02,3.2248e+02,3.2245e+02,3.2242e+02,3.2239e+02,3.2235e+02,3.2231e+02,3.2228e+02,3.2224e+02,3.2220e+02,3.2216e+02,3.2212e+02,3.2208e+02,3.2204e+02,3.2200e+02,3.2196e+02,3.2192e+02,3.2187e+02,3.2183e+02,3.2179e+02,3.2174e+02,3.2170e+02,3.2166e+02,3.2161e+02,3.2156e+02,3.2151e+02,3.2147e+02,3.2142e+02,3.2137e+02,3.2132e+02,3.2127e+02,3.2123e+02,3.2118e+02,3.2114e+02,3.2110e+02,3.2106e+02,3.2103e+02,3.2100e+02,3.2097e+02,3.2094e+02,3.2092e+02,3.2090e+02,3.2088e+02,3.2086e+02,3.2085e+02,3.2084e+02,3.2084e+02,3.2083e+02,3.2137e+02,3.2137e+02,3.2138e+02,3.2138e+02,3.2139e+02,3.2140e+02,3.2142e+02,3.2143e+02,3.2145e+02,3.2147e+02,3.2149e+02,3.2152e+02,3.2155e+02,3.2158e+02,3.2162e+02,3.2165e+02,3.2170e+02,3.2174e+02,3.2179e+02,3.2184e+02,3.2189e+02,3.2195e+02,3.2201e+02,3.2207e+02,3.2213e+02,3.2219e+02,3.2225e+02,3.2231e+02,3.2236e+02,3.2242e+02,3.2246e+02,3.2251e+02,3.2255e+02,3.2259e+02,3.2262e+02,3.2265e+02,3.2268e+02,3.2270e+02,3.2272e+02,3.2273e+02,3.2275e+02,3.2276e+02,3.2276e+02,3.2276e+02,3.2276e+02,3.2276e+02,3.2275e+02,3.2274e+02,3.2272e+02,3.2270e+02,3.2268e+02,3.2266e+02,3.2263e+02,3.2260e+02,3.2257e+02,3.2254e+02,3.2250e+02,3.2246e+02,3.2242e+02,3.2238e+02,3.2234e+02,3.2230e+02,3.2225e+02,3.2221e+02,3.2217e+02,3.2212e+02,3.2208e+02,3.2203e+02,3.2199e+02,3.2194e+02,3.2190e+02,3.2185e+02,3.2180e+02,3.2176e+02,3.2171e+02,3.2166e+02,3.2161e+02,3.2155e+02,3.2150e+02,3.2145e+02,3.2139e+02,3.2134e+02,3.2128e+02,3.2123e+02,3.2118e+02,3.2113e+02,3.2109e+02,3.2104e+02,3.2101e+02,3.2097e+02,3.2094e+02,3.2091e+02,3.2088e+02,3.2086e+02,3.2084e+02,3.2082e+02,3.2081e+02,3.2080e+02,3.2080e+02,3.2079e+02,3.2137e+02,3.2137e+02,3.2138e+02,3.2138e+02,3.2139e+02,3.2141e+02,3.2142e+02,3.2144e+02,3.2145e+02,3.2148e+02,3.2150e+02,3.2153e+02,3.2156e+02,3.2160e+02,3.2163e+02,3.2167e+02,3.2172e+02,3.2177e+02,3.2182e+02,3.2188e+02,3.2194e+02,3.2200e+02,3.2207e+02,3.2214e+02,3.2221e+02,3.2228e+02,3.2235e+02,3.2241e+02,3.2248e+02,3.2253e+02,3.2259e+02,3.2264e+02,3.2269e+02,3.2273e+02,3.2276e+02,3.2280e+02,3.2282e+02,3.2285e+02,3.2287e+02,3.2289e+02,3.2290e+02,3.2291e+02,3.2291e+02,3.2291e+02,3.2291e+02,3.2291e+02,3.2290e+02,3.2289e+02,3.2287e+02,3.2285e+02,3.2283e+02,3.2280e+02,3.2277e+02,3.2274e+02,3.2270e+02,3.2267e+02,3.2263e+02,3.2258e+02,3.2254e+02,3.2249e+02,3.2245e+02,3.2240e+02,3.2236e+02,3.2231e+02,3.2226e+02,3.2222e+02,3.2217e+02,3.2212e+02,3.2207e+02,3.2202e+02,3.2197e+02,3.2192e+02,3.2187e+02,3.2182e+02,3.2177e+02,3.2171e+02,3.2166e+02,3.2160e+02,3.2154e+02,3.2148e+02,3.2142e+02,3.2135e+02,3.2129e+02,3.2123e+02,3.2117e+02,3.2112e+02,3.2107e+02,3.2102e+02,3.2098e+02,3.2094e+02,3.2090e+02,3.2087e+02,3.2084e+02,3.2082e+02,3.2080e+02,3.2078e+02,3.2076e+02,3.2075e+02,3.2075e+02,3.2074e+02,3.2137e+02,3.2137e+02,3.2138e+02,3.2139e+02,3.2140e+02,3.2141e+02,3.2142e+02,3.2144e+02,3.2146e+02,3.2148e+02,3.2151e+02,3.2154e+02,3.2157e+02,3.2161e+02,3.2165e+02,3.2169e+02,3.2174e+02,3.2180e+02,3.2186e+02,3.2192e+02,3.2199e+02,3.2206e+02,3.2214e+02,3.2222e+02,3.2230e+02,3.2238e+02,3.2246e+02,3.2253e+02,3.2260e+02,3.2267e+02,3.2273e+02,3.2278e+02,3.2283e+02,3.2288e+02,3.2292e+02,3.2296e+02,3.2299e+02,3.2301e+02,3.2303e+02,3.2305e+02,3.2306e+02,3.2307e+02,3.2308e+02,3.2308e+02,3.2308e+02,3.2307e+02,3.2306e+02,3.2305e+02,3.2303e+02,3.2301e+02,3.2299e+02,3.2296e+02,3.2293e+02,3.2289e+02,3.2285e+02,3.2281e+02,3.2277e+02,3.2272e+02,3.2267e+02,3.2262e+02,3.2257e+02,3.2252e+02,3.2247e+02,3.2242e+02,3.2237e+02,3.2232e+02,3.2227e+02,3.2222e+02,3.2217e+02,3.2212e+02,3.2206e+02,3.2201e+02,3.2196e+02,3.2190e+02,3.2184e+02,3.2178e+02,3.2172e+02,3.2165e+02,3.2159e+02,3.2152e+02,3.2145e+02,3.2138e+02,3.2130e+02,3.2123e+02,3.2117e+02,3.2111e+02,3.2105e+02,3.2099e+02,3.2095e+02,3.2090e+02,3.2086e+02,3.2083e+02,3.2080e+02,3.2077e+02,3.2075e+02,3.2073e+02,3.2071e+02,3.2070e+02,3.2069e+02,3.2069e+02,3.2137e+02,3.2137e+02,3.2138e+02,3.2139e+02,3.2140e+02,3.2141e+02,3.2142e+02,3.2144e+02,3.2146e+02,3.2149e+02,3.2152e+02,3.2155e+02,3.2158e+02,3.2162e+02,3.2167e+02,3.2171e+02,3.2177e+02,3.2183e+02,3.2189e+02,3.2196e+02,3.2204e+02,3.2212e+02,3.2221e+02,3.2230e+02,3.2239e+02,3.2248e+02,3.2257e+02,3.2266e+02,3.2274e+02,3.2281e+02,3.2288e+02,3.2294e+02,3.2300e+02,3.2305e+02,3.2309e+02,3.2313e+02,3.2316e+02,3.2319e+02,3.2321e+02,3.2323e+02,3.2325e+02,3.2326e+02,3.2326e+02,3.2326e+02,3.2326e+02,3.2325e+02,3.2324e+02,3.2323e+02,3.2321e+02,3.2319e+02,3.2316e+02,3.2313e+02,3.2309e+02,3.2306e+02,3.2301e+02,3.2297e+02,3.2292e+02,3.2287e+02,3.2282e+02,3.2277e+02,3.2271e+02,3.2266e+02,3.2260e+02,3.2255e+02,3.2250e+02,3.2244e+02,3.2239e+02,3.2233e+02,3.2228e+02,3.2222e+02,3.2217e+02,3.2211e+02,3.2205e+02,3.2199e+02,3.2193e+02,3.2186e+02,3.2179e+02,3.2172e+02,3.2165e+02,3.2157e+02,3.2149e+02,3.2140e+02,3.2132e+02,3.2124e+02,3.2116e+02,3.2109e+02,3.2102e+02,3.2096e+02,3.2091e+02,3.2086e+02,3.2081e+02,3.2078e+02,3.2074e+02,3.2071e+02,3.2069e+02,3.2067e+02,3.2065e+02,3.2064e+02,3.2063e+02,3.2063e+02,3.2137e+02,3.2137e+02,3.2138e+02,3.2139e+02,3.2140e+02,3.2141e+02,3.2143e+02,3.2144e+02,3.2147e+02,3.2149e+02,3.2152e+02,3.2155e+02,3.2159e+02,3.2163e+02,3.2168e+02,3.2173e+02,3.2179e+02,3.2185e+02,3.2192e+02,3.2200e+02,3.2208e+02,3.2218e+02,3.2228e+02,3.2238e+02,3.2249e+02,3.2260e+02,3.2271e+02,3.2281e+02,3.2290e+02,3.2298e+02,3.2305e+02,3.2312e+02,3.2318e+02,3.2323e+02,3.2328e+02,3.2332e+02,3.2336e+02,3.2338e+02,3.2341e+02,3.2343e+02,3.2344e+02,3.2345e+02,3.2346e+02,3.2346e+02,3.2346e+02,3.2345e+02,3.2344e+02,3.2342e+02,3.2340e+02,3.2338e+02,3.2335e+02,3.2332e+02,3.2328e+02,3.2324e+02,3.2319e+02,3.2314e+02,3.2309e+02,3.2304e+02,3.2299e+02,3.2293e+02,3.2287e+02,3.2281e+02,3.2276e+02,3.2270e+02,3.2264e+02,3.2258e+02,3.2253e+02,3.2247e+02,3.2241e+02,3.2235e+02,3.2229e+02,3.2223e+02,3.2217e+02,3.2210e+02,3.2203e+02,3.2196e+02,3.2189e+02,3.2181e+02,3.2172e+02,3.2163e+02,3.2154e+02,3.2144e+02,3.2133e+02,3.2124e+02,3.2114e+02,3.2106e+02,3.2099e+02,3.2092e+02,3.2086e+02,3.2081e+02,3.2076e+02,3.2072e+02,3.2068e+02,3.2065e+02,3.2062e+02,3.2060e+02,3.2058e+02,3.2057e+02,3.2056e+02,3.2055e+02,3.2137e+02,3.2137e+02,3.2138e+02,3.2139e+02,3.2140e+02,3.2141e+02,3.2143e+02,3.2144e+02,3.2147e+02,3.2149e+02,3.2152e+02,3.2156e+02,3.2160e+02,3.2164e+02,3.2169e+02,3.2175e+02,3.2181e+02,3.2187e+02,3.2195e+02,3.2203e+02,3.2213e+02,3.2223e+02,3.2234e+02,3.2247e+02,3.2260e+02,3.2273e+02,3.2285e+02,3.2297e+02,3.2307e+02,3.2316e+02,3.2324e+02,3.2331e+02,3.2338e+02,3.2343e+02,3.2348e+02,3.2353e+02,3.2356e+02,3.2359e+02,3.2362e+02,3.2364e+02,3.2366e+02,3.2367e+02,3.2367e+02,3.2367e+02,3.2367e+02,3.2366e+02,3.2365e+02,3.2363e+02,3.2361e+02,3.2359e+02,3.2356e+02,3.2352e+02,3.2348e+02,3.2344e+02,3.2339e+02,3.2334e+02,3.2328e+02,3.2323e+02,3.2317e+02,3.2311e+02,3.2305e+02,3.2299e+02,3.2293e+02,3.2287e+02,3.2281e+02,3.2275e+02,3.2269e+02,3.2263e+02,3.2257e+02,3.2250e+02,3.2244e+02,3.2238e+02,3.2231e+02,3.2224e+02,3.2217e+02,3.2209e+02,3.2201e+02,3.2192e+02,3.2182e+02,3.2172e+02,3.2161e+02,3.2149e+02,3.2135e+02,3.2123e+02,3.2112e+02,3.2103e+02,3.2095e+02,3.2087e+02,3.2080e+02,3.2074e+02,3.2069e+02,3.2065e+02,3.2061e+02,3.2057e+02,3.2054e+02,3.2052e+02,3.2050e+02,3.2049e+02,3.2048e+02,3.2047e+02,3.2137e+02,3.2138e+02,3.2138e+02,3.2139e+02,3.2140e+02,3.2141e+02,3.2143e+02,3.2145e+02,3.2147e+02,3.2150e+02,3.2153e+02,3.2157e+02,3.2161e+02,3.2165e+02,3.2170e+02,3.2176e+02,3.2183e+02,3.2190e+02,3.2198e+02,3.2207e+02,3.2217e+02,3.2228e+02,3.2241e+02,3.2255e+02,3.2271e+02,3.2286e+02,3.2300e+02,3.2313e+02,3.2324e+02,3.2334e+02,3.2342e+02,3.2350e+02,3.2357e+02,3.2363e+02,3.2368e+02,3.2373e+02,3.2377e+02,3.2380e+02,3.2383e+02,3.2385e+02,3.2386e+02,3.2387e+02,3.2388e+02,3.2388e+02,3.2388e+02,3.2387e+02,3.2386e+02,3.2384e+02,3.2382e+02,3.2379e+02,3.2376e+02,3.2372e+02,3.2368e+02,3.2363e+02,3.2358e+02,3.2352e+02,3.2347e+02,3.2342e+02,3.2336e+02,3.2330e+02,3.2324e+02,3.2317e+02,3.2311e+02,3.2304e+02,3.2298e+02,3.2292e+02,3.2285e+02,3.2279e+02,3.2273e+02,3.2266e+02,3.2259e+02,3.2253e+02,3.2246e+02,3.2238e+02,3.2230e+02,3.2222e+02,3.2213e+02,3.2203e+02,3.2193e+02,3.2182e+02,3.2169e+02,3.2154e+02,3.2137e+02,3.2123e+02,3.2110e+02,3.2100e+02,3.2090e+02,3.2082e+02,3.2075e+02,3.2068e+02,3.2062e+02,3.2057e+02,3.2053e+02,3.2049e+02,3.2046e+02,3.2044e+02,3.2042e+02,3.2040e+02,3.2039e+02,3.2039e+02,3.2139e+02,3.2139e+02,3.2140e+02,3.2141e+02,3.2142e+02,3.2143e+02,3.2145e+02,3.2147e+02,3.2149e+02,3.2152e+02,3.2155e+02,3.2159e+02,3.2163e+02,3.2168e+02,3.2173e+02,3.2179e+02,3.2186e+02,3.2193e+02,3.2202e+02,3.2211e+02,3.2222e+02,3.2234e+02,3.2248e+02,3.2263e+02,3.2280e+02,3.2297e+02,3.2313e+02,3.2326e+02,3.2338e+02,3.2349e+02,3.2358e+02,3.2366e+02,3.2373e+02,3.2379e+02,3.2385e+02,3.2390e+02,3.2394e+02,3.2397e+02,3.2400e+02,3.2402e+02,3.2403e+02,3.2404e+02,3.2405e+02,3.2405e+02,3.2405e+02,3.2404e+02,3.2403e+02,3.2401e+02,3.2399e+02,3.2396e+02,3.2392e+02,3.2388e+02,3.2384e+02,3.2379e+02,3.2374e+02,3.2368e+02,3.2363e+02,3.2357e+02,3.2351e+02,3.2345e+02,3.2339e+02,3.2332e+02,3.2325e+02,3.2318e+02,3.2312e+02,3.2305e+02,3.2299e+02,3.2292e+02,3.2285e+02,3.2279e+02,3.2272e+02,3.2265e+02,3.2257e+02,3.2249e+02,3.2241e+02,3.2232e+02,3.2223e+02,3.2212e+02,3.2201e+02,3.2188e+02,3.2174e+02,3.2157e+02,3.2138e+02,3.2122e+02,3.2109e+02,3.2097e+02,3.2086e+02,3.2077e+02,3.2070e+02,3.2063e+02,3.2056e+02,3.2051e+02,3.2047e+02,3.2043e+02,3.2039e+02,3.2037e+02,3.2034e+02,3.2033e+02,3.2032e+02,3.2031e+02,3.2142e+02,3.2142e+02,3.2143e+02,3.2144e+02,3.2145e+02,3.2146e+02,3.2148e+02,3.2150e+02,3.2152e+02,3.2155e+02,3.2158e+02,3.2162e+02,3.2166e+02,3.2171e+02,3.2176e+02,3.2183e+02,3.2189e+02,3.2197e+02,3.2206e+02,3.2216e+02,3.2227e+02,3.2240e+02,3.2254e+02,3.2270e+02,3.2288e+02,3.2307e+02,3.2323e+02,3.2337e+02,3.2349e+02,3.2361e+02,3.2370e+02,3.2379e+02,3.2386e+02,3.2393e+02,3.2398e+02,3.2403e+02,3.2407e+02,3.2410e+02,3.2413e+02,3.2415e+02,3.2417e+02,3.2418e+02,3.2419e+02,3.2419e+02,3.2418e+02,3.2417e+02,3.2416e+02,3.2414e+02,3.2412e+02,3.2409e+02,3.2406e+02,3.2402e+02,3.2397e+02,3.2392e+02,3.2387e+02,3.2381e+02,3.2375e+02,3.2370e+02,3.2364e+02,3.2357e+02,3.2350e+02,3.2344e+02,3.2337e+02,3.2330e+02,3.2323e+02,3.2316e+02,3.2310e+02,3.2303e+02,3.2296e+02,3.2289e+02,3.2282e+02,3.2274e+02,3.2266e+02,3.2258e+02,3.2249e+02,3.2240e+02,3.2230e+02,3.2219e+02,3.2207e+02,3.2193e+02,3.2178e+02,3.2160e+02,3.2139e+02,3.2122e+02,3.2107e+02,3.2094e+02,3.2083e+02,3.2074e+02,3.2065e+02,3.2058e+02,3.2051e+02,3.2046e+02,3.2041e+02,3.2037e+02,3.2033e+02,3.2030e+02,3.2028e+02,3.2026e+02,3.2025e+02,3.2025e+02,3.2147e+02,3.2147e+02,3.2148e+02,3.2148e+02,3.2150e+02,3.2151e+02,3.2153e+02,3.2155e+02,3.2157e+02,3.2160e+02,3.2163e+02,3.2167e+02,3.2171e+02,3.2176e+02,3.2181e+02,3.2187e+02,3.2194e+02,3.2202e+02,3.2211e+02,3.2221e+02,3.2233e+02,3.2246e+02,3.2260e+02,3.2277e+02,3.2296e+02,3.2314e+02,3.2331e+02,3.2346e+02,3.2358e+02,3.2370e+02,3.2380e+02,3.2388e+02,3.2396e+02,3.2402e+02,3.2408e+02,3.2413e+02,3.2417e+02,3.2420e+02,3.2423e+02,3.2425e+02,3.2427e+02,3.2428e+02,3.2428e+02,3.2428e+02,3.2428e+02,3.2427e+02,3.2426e+02,3.2424e+02,3.2422e+02,3.2419e+02,3.2415e+02,3.2411e+02,3.2407e+02,3.2402e+02,3.2396e+02,3.2391e+02,3.2385e+02,3.2379e+02,3.2373e+02,3.2367e+02,3.2360e+02,3.2353e+02,3.2346e+02,3.2339e+02,3.2332e+02,3.2325e+02,3.2318e+02,3.2311e+02,3.2304e+02,3.2297e+02,3.2290e+02,3.2282e+02,3.2274e+02,3.2265e+02,3.2256e+02,3.2246e+02,3.2236e+02,3.2224e+02,3.2211e+02,3.2197e+02,3.2180e+02,3.2162e+02,3.2140e+02,3.2122e+02,3.2106e+02,3.2092e+02,3.2081e+02,3.2070e+02,3.2061e+02,3.2054e+02,3.2047e+02,3.2041e+02,3.2036e+02,3.2031e+02,3.2028e+02,3.2024e+02,3.2022e+02,3.2020e+02,3.2019e+02,3.2019e+02,3.2153e+02,3.2153e+02,3.2154e+02,3.2155e+02,3.2156e+02,3.2157e+02,3.2159e+02,3.2161e+02,3.2163e+02,3.2166e+02,3.2169e+02,3.2173e+02,3.2177e+02,3.2182e+02,3.2187e+02,3.2193e+02,3.2200e+02,3.2208e+02,3.2217e+02,3.2227e+02,3.2238e+02,3.2251e+02,3.2266e+02,3.2283e+02,3.2302e+02,3.2321e+02,3.2337e+02,3.2352e+02,3.2365e+02,3.2376e+02,3.2386e+02,3.2395e+02,3.2402e+02,3.2409e+02,3.2414e+02,3.2419e+02,3.2423e+02,3.2426e+02,3.2429e+02,3.2431e+02,3.2433e+02,3.2434e+02,3.2434e+02,3.2435e+02,3.2434e+02,3.2433e+02,3.2432e+02,3.2430e+02,3.2428e+02,3.2425e+02,3.2421e+02,3.2418e+02,3.2413e+02,3.2408e+02,3.2403e+02,3.2397e+02,3.2391e+02,3.2386e+02,3.2380e+02,3.2374e+02,3.2367e+02,3.2360e+02,3.2353e+02,3.2346e+02,3.2339e+02,3.2332e+02,3.2325e+02,3.2318e+02,3.2311e+02,3.2304e+02,3.2296e+02,3.2288e+02,3.2280e+02,3.2271e+02,3.2261e+02,3.2251e+02,3.2240e+02,3.2228e+02,3.2214e+02,3.2199e+02,3.2182e+02,3.2163e+02,3.2140e+02,3.2121e+02,3.2105e+02,3.2091e+02,3.2078e+02,3.2068e+02,3.2058e+02,3.2050e+02,3.2043e+02,3.2036e+02,3.2031e+02,3.2026e+02,3.2023e+02,3.2019e+02,3.2017e+02,3.2015e+02,3.2014e+02,3.2013e+02,3.2161e+02,3.2161e+02,3.2162e+02,3.2162e+02,3.2163e+02,3.2165e+02,3.2166e+02,3.2168e+02,3.2171e+02,3.2173e+02,3.2176e+02,3.2180e+02,3.2184e+02,3.2189e+02,3.2194e+02,3.2200e+02,3.2207e+02,3.2214e+02,3.2223e+02,3.2233e+02,3.2244e+02,3.2257e+02,3.2272e+02,3.2288e+02,3.2307e+02,3.2325e+02,3.2342e+02,3.2356e+02,3.2369e+02,3.2380e+02,3.2389e+02,3.2398e+02,3.2405e+02,3.2412e+02,3.2417e+02,3.2422e+02,3.2426e+02,3.2429e+02,3.2431e+02,3.2434e+02,3.2435e+02,3.2436e+02,3.2437e+02,3.2437e+02,3.2436e+02,3.2436e+02,3.2434e+02,3.2432e+02,3.2430e+02,3.2427e+02,3.2424e+02,3.2420e+02,3.2416e+02,3.2411e+02,3.2406e+02,3.2401e+02,3.2395e+02,3.2390e+02,3.2384e+02,3.2378e+02,3.2372e+02,3.2365e+02,3.2358e+02,3.2351e+02,3.2344e+02,3.2337e+02,3.2330e+02,3.2323e+02,3.2316e+02,3.2309e+02,3.2301e+02,3.2293e+02,3.2284e+02,3.2275e+02,3.2265e+02,3.2255e+02,3.2243e+02,3.2231e+02,3.2217e+02,3.2201e+02,3.2183e+02,3.2163e+02,3.2140e+02,3.2121e+02,3.2104e+02,3.2089e+02,3.2076e+02,3.2065e+02,3.2055e+02,3.2047e+02,3.2039e+02,3.2032e+02,3.2027e+02,3.2022e+02,3.2018e+02,3.2015e+02,3.2012e+02,3.2010e+02,3.2009e+02,3.2008e+02,3.2171e+02,3.2171e+02,3.2171e+02,3.2172e+02,3.2173e+02,3.2174e+02,3.2176e+02,3.2178e+02,3.2180e+02,3.2183e+02,3.2186e+02,3.2189e+02,3.2193e+02,3.2197e+02,3.2202e+02,3.2208e+02,3.2215e+02,3.2222e+02,3.2230e+02,3.2240e+02,3.2251e+02,3.2263e+02,3.2277e+02,3.2293e+02,3.2311e+02,3.2328e+02,3.2344e+02,3.2358e+02,3.2370e+02,3.2381e+02,3.2390e+02,3.2398e+02,3.2405e+02,3.2411e+02,3.2416e+02,3.2421e+02,3.2425e+02,3.2428e+02,3.2430e+02,3.2432e+02,3.2434e+02,3.2435e+02,3.2435e+02,3.2435e+02,3.2435e+02,3.2434e+02,3.2433e+02,3.2431e+02,3.2429e+02,3.2426e+02,3.2423e+02,3.2420e+02,3.2416e+02,3.2411e+02,3.2406e+02,3.2401e+02,3.2396e+02,3.2391e+02,3.2386e+02,3.2381e+02,3.2374e+02,3.2368e+02,3.2361e+02,3.2355e+02,3.2348e+02,3.2341e+02,3.2334e+02,3.2327e+02,3.2320e+02,3.2313e+02,3.2305e+02,3.2296e+02,3.2288e+02,3.2278e+02,3.2268e+02,3.2258e+02,3.2246e+02,3.2233e+02,3.2218e+02,3.2202e+02,3.2184e+02,3.2164e+02,3.2140e+02,3.2120e+02,3.2103e+02,3.2087e+02,3.2074e+02,3.2063e+02,3.2052e+02,3.2043e+02,3.2036e+02,3.2029e+02,3.2023e+02,3.2018e+02,3.2014e+02,3.2011e+02,3.2008e+02,3.2006e+02,3.2005e+02,3.2004e+02,3.2182e+02,3.2182e+02,3.2183e+02,3.2184e+02,3.2185e+02,3.2186e+02,3.2187e+02,3.2189e+02,3.2191e+02,3.2194e+02,3.2197e+02,3.2200e+02,3.2204e+02,3.2208e+02,3.2213e+02,3.2218e+02,3.2224e+02,3.2231e+02,3.2239e+02,3.2248e+02,3.2258e+02,3.2269e+02,3.2282e+02,3.2297e+02,3.2313e+02,3.2330e+02,3.2345e+02,3.2358e+02,3.2369e+02,3.2379e+02,3.2388e+02,3.2395e+02,3.2402e+02,3.2407e+02,3.2412e+02,3.2416e+02,3.2420e+02,3.2423e+02,3.2425e+02,3.2427e+02,3.2429e+02,3.2429e+02,3.2430e+02,3.2430e+02,3.2430e+02,3.2429e+02,3.2428e+02,3.2426e+02,3.2424e+02,3.2422e+02,3.2419e+02,3.2416e+02,3.2412e+02,3.2408e+02,3.2404e+02,3.2399e+02,3.2395e+02,3.2391e+02,3.2386e+02,3.2381e+02,3.2375e+02,3.2369e+02,3.2363e+02,3.2357e+02,3.2350e+02,3.2344e+02,3.2337e+02,3.2330e+02,3.2323e+02,3.2315e+02,3.2308e+02,3.2299e+02,3.2290e+02,3.2281e+02,3.2271e+02,3.2259e+02,3.2247e+02,3.2234e+02,3.2219e+02,3.2203e+02,3.2184e+02,3.2163e+02,3.2140e+02,3.2119e+02,3.2101e+02,3.2086e+02,3.2072e+02,3.2060e+02,3.2050e+02,3.2041e+02,3.2033e+02,3.2026e+02,3.2020e+02,3.2015e+02,3.2010e+02,3.2007e+02,3.2004e+02,3.2002e+02,3.2001e+02,3.2000e+02,3.2196e+02,3.2196e+02,3.2197e+02,3.2198e+02,3.2198e+02,3.2200e+02,3.2201e+02,3.2203e+02,3.2205e+02,3.2207e+02,3.2210e+02,3.2213e+02,3.2216e+02,3.2220e+02,3.2225e+02,3.2230e+02,3.2235e+02,3.2242e+02,3.2249e+02,3.2257e+02,3.2266e+02,3.2276e+02,3.2287e+02,3.2301e+02,3.2316e+02,3.2331e+02,3.2344e+02,3.2355e+02,3.2366e+02,3.2374e+02,3.2382e+02,3.2389e+02,3.2395e+02,3.2400e+02,3.2405e+02,3.2408e+02,3.2412e+02,3.2414e+02,3.2417e+02,3.2418e+02,3.2420e+02,3.2420e+02,3.2421e+02,3.2421e+02,3.2421e+02,3.2420e+02,3.2419e+02,3.2417e+02,3.2416e+02,3.2413e+02,3.2411e+02,3.2408e+02,3.2405e+02,3.2401e+02,3.2398e+02,3.2394e+02,3.2391e+02,3.2387e+02,3.2384e+02,3.2379e+02,3.2374e+02,3.2369e+02,3.2364e+02,3.2358e+02,3.2352e+02,3.2345e+02,3.2339e+02,3.2332e+02,3.2325e+02,3.2317e+02,3.2309e+02,3.2301e+02,3.2292e+02,3.2282e+02,3.2272e+02,3.2261e+02,3.2248e+02,3.2235e+02,3.2220e+02,3.2203e+02,3.2184e+02,3.2163e+02,3.2139e+02,3.2118e+02,3.2100e+02,3.2084e+02,3.2070e+02,3.2058e+02,3.2047e+02,3.2038e+02,3.2030e+02,3.2023e+02,3.2017e+02,3.2011e+02,3.2007e+02,3.2003e+02,3.2000e+02,3.1998e+02,3.1997e+02,3.1996e+02,3.2213e+02,3.2213e+02,3.2213e+02,3.2214e+02,3.2215e+02,3.2216e+02,3.2217e+02,3.2219e+02,3.2221e+02,3.2223e+02,3.2225e+02,3.2228e+02,3.2231e+02,3.2235e+02,3.2239e+02,3.2243e+02,3.2248e+02,3.2254e+02,3.2260e+02,3.2267e+02,3.2275e+02,3.2284e+02,3.2294e+02,3.2305e+02,3.2317e+02,3.2330e+02,3.2341e+02,3.2351e+02,3.2359e+02,3.2367e+02,3.2374e+02,3.2380e+02,3.2385e+02,3.2389e+02,3.2393e+02,3.2397e+02,3.2400e+02,3.2402e+02,3.2404e+02,3.2406e+02,3.2407e+02,3.2408e+02,3.2408e+02,3.2408e+02,3.2408e+02,3.2407e+02,3.2406e+02,3.2405e+02,3.2403e+02,3.2402e+02,3.2399e+02,3.2397e+02,3.2394e+02,3.2392e+02,3.2389e+02,3.2386e+02,3.2384e+02,3.2382e+02,3.2379e+02,3.2376e+02,3.2372e+02,3.2368e+02,3.2363e+02,3.2357e+02,3.2352e+02,3.2346e+02,3.2339e+02,3.2333e+02,3.2326e+02,3.2318e+02,3.2310e+02,3.2302e+02,3.2293e+02,3.2283e+02,3.2273e+02,3.2261e+02,3.2249e+02,3.2235e+02,3.2220e+02,3.2203e+02,3.2184e+02,3.2162e+02,3.2138e+02,3.2117e+02,3.2099e+02,3.2082e+02,3.2068e+02,3.2056e+02,3.2045e+02,3.2036e+02,3.2027e+02,3.2020e+02,3.2014e+02,3.2008e+02,3.2004e+02,3.2000e+02,3.1997e+02,3.1995e+02,3.1993e+02,3.1993e+02,3.2233e+02,3.2233e+02,3.2233e+02,3.2234e+02,3.2235e+02,3.2236e+02,3.2237e+02,3.2238e+02,3.2240e+02,3.2242e+02,3.2244e+02,3.2247e+02,3.2249e+02,3.2253e+02,3.2256e+02,3.2260e+02,3.2265e+02,3.2269e+02,3.2275e+02,3.2281e+02,3.2287e+02,3.2294e+02,3.2301e+02,3.2309e+02,3.2319e+02,3.2328e+02,3.2336e+02,3.2344e+02,3.2350e+02,3.2356e+02,3.2362e+02,3.2367e+02,3.2371e+02,3.2375e+02,3.2379e+02,3.2382e+02,3.2384e+02,3.2387e+02,3.2388e+02,3.2390e+02,3.2391e+02,3.2391e+02,3.2392e+02,3.2392e+02,3.2391e+02,3.2391e+02,3.2390e+02,3.2389e+02,3.2388e+02,3.2386e+02,3.2384e+02,3.2382e+02,3.2380e+02,3.2378e+02,3.2377e+02,3.2375e+02,3.2374e+02,3.2374e+02,3.2373e+02,3.2371e+02,3.2369e+02,3.2365e+02,3.2361e+02,3.2356e+02,3.2351e+02,3.2345e+02,3.2339e+02,3.2333e+02,3.2326e+02,3.2319e+02,3.2311e+02,3.2302e+02,3.2293e+02,3.2284e+02,3.2273e+02,3.2262e+02,3.2249e+02,3.2235e+02,3.2220e+02,3.2203e+02,3.2183e+02,3.2162e+02,3.2137e+02,3.2116e+02,3.2097e+02,3.2081e+02,3.2066e+02,3.2054e+02,3.2043e+02,3.2033e+02,3.2025e+02,3.2017e+02,3.2011e+02,3.2005e+02,3.2001e+02,3.1997e+02,3.1994e+02,3.1992e+02,3.1990e+02,3.1990e+02,3.2256e+02,3.2256e+02,3.2257e+02,3.2257e+02,3.2258e+02,3.2259e+02,3.2260e+02,3.2261e+02,3.2263e+02,3.2264e+02,3.2266e+02,3.2269e+02,3.2271e+02,3.2274e+02,3.2277e+02,3.2280e+02,3.2284e+02,3.2288e+02,3.2292e+02,3.2297e+02,3.2302e+02,3.2307e+02,3.2312e+02,3.2316e+02,3.2320e+02,3.2324e+02,3.2329e+02,3.2333e+02,3.2338e+02,3.2343e+02,3.2347e+02,3.2351e+02,3.2355e+02,3.2358e+02,3.2361e+02,3.2363e+02,3.2365e+02,3.2367e+02,3.2369e+02,3.2370e+02,3.2371e+02,3.2371e+02,3.2372e+02,3.2372e+02,3.2371e+02,3.2371e+02,3.2370e+02,3.2369e+02,3.2368e+02,3.2367e+02,3.2366e+02,3.2364e+02,3.2363e+02,3.2362e+02,3.2361e+02,3.2361e+02,3.2361e+02,3.2364e+02,3.2366e+02,3.2366e+02,3.2364e+02,3.2362e+02,3.2358e+02,3.2354e+02,3.2349e+02,3.2344e+02,3.2338e+02,3.2332e+02,3.2326e+02,3.2318e+02,3.2311e+02,3.2302e+02,3.2293e+02,3.2283e+02,3.2273e+02,3.2261e+02,3.2248e+02,3.2234e+02,3.2219e+02,3.2202e+02,3.2182e+02,3.2160e+02,3.2136e+02,3.2114e+02,3.2095e+02,3.2079e+02,3.2065e+02,3.2052e+02,3.2041e+02,3.2031e+02,3.2022e+02,3.2015e+02,3.2008e+02,3.2003e+02,3.1998e+02,3.1994e+02,3.1991e+02,3.1989e+02,3.1987e+02,3.1987e+02,3.2278e+02,3.2278e+02,3.2278e+02,3.2279e+02,3.2279e+02,3.2280e+02,3.2281e+02,3.2282e+02,3.2284e+02,3.2285e+02,3.2287e+02,3.2289e+02,3.2291e+02,3.2293e+02,3.2296e+02,3.2299e+02,3.2302e+02,3.2305e+02,3.2308e+02,3.2311e+02,3.2315e+02,3.2318e+02,3.2320e+02,3.2322e+02,3.2321e+02,3.2321e+02,3.2322e+02,3.2325e+02,3.2328e+02,3.2331e+02,3.2334e+02,3.2337e+02,3.2339e+02,3.2342e+02,3.2344e+02,3.2346e+02,3.2348e+02,3.2349e+02,3.2351e+02,3.2352e+02,3.2352e+02,3.2353e+02,3.2353e+02,3.2353e+02,3.2353e+02,3.2352e+02,3.2352e+02,3.2351e+02,3.2350e+02,3.2349e+02,3.2348e+02,3.2347e+02,3.2346e+02,3.2346e+02,3.2346e+02,3.2347e+02,3.2350e+02,3.2354e+02,3.2358e+02,3.2359e+02,3.2359e+02,3.2357e+02,3.2355e+02,3.2351e+02,3.2347e+02,3.2342e+02,3.2337e+02,3.2331e+02,3.2325e+02,3.2317e+02,3.2310e+02,3.2302e+02,3.2292e+02,3.2283e+02,3.2272e+02,3.2260e+02,3.2248e+02,3.2233e+02,3.2218e+02,3.2201e+02,3.2181e+02,3.2159e+02,3.2134e+02,3.2113e+02,3.2094e+02,3.2077e+02,3.2063e+02,3.2050e+02,3.2038e+02,3.2028e+02,3.2020e+02,3.2012e+02,3.2006e+02,3.2000e+02,3.1995e+02,3.1991e+02,3.1988e+02,3.1986e+02,3.1984e+02,3.1984e+02,3.2296e+02,3.2296e+02,3.2297e+02,3.2297e+02,3.2298e+02,3.2298e+02,3.2299e+02,3.2300e+02,3.2301e+02,3.2303e+02,3.2304e+02,3.2306e+02,3.2308e+02,3.2309e+02,3.2312e+02,3.2314e+02,3.2316e+02,3.2318e+02,3.2321e+02,3.2323e+02,3.2325e+02,3.2326e+02,3.2326e+02,3.2325e+02,3.2322e+02,3.2319e+02,3.2318e+02,3.2318e+02,3.2319e+02,3.2321e+02,3.2323e+02,3.2325e+02,3.2326e+02,3.2328e+02,3.2330e+02,3.2332e+02,3.2333e+02,3.2334e+02,3.2335e+02,3.2336e+02,3.2336e+02,3.2337e+02,3.2337e+02,3.2337e+02,3.2336e+02,3.2336e+02,3.2336e+02,3.2335e+02,3.2334e+02,3.2334e+02,3.2333e+02,3.2333e+02,3.2332e+02,3.2333e+02,3.2334e+02,3.2336e+02,3.2340e+02,3.2345e+02,3.2350e+02,3.2353e+02,3.2354e+02,3.2353e+02,3.2351e+02,3.2348e+02,3.2345e+02,3.2340e+02,3.2335e+02,3.2329e+02,3.2323e+02,3.2316e+02,3.2309e+02,3.2300e+02,3.2291e+02,3.2282e+02,3.2271e+02,3.2259e+02,3.2246e+02,3.2232e+02,3.2217e+02,3.2199e+02,3.2180e+02,3.2157e+02,3.2133e+02,3.2111e+02,3.2092e+02,3.2075e+02,3.2061e+02,3.2048e+02,3.2036e+02,3.2026e+02,3.2017e+02,3.2010e+02,3.2003e+02,3.1997e+02,3.1993e+02,3.1989e+02,3.1986e+02,3.1983e+02,3.1982e+02,3.1981e+02,3.2312e+02,3.2312e+02,3.2313e+02,3.2313e+02,3.2313e+02,3.2314e+02,3.2315e+02,3.2316e+02,3.2317e+02,3.2318e+02,3.2319e+02,3.2320e+02,3.2322e+02,3.2323e+02,3.2325e+02,3.2327e+02,3.2328e+02,3.2330e+02,3.2331e+02,3.2332e+02,3.2333e+02,3.2333e+02,3.2331e+02,3.2328e+02,3.2323e+02,3.2318e+02,3.2315e+02,3.2313e+02,3.2313e+02,3.2313e+02,3.2314e+02,3.2315e+02,3.2316e+02,3.2317e+02,3.2319e+02,3.2320e+02,3.2321e+02,3.2322e+02,3.2322e+02,3.2323e+02,3.2323e+02,3.2323e+02,3.2323e+02,3.2323e+02,3.2323e+02,3.2323e+02,3.2322e+02,3.2322e+02,3.2321e+02,3.2321e+02,3.2320e+02,3.2320e+02,3.2321e+02,3.2321e+02,3.2323e+02,3.2326e+02,3.2331e+02,3.2338e+02,3.2344e+02,3.2347e+02,3.2349e+02,3.2349e+02,3.2348e+02,3.2345e+02,3.2342e+02,3.2338e+02,3.2333e+02,3.2327e+02,3.2321e+02,3.2314e+02,3.2307e+02,3.2299e+02,3.2290e+02,3.2280e+02,3.2269e+02,3.2258e+02,3.2245e+02,3.2231e+02,3.2215e+02,3.2197e+02,3.2178e+02,3.2156e+02,3.2131e+02,3.2109e+02,3.2090e+02,3.2073e+02,3.2058e+02,3.2045e+02,3.2034e+02,3.2024e+02,3.2015e+02,3.2007e+02,3.2001e+02,3.1995e+02,3.1990e+02,3.1986e+02,3.1983e+02,3.1981e+02,3.1979e+02,3.1978e+02,3.2326e+02,3.2326e+02,3.2327e+02,3.2327e+02,3.2327e+02,3.2328e+02,3.2328e+02,3.2329e+02,3.2330e+02,3.2331e+02,3.2332e+02,3.2333e+02,3.2334e+02,3.2335e+02,3.2336e+02,3.2338e+02,3.2339e+02,3.2340e+02,3.2340e+02,3.2340e+02,3.2340e+02,3.2338e+02,3.2336e+02,3.2331e+02,3.2325e+02,3.2318e+02,3.2313e+02,3.2310e+02,3.2309e+02,3.2308e+02,3.2308e+02,3.2308e+02,3.2309e+02,3.2309e+02,3.2310e+02,3.2311e+02,3.2311e+02,3.2312e+02,3.2312e+02,3.2312e+02,3.2313e+02,3.2313e+02,3.2312e+02,3.2312e+02,3.2312e+02,3.2312e+02,3.2311e+02,3.2311e+02,3.2310e+02,3.2310e+02,3.2310e+02,3.2310e+02,3.2311e+02,3.2312e+02,3.2315e+02,3.2318e+02,3.2323e+02,3.2331e+02,3.2338e+02,3.2342e+02,3.2344e+02,3.2345e+02,3.2344e+02,3.2342e+02,3.2339e+02,3.2335e+02,3.2330e+02,3.2325e+02,3.2319e+02,3.2312e+02,3.2305e+02,3.2297e+02,3.2288e+02,3.2278e+02,3.2267e+02,3.2256e+02,3.2243e+02,3.2229e+02,3.2213e+02,3.2195e+02,3.2176e+02,3.2154e+02,3.2129e+02,3.2107e+02,3.2088e+02,3.2071e+02,3.2056e+02,3.2043e+02,3.2032e+02,3.2021e+02,3.2013e+02,3.2005e+02,3.1998e+02,3.1992e+02,3.1987e+02,3.1984e+02,3.1980e+02,3.1978e+02,3.1977e+02,3.1976e+02,3.2339e+02,3.2339e+02,3.2339e+02,3.2339e+02,3.2340e+02,3.2340e+02,3.2340e+02,3.2341e+02,3.2342e+02,3.2342e+02,3.2343e+02,3.2344e+02,3.2345e+02,3.2346e+02,3.2346e+02,3.2347e+02,3.2348e+02,3.2348e+02,3.2348e+02,3.2347e+02,3.2346e+02,3.2344e+02,3.2340e+02,3.2334e+02,3.2326e+02,3.2318e+02,3.2313e+02,3.2309e+02,3.2306e+02,3.2305e+02,3.2304e+02,3.2303e+02,3.2303e+02,3.2303e+02,3.2304e+02,3.2304e+02,3.2304e+02,3.2304e+02,3.2305e+02,3.2305e+02,3.2305e+02,3.2305e+02,3.2304e+02,3.2304e+02,3.2304e+02,3.2303e+02,3.2303e+02,3.2302e+02,3.2302e+02,3.2302e+02,3.2302e+02,3.2302e+02,3.2303e+02,3.2305e+02,3.2308e+02,3.2312e+02,3.2317e+02,3.2325e+02,3.2333e+02,3.2337e+02,3.2340e+02,3.2341e+02,3.2340e+02,3.2338e+02,3.2336e+02,3.2332e+02,3.2328e+02,3.2322e+02,3.2316e+02,3.2310e+02,3.2303e+02,3.2294e+02,3.2286e+02,3.2276e+02,3.2265e+02,3.2254e+02,3.2241e+02,3.2227e+02,3.2211e+02,3.2193e+02,3.2174e+02,3.2151e+02,3.2126e+02,3.2104e+02,3.2085e+02,3.2069e+02,3.2054e+02,3.2041e+02,3.2029e+02,3.2019e+02,3.2010e+02,3.2002e+02,3.1996e+02,3.1990e+02,3.1985e+02,3.1981e+02,3.1978e+02,3.1976e+02,3.1974e+02,3.1973e+02,3.2350e+02,3.2350e+02,3.2350e+02,3.2350e+02,3.2350e+02,3.2351e+02,3.2351e+02,3.2351e+02,3.2352e+02,3.2352e+02,3.2353e+02,3.2354e+02,3.2354e+02,3.2355e+02,3.2355e+02,3.2355e+02,3.2355e+02,3.2355e+02,3.2355e+02,3.2354e+02,3.2352e+02,3.2348e+02,3.2344e+02,3.2338e+02,3.2329e+02,3.2320e+02,3.2314e+02,3.2309e+02,3.2306e+02,3.2303e+02,3.2302e+02,3.2301e+02,3.2300e+02,3.2300e+02,3.2300e+02,3.2300e+02,3.2300e+02,3.2300e+02,3.2300e+02,3.2300e+02,3.2299e+02,3.2299e+02,3.2299e+02,3.2298e+02,3.2298e+02,3.2298e+02,3.2297e+02,3.2297e+02,3.2296e+02,3.2296e+02,3.2296e+02,3.2297e+02,3.2298e+02,3.2300e+02,3.2303e+02,3.2307e+02,3.2313e+02,3.2321e+02,3.2328e+02,3.2333e+02,3.2336e+02,3.2337e+02,3.2337e+02,3.2335e+02,3.2332e+02,3.2329e+02,3.2324e+02,3.2319e+02,3.2314e+02,3.2307e+02,3.2300e+02,3.2292e+02,3.2283e+02,3.2273e+02,3.2263e+02,3.2251e+02,3.2238e+02,3.2224e+02,3.2208e+02,3.2191e+02,3.2171e+02,3.2149e+02,3.2124e+02,3.2102e+02,3.2083e+02,3.2066e+02,3.2051e+02,3.2038e+02,3.2027e+02,3.2017e+02,3.2008e+02,3.2000e+02,3.1993e+02,3.1987e+02,3.1982e+02,3.1979e+02,3.1975e+02,3.1973e+02,3.1972e+02,3.1971e+02,3.2359e+02,3.2359e+02,3.2359e+02,3.2360e+02,3.2360e+02,3.2360e+02,3.2360e+02,3.2361e+02,3.2361e+02,3.2361e+02,3.2362e+02,3.2362e+02,3.2362e+02,3.2363e+02,3.2363e+02,3.2363e+02,3.2362e+02,3.2362e+02,3.2361e+02,3.2359e+02,3.2357e+02,3.2353e+02,3.2348e+02,3.2341e+02,3.2332e+02,3.2323e+02,3.2316e+02,3.2311e+02,3.2307e+02,3.2304e+02,3.2302e+02,3.2301e+02,3.2300e+02,3.2299e+02,3.2299e+02,3.2298e+02,3.2298e+02,3.2298e+02,3.2297e+02,3.2297e+02,3.2297e+02,3.2296e+02,3.2296e+02,3.2295e+02,3.2295e+02,3.2294e+02,3.2294e+02,3.2293e+02,3.2293e+02,3.2293e+02,3.2293e+02,3.2293e+02,3.2295e+02,3.2296e+02,3.2299e+02,3.2303e+02,3.2309e+02,3.2317e+02,3.2325e+02,3.2330e+02,3.2332e+02,3.2333e+02,3.2333e+02,3.2332e+02,3.2329e+02,3.2325e+02,3.2321e+02,3.2316e+02,3.2310e+02,3.2304e+02,3.2297e+02,3.2289e+02,3.2280e+02,3.2270e+02,3.2260e+02,3.2248e+02,3.2235e+02,3.2221e+02,3.2205e+02,3.2188e+02,3.2168e+02,3.2146e+02,3.2121e+02,3.2099e+02,3.2080e+02,3.2063e+02,3.2049e+02,3.2036e+02,3.2024e+02,3.2014e+02,3.2005e+02,3.1997e+02,3.1991e+02,3.1985e+02,3.1980e+02,3.1976e+02,3.1973e+02,3.1971e+02,3.1969e+02,3.1968e+02,3.2368e+02,3.2368e+02,3.2368e+02,3.2368e+02,3.2368e+02,3.2368e+02,3.2368e+02,3.2369e+02,3.2369e+02,3.2369e+02,3.2369e+02,3.2369e+02,3.2370e+02,3.2370e+02,3.2370e+02,3.2369e+02,3.2369e+02,3.2368e+02,3.2367e+02,3.2365e+02,3.2362e+02,3.2358e+02,3.2353e+02,3.2346e+02,3.2336e+02,3.2327e+02,3.2319e+02,3.2314e+02,3.2310e+02,3.2307e+02,3.2304e+02,3.2303e+02,3.2302e+02,3.2301e+02,3.2300e+02,3.2299e+02,3.2299e+02,3.2298e+02,3.2298e+02,3.2297e+02,3.2297e+02,3.2296e+02,3.2295e+02,3.2295e+02,3.2294e+02,3.2293e+02,3.2293e+02,3.2292e+02,3.2292e+02,3.2292e+02,3.2292e+02,3.2292e+02,3.2293e+02,3.2295e+02,3.2297e+02,3.2301e+02,3.2307e+02,3.2315e+02,3.2322e+02,3.2327e+02,3.2329e+02,3.2330e+02,3.2330e+02,3.2328e+02,3.2325e+02,3.2322e+02,3.2318e+02,3.2312e+02,3.2307e+02,3.2300e+02,3.2293e+02,3.2285e+02,3.2276e+02,3.2267e+02,3.2256e+02,3.2245e+02,3.2232e+02,3.2218e+02,3.2202e+02,3.2185e+02,3.2165e+02,3.2143e+02,3.2118e+02,3.2096e+02,3.2077e+02,3.2061e+02,3.2046e+02,3.2033e+02,3.2021e+02,3.2011e+02,3.2002e+02,3.1995e+02,3.1988e+02,3.1982e+02,3.1977e+02,3.1973e+02,3.1970e+02,3.1968e+02,3.1967e+02,3.1966e+02,3.2375e+02,3.2375e+02,3.2375e+02,3.2375e+02,3.2376e+02,3.2376e+02,3.2376e+02,3.2376e+02,3.2376e+02,3.2376e+02,3.2376e+02,3.2376e+02,3.2376e+02,3.2376e+02,3.2376e+02,3.2375e+02,3.2374e+02,3.2373e+02,3.2372e+02,3.2370e+02,3.2367e+02,3.2363e+02,3.2357e+02,3.2350e+02,3.2341e+02,3.2331e+02,3.2324e+02,3.2319e+02,3.2314e+02,3.2311e+02,3.2309e+02,3.2307e+02,3.2305e+02,3.2304e+02,3.2303e+02,3.2302e+02,3.2302e+02,3.2301e+02,3.2300e+02,3.2300e+02,3.2299e+02,3.2298e+02,3.2297e+02,3.2297e+02,3.2296e+02,3.2295e+02,3.2294e+02,3.2294e+02,3.2293e+02,3.2293e+02,3.2293e+02,3.2293e+02,3.2293e+02,3.2295e+02,3.2297e+02,3.2301e+02,3.2306e+02,3.2313e+02,3.2320e+02,3.2324e+02,3.2326e+02,3.2327e+02,3.2326e+02,3.2324e+02,3.2322e+02,3.2318e+02,3.2314e+02,3.2308e+02,3.2303e+02,3.2296e+02,3.2289e+02,3.2281e+02,3.2272e+02,3.2263e+02,3.2252e+02,3.2241e+02,3.2228e+02,3.2214e+02,3.2199e+02,3.2181e+02,3.2162e+02,3.2140e+02,3.2115e+02,3.2093e+02,3.2074e+02,3.2058e+02,3.2043e+02,3.2030e+02,3.2019e+02,3.2008e+02,3.2000e+02,3.1992e+02,3.1985e+02,3.1980e+02,3.1975e+02,3.1971e+02,3.1968e+02,3.1965e+02,3.1964e+02,3.1963e+02,3.2382e+02,3.2382e+02,3.2382e+02,3.2382e+02,3.2382e+02,3.2382e+02,3.2382e+02,3.2382e+02,3.2382e+02,3.2382e+02,3.2382e+02,3.2382e+02,3.2382e+02,3.2381e+02,3.2381e+02,3.2380e+02,3.2379e+02,3.2378e+02,3.2376e+02,3.2374e+02,3.2371e+02,3.2367e+02,3.2362e+02,3.2356e+02,3.2346e+02,3.2337e+02,3.2330e+02,3.2325e+02,3.2321e+02,3.2318e+02,3.2315e+02,3.2313e+02,3.2312e+02,3.2310e+02,3.2309e+02,3.2308e+02,3.2307e+02,3.2306e+02,3.2305e+02,3.2304e+02,3.2303e+02,3.2303e+02,3.2302e+02,3.2301e+02,3.2300e+02,3.2299e+02,3.2298e+02,3.2297e+02,3.2296e+02,3.2296e+02,3.2295e+02,3.2295e+02,3.2296e+02,3.2297e+02,3.2298e+02,3.2301e+02,3.2306e+02,3.2312e+02,3.2318e+02,3.2322e+02,3.2323e+02,3.2324e+02,3.2323e+02,3.2320e+02,3.2317e+02,3.2314e+02,3.2309e+02,3.2304e+02,3.2298e+02,3.2292e+02,3.2285e+02,3.2277e+02,3.2268e+02,3.2259e+02,3.2248e+02,3.2237e+02,3.2224e+02,3.2210e+02,3.2195e+02,3.2177e+02,3.2158e+02,3.2136e+02,3.2111e+02,3.2090e+02,3.2071e+02,3.2054e+02,3.2040e+02,3.2027e+02,3.2015e+02,3.2006e+02,3.1997e+02,3.1989e+02,3.1983e+02,3.1977e+02,3.1972e+02,3.1968e+02,3.1965e+02,3.1963e+02,3.1961e+02,3.1961e+02,3.2388e+02,3.2388e+02,3.2388e+02,3.2388e+02,3.2388e+02,3.2388e+02,3.2388e+02,3.2388e+02,3.2388e+02,3.2387e+02,3.2387e+02,3.2387e+02,3.2387e+02,3.2386e+02,3.2386e+02,3.2385e+02,3.2384e+02,3.2382e+02,3.2381e+02,3.2379e+02,3.2376e+02,3.2372e+02,3.2367e+02,3.2361e+02,3.2353e+02,3.2344e+02,3.2338e+02,3.2333e+02,3.2329e+02,3.2326e+02,3.2323e+02,3.2321e+02,3.2320e+02,3.2318e+02,3.2317e+02,3.2316e+02,3.2315e+02,3.2313e+02,3.2312e+02,3.2311e+02,3.2310e+02,3.2309e+02,3.2308e+02,3.2307e+02,3.2306e+02,3.2305e+02,3.2304e+02,3.2303e+02,3.2302e+02,3.2301e+02,3.2300e+02,3.2300e+02,3.2300e+02,3.2300e+02,3.2302e+02,3.2304e+02,3.2307e+02,3.2312e+02,3.2317e+02,3.2320e+02,3.2320e+02,3.2320e+02,3.2319e+02,3.2316e+02,3.2313e+02,3.2309e+02,3.2304e+02,3.2299e+02,3.2293e+02,3.2287e+02,3.2280e+02,3.2272e+02,3.2263e+02,3.2254e+02,3.2243e+02,3.2232e+02,3.2219e+02,3.2206e+02,3.2190e+02,3.2173e+02,3.2154e+02,3.2132e+02,3.2107e+02,3.2086e+02,3.2067e+02,3.2051e+02,3.2036e+02,3.2024e+02,3.2012e+02,3.2002e+02,3.1994e+02,3.1986e+02,3.1980e+02,3.1974e+02,3.1969e+02,3.1966e+02,3.1963e+02,3.1960e+02,3.1959e+02,3.1958e+02,3.2393e+02,3.2393e+02,3.2393e+02,3.2393e+02,3.2393e+02,3.2393e+02,3.2393e+02,3.2393e+02,3.2392e+02,3.2392e+02,3.2392e+02,3.2391e+02,3.2391e+02,3.2390e+02,3.2390e+02,3.2389e+02,3.2388e+02,3.2386e+02,3.2385e+02,3.2383e+02,3.2380e+02,3.2376e+02,3.2372e+02,3.2366e+02,3.2359e+02,3.2352e+02,3.2347e+02,3.2342e+02,3.2338e+02,3.2335e+02,3.2333e+02,3.2331e+02,3.2329e+02,3.2327e+02,3.2326e+02,3.2325e+02,3.2323e+02,3.2322e+02,3.2321e+02,3.2320e+02,3.2319e+02,3.2317e+02,3.2316e+02,3.2315e+02,3.2314e+02,3.2312e+02,3.2311e+02,3.2310e+02,3.2309e+02,3.2307e+02,3.2306e+02,3.2306e+02,3.2305e+02,3.2305e+02,3.2306e+02,3.2307e+02,3.2309e+02,3.2312e+02,3.2316e+02,3.2317e+02,3.2317e+02,3.2316e+02,3.2314e+02,3.2311e+02,3.2308e+02,3.2304e+02,3.2299e+02,3.2294e+02,3.2288e+02,3.2281e+02,3.2274e+02,3.2266e+02,3.2258e+02,3.2248e+02,3.2238e+02,3.2227e+02,3.2214e+02,3.2201e+02,3.2185e+02,3.2168e+02,3.2149e+02,3.2128e+02,3.2103e+02,3.2082e+02,3.2063e+02,3.2047e+02,3.2033e+02,3.2020e+02,3.2009e+02,3.1999e+02,3.1991e+02,3.1983e+02,3.1977e+02,3.1971e+02,3.1967e+02,3.1963e+02,3.1960e+02,3.1958e+02,3.1956e+02,3.1955e+02,3.2398e+02,3.2398e+02,3.2398e+02,3.2398e+02,3.2398e+02,3.2397e+02,3.2397e+02,3.2397e+02,3.2397e+02,3.2396e+02,3.2396e+02,3.2395e+02,3.2395e+02,3.2394e+02,3.2393e+02,3.2392e+02,3.2391e+02,3.2390e+02,3.2388e+02,3.2386e+02,3.2383e+02,3.2380e+02,3.2376e+02,3.2371e+02,3.2365e+02,3.2358e+02,3.2353e+02,3.2349e+02,3.2346e+02,3.2343e+02,3.2340e+02,3.2338e+02,3.2336e+02,3.2335e+02,3.2333e+02,3.2332e+02,3.2330e+02,3.2329e+02,3.2327e+02,3.2326e+02,3.2325e+02,3.2323e+02,3.2322e+02,3.2320e+02,3.2319e+02,3.2318e+02,3.2316e+02,3.2315e+02,3.2313e+02,3.2312e+02,3.2310e+02,3.2309e+02,3.2308e+02,3.2308e+02,3.2307e+02,3.2308e+02,3.2309e+02,3.2311e+02,3.2313e+02,3.2314e+02,3.2313e+02,3.2312e+02,3.2309e+02,3.2306e+02,3.2302e+02,3.2298e+02,3.2293e+02,3.2287e+02,3.2281e+02,3.2275e+02,3.2268e+02,3.2260e+02,3.2251e+02,3.2242e+02,3.2232e+02,3.2221e+02,3.2209e+02,3.2195e+02,3.2180e+02,3.2163e+02,3.2144e+02,3.2123e+02,3.2098e+02,3.2077e+02,3.2059e+02,3.2043e+02,3.2029e+02,3.2016e+02,3.2005e+02,3.1996e+02,3.1987e+02,3.1980e+02,3.1974e+02,3.1968e+02,3.1964e+02,3.1960e+02,3.1957e+02,3.1955e+02,3.1953e+02,3.1953e+02,3.2402e+02,3.2402e+02,3.2402e+02,3.2402e+02,3.2401e+02,3.2401e+02,3.2401e+02,3.2401e+02,3.2400e+02,3.2400e+02,3.2399e+02,3.2399e+02,3.2398e+02,3.2397e+02,3.2396e+02,3.2395e+02,3.2394e+02,3.2392e+02,3.2391e+02,3.2389e+02,3.2386e+02,3.2383e+02,3.2379e+02,3.2375e+02,3.2369e+02,3.2363e+02,3.2358e+02,3.2354e+02,3.2351e+02,3.2348e+02,3.2346e+02,3.2343e+02,3.2341e+02,3.2340e+02,3.2338e+02,3.2336e+02,3.2335e+02,3.2333e+02,3.2332e+02,3.2330e+02,3.2329e+02,3.2327e+02,3.2326e+02,3.2324e+02,3.2322e+02,3.2321e+02,3.2319e+02,3.2317e+02,3.2316e+02,3.2314e+02,3.2312e+02,3.2311e+02,3.2309e+02,3.2308e+02,3.2307e+02,3.2307e+02,3.2307e+02,3.2309e+02,3.2310e+02,3.2310e+02,3.2308e+02,3.2306e+02,3.2303e+02,3.2300e+02,3.2296e+02,3.2291e+02,3.2286e+02,3.2280e+02,3.2274e+02,3.2268e+02,3.2261e+02,3.2253e+02,3.2244e+02,3.2235e+02,3.2225e+02,3.2214e+02,3.2202e+02,3.2189e+02,3.2174e+02,3.2157e+02,3.2139e+02,3.2117e+02,3.2093e+02,3.2073e+02,3.2054e+02,3.2039e+02,3.2025e+02,3.2012e+02,3.2002e+02,3.1992e+02,3.1984e+02,3.1977e+02,3.1971e+02,3.1965e+02,3.1961e+02,3.1957e+02,3.1954e+02,3.1952e+02,3.1951e+02,3.1950e+02,3.2405e+02,3.2405e+02,3.2405e+02,3.2405e+02,3.2405e+02,3.2404e+02,3.2404e+02,3.2404e+02,3.2403e+02,3.2403e+02,3.2402e+02,3.2401e+02,3.2400e+02,3.2400e+02,3.2399e+02,3.2397e+02,3.2396e+02,3.2394e+02,3.2393e+02,3.2391e+02,3.2388e+02,3.2385e+02,3.2382e+02,3.2377e+02,3.2371e+02,3.2366e+02,3.2361e+02,3.2357e+02,3.2354e+02,3.2351e+02,3.2349e+02,3.2346e+02,3.2344e+02,3.2342e+02,3.2341e+02,3.2339e+02,3.2337e+02,3.2335e+02,3.2334e+02,3.2332e+02,3.2330e+02,3.2329e+02,3.2327e+02,3.2325e+02,3.2323e+02,3.2321e+02,3.2320e+02,3.2318e+02,3.2316e+02,3.2314e+02,3.2312e+02,3.2310e+02,3.2308e+02,3.2306e+02,3.2305e+02,3.2304e+02,3.2304e+02,3.2305e+02,3.2305e+02,3.2304e+02,3.2302e+02,3.2300e+02,3.2296e+02,3.2293e+02,3.2288e+02,3.2283e+02,3.2278e+02,3.2273e+02,3.2266e+02,3.2260e+02,3.2253e+02,3.2245e+02,3.2237e+02,3.2228e+02,3.2218e+02,3.2207e+02,3.2195e+02,3.2182e+02,3.2167e+02,3.2151e+02,3.2133e+02,3.2112e+02,3.2088e+02,3.2067e+02,3.2049e+02,3.2034e+02,3.2020e+02,3.2008e+02,3.1998e+02,3.1988e+02,3.1980e+02,3.1973e+02,3.1967e+02,3.1962e+02,3.1958e+02,3.1954e+02,3.1951e+02,3.1949e+02,3.1948e+02,3.1947e+02,3.2408e+02,3.2408e+02,3.2408e+02,3.2408e+02,3.2407e+02,3.2407e+02,3.2407e+02,3.2406e+02,3.2406e+02,3.2405e+02,3.2404e+02,3.2403e+02,3.2402e+02,3.2401e+02,3.2400e+02,3.2399e+02,3.2398e+02,3.2396e+02,3.2394e+02,3.2392e+02,3.2389e+02,3.2386e+02,3.2383e+02,3.2378e+02,3.2372e+02,3.2367e+02,3.2362e+02,3.2358e+02,3.2355e+02,3.2352e+02,3.2350e+02,3.2347e+02,3.2345e+02,3.2343e+02,3.2341e+02,3.2339e+02,3.2337e+02,3.2335e+02,3.2333e+02,3.2332e+02,3.2330e+02,3.2328e+02,3.2326e+02,3.2324e+02,3.2322e+02,3.2320e+02,3.2318e+02,3.2316e+02,3.2314e+02,3.2311e+02,3.2309e+02,3.2307e+02,3.2305e+02,3.2303e+02,3.2301e+02,3.2299e+02,3.2299e+02,3.2299e+02,3.2299e+02,3.2297e+02,3.2295e+02,3.2292e+02,3.2288e+02,3.2284e+02,3.2280e+02,3.2275e+02,3.2269e+02,3.2264e+02,3.2257e+02,3.2251e+02,3.2244e+02,3.2236e+02,3.2228e+02,3.2219e+02,3.2209e+02,3.2199e+02,3.2187e+02,3.2174e+02,3.2160e+02,3.2144e+02,3.2126e+02,3.2105e+02,3.2082e+02,3.2062e+02,3.2044e+02,3.2029e+02,3.2016e+02,3.2004e+02,3.1994e+02,3.1985e+02,3.1977e+02,3.1970e+02,3.1964e+02,3.1959e+02,3.1955e+02,3.1951e+02,3.1948e+02,3.1946e+02,3.1945e+02,3.1944e+02,3.2410e+02,3.2410e+02,3.2410e+02,3.2410e+02,3.2410e+02,3.2409e+02,3.2409e+02,3.2408e+02,3.2408e+02,3.2407e+02,3.2406e+02,3.2405e+02,3.2404e+02,3.2403e+02,3.2402e+02,3.2400e+02,3.2398e+02,3.2397e+02,3.2395e+02,3.2392e+02,3.2390e+02,3.2386e+02,3.2383e+02,3.2378e+02,3.2372e+02,3.2366e+02,3.2361e+02,3.2357e+02,3.2354e+02,3.2351e+02,3.2348e+02,3.2346e+02,3.2343e+02,3.2341e+02,3.2339e+02,3.2337e+02,3.2335e+02,3.2333e+02,3.2331e+02,3.2329e+02,3.2327e+02,3.2325e+02,3.2323e+02,3.2320e+02,3.2318e+02,3.2316e+02,3.2314e+02,3.2311e+02,3.2309e+02,3.2307e+02,3.2304e+02,3.2301e+02,3.2299e+02,3.2296e+02,3.2294e+02,3.2292e+02,3.2291e+02,3.2291e+02,3.2290e+02,3.2289e+02,3.2286e+02,3.2283e+02,3.2279e+02,3.2274e+02,3.2270e+02,3.2265e+02,3.2259e+02,3.2253e+02,3.2247e+02,3.2241e+02,3.2234e+02,3.2226e+02,3.2218e+02,3.2209e+02,3.2200e+02,3.2189e+02,3.2178e+02,3.2165e+02,3.2152e+02,3.2136e+02,3.2118e+02,3.2098e+02,3.2075e+02,3.2055e+02,3.2038e+02,3.2023e+02,3.2011e+02,3.1999e+02,3.1989e+02,3.1980e+02,3.1973e+02,3.1966e+02,3.1960e+02,3.1956e+02,3.1951e+02,3.1948e+02,3.1945e+02,3.1943e+02,3.1942e+02,3.1941e+02,3.2412e+02,3.2412e+02,3.2412e+02,3.2412e+02,3.2411e+02,3.2411e+02,3.2410e+02,3.2410e+02,3.2409e+02,3.2408e+02,3.2407e+02,3.2406e+02,3.2405e+02,3.2404e+02,3.2402e+02,3.2401e+02,3.2399e+02,3.2397e+02,3.2394e+02,3.2392e+02,3.2389e+02,3.2386e+02,3.2381e+02,3.2377e+02,3.2370e+02,3.2364e+02,3.2359e+02,3.2355e+02,3.2351e+02,3.2348e+02,3.2345e+02,3.2342e+02,3.2339e+02,3.2337e+02,3.2335e+02,3.2332e+02,3.2330e+02,3.2328e+02,3.2326e+02,3.2323e+02,3.2321e+02,3.2319e+02,3.2317e+02,3.2314e+02,3.2312e+02,3.2310e+02,3.2307e+02,3.2305e+02,3.2302e+02,3.2299e+02,3.2297e+02,3.2294e+02,3.2291e+02,3.2288e+02,3.2286e+02,3.2284e+02,3.2282e+02,3.2281e+02,3.2280e+02,3.2278e+02,3.2275e+02,3.2272e+02,3.2267e+02,3.2263e+02,3.2258e+02,3.2253e+02,3.2247e+02,3.2242e+02,3.2235e+02,3.2229e+02,3.2222e+02,3.2215e+02,3.2207e+02,3.2198e+02,3.2189e+02,3.2179e+02,3.2168e+02,3.2156e+02,3.2142e+02,3.2127e+02,3.2110e+02,3.2090e+02,3.2068e+02,3.2049e+02,3.2032e+02,3.2018e+02,3.2005e+02,3.1994e+02,3.1985e+02,3.1976e+02,3.1969e+02,3.1962e+02,3.1957e+02,3.1952e+02,3.1948e+02,3.1945e+02,3.1942e+02,3.1940e+02,3.1939e+02,3.1939e+02,3.2414e+02,3.2414e+02,3.2413e+02,3.2413e+02,3.2413e+02,3.2412e+02,3.2412e+02,3.2411e+02,3.2410e+02,3.2409e+02,3.2408e+02,3.2407e+02,3.2406e+02,3.2404e+02,3.2402e+02,3.2401e+02,3.2399e+02,3.2396e+02,3.2394e+02,3.2391e+02,3.2388e+02,3.2384e+02,3.2379e+02,3.2374e+02,3.2367e+02,3.2360e+02,3.2355e+02,3.2350e+02,3.2346e+02,3.2342e+02,3.2339e+02,3.2336e+02,3.2333e+02,3.2330e+02,3.2328e+02,3.2325e+02,3.2323e+02,3.2320e+02,3.2318e+02,3.2316e+02,3.2313e+02,3.2311e+02,3.2308e+02,3.2306e+02,3.2304e+02,3.2301e+02,3.2298e+02,3.2296e+02,3.2293e+02,3.2290e+02,3.2287e+02,3.2284e+02,3.2281e+02,3.2278e+02,3.2275e+02,3.2272e+02,3.2271e+02,3.2270e+02,3.2268e+02,3.2266e+02,3.2263e+02,3.2259e+02,3.2254e+02,3.2250e+02,3.2245e+02,3.2240e+02,3.2234e+02,3.2228e+02,3.2222e+02,3.2216e+02,3.2209e+02,3.2202e+02,3.2194e+02,3.2186e+02,3.2177e+02,3.2167e+02,3.2156e+02,3.2145e+02,3.2132e+02,3.2117e+02,3.2100e+02,3.2081e+02,3.2060e+02,3.2041e+02,3.2025e+02,3.2012e+02,3.2000e+02,3.1989e+02,3.1980e+02,3.1972e+02,3.1965e+02,3.1959e+02,3.1953e+02,3.1949e+02,3.1945e+02,3.1942e+02,3.1939e+02,3.1937e+02,3.1936e+02,3.1936e+02,3.2415e+02,3.2415e+02,3.2414e+02,3.2414e+02,3.2414e+02,3.2413e+02,3.2412e+02,3.2412e+02,3.2411e+02,3.2410e+02,3.2409e+02,3.2407e+02,3.2406e+02,3.2404e+02,3.2402e+02,3.2400e+02,3.2398e+02,3.2395e+02,3.2392e+02,3.2389e+02,3.2385e+02,3.2381e+02,3.2376e+02,3.2370e+02,3.2363e+02,3.2355e+02,3.2349e+02,3.2344e+02,3.2339e+02,3.2335e+02,3.2331e+02,3.2328e+02,3.2324e+02,3.2321e+02,3.2319e+02,3.2316e+02,3.2313e+02,3.2310e+02,3.2308e+02,3.2305e+02,3.2303e+02,3.2300e+02,3.2298e+02,3.2295e+02,3.2292e+02,3.2290e+02,3.2287e+02,3.2284e+02,3.2281e+02,3.2278e+02,3.2275e+02,3.2272e+02,3.2268e+02,3.2265e+02,3.2262e+02,3.2259e+02,3.2257e+02,3.2256e+02,3.2254e+02,3.2251e+02,3.2248e+02,3.2244e+02,3.2239e+02,3.2235e+02,3.2229e+02,3.2224e+02,3.2219e+02,3.2213e+02,3.2207e+02,3.2200e+02,3.2194e+02,3.2187e+02,3.2179e+02,3.2171e+02,3.2162e+02,3.2153e+02,3.2143e+02,3.2132e+02,3.2119e+02,3.2105e+02,3.2090e+02,3.2072e+02,3.2051e+02,3.2033e+02,3.2018e+02,3.2005e+02,3.1994e+02,3.1984e+02,3.1975e+02,3.1967e+02,3.1960e+02,3.1955e+02,3.1950e+02,3.1945e+02,3.1942e+02,3.1939e+02,3.1936e+02,3.1934e+02,3.1933e+02,3.1933e+02,3.2415e+02,3.2415e+02,3.2415e+02,3.2415e+02,3.2414e+02,3.2414e+02,3.2413e+02,3.2412e+02,3.2411e+02,3.2410e+02,3.2409e+02,3.2407e+02,3.2406e+02,3.2404e+02,3.2402e+02,3.2399e+02,3.2397e+02,3.2394e+02,3.2390e+02,3.2387e+02,3.2382e+02,3.2377e+02,3.2372e+02,3.2365e+02,3.2357e+02,3.2348e+02,3.2341e+02,3.2335e+02,3.2330e+02,3.2325e+02,3.2321e+02,3.2317e+02,3.2313e+02,3.2310e+02,3.2307e+02,3.2304e+02,3.2301e+02,3.2298e+02,3.2295e+02,3.2293e+02,3.2290e+02,3.2287e+02,3.2284e+02,3.2282e+02,3.2279e+02,3.2276e+02,3.2273e+02,3.2270e+02,3.2267e+02,3.2264e+02,3.2260e+02,3.2257e+02,3.2253e+02,3.2250e+02,3.2247e+02,3.2243e+02,3.2241e+02,3.2239e+02,3.2237e+02,3.2234e+02,3.2231e+02,3.2226e+02,3.2222e+02,3.2217e+02,3.2212e+02,3.2206e+02,3.2201e+02,3.2195e+02,3.2189e+02,3.2183e+02,3.2176e+02,3.2169e+02,3.2162e+02,3.2154e+02,3.2146e+02,3.2137e+02,3.2127e+02,3.2117e+02,3.2105e+02,3.2092e+02,3.2077e+02,3.2061e+02,3.2041e+02,3.2025e+02,3.2010e+02,3.1998e+02,3.1987e+02,3.1978e+02,3.1970e+02,3.1963e+02,3.1956e+02,3.1951e+02,3.1946e+02,3.1942e+02,3.1938e+02,3.1935e+02,3.1933e+02,3.1931e+02,3.1930e+02,3.1930e+02,3.2416e+02,3.2416e+02,3.2415e+02,3.2415e+02,3.2415e+02,3.2414e+02,3.2413e+02,3.2412e+02,3.2411e+02,3.2410e+02,3.2408e+02,3.2407e+02,3.2405e+02,3.2403e+02,3.2401e+02,3.2398e+02,3.2395e+02,3.2392e+02,3.2388e+02,3.2384e+02,3.2379e+02,3.2373e+02,3.2366e+02,3.2359e+02,3.2349e+02,3.2340e+02,3.2331e+02,3.2324e+02,3.2318e+02,3.2313e+02,3.2308e+02,3.2304e+02,3.2300e+02,3.2296e+02,3.2293e+02,3.2290e+02,3.2286e+02,3.2283e+02,3.2280e+02,3.2277e+02,3.2275e+02,3.2272e+02,3.2269e+02,3.2266e+02,3.2263e+02,3.2260e+02,3.2257e+02,3.2254e+02,3.2250e+02,3.2247e+02,3.2243e+02,3.2240e+02,3.2236e+02,3.2233e+02,3.2229e+02,3.2225e+02,3.2222e+02,3.2220e+02,3.2218e+02,3.2214e+02,3.2210e+02,3.2206e+02,3.2201e+02,3.2196e+02,3.2191e+02,3.2186e+02,3.2180e+02,3.2175e+02,3.2169e+02,3.2163e+02,3.2156e+02,3.2150e+02,3.2142e+02,3.2135e+02,3.2127e+02,3.2119e+02,3.2109e+02,3.2099e+02,3.2089e+02,3.2077e+02,3.2063e+02,3.2048e+02,3.2030e+02,3.2015e+02,3.2002e+02,3.1991e+02,3.1981e+02,3.1972e+02,3.1965e+02,3.1958e+02,3.1952e+02,3.1947e+02,3.1942e+02,3.1938e+02,3.1935e+02,3.1932e+02,3.1930e+02,3.1928e+02,3.1927e+02,3.1927e+02,3.2416e+02,3.2416e+02,3.2416e+02,3.2415e+02,3.2415e+02,3.2414e+02,3.2413e+02,3.2412e+02,3.2411e+02,3.2409e+02,3.2408e+02,3.2406e+02,3.2404e+02,3.2402e+02,3.2399e+02,3.2397e+02,3.2393e+02,3.2390e+02,3.2385e+02,3.2381e+02,3.2375e+02,3.2368e+02,3.2361e+02,3.2352e+02,3.2340e+02,3.2329e+02,3.2320e+02,3.2312e+02,3.2305e+02,3.2299e+02,3.2293e+02,3.2289e+02,3.2284e+02,3.2280e+02,3.2276e+02,3.2273e+02,3.2269e+02,3.2266e+02,3.2263e+02,3.2260e+02,3.2257e+02,3.2254e+02,3.2251e+02,3.2248e+02,3.2245e+02,3.2241e+02,3.2238e+02,3.2235e+02,3.2232e+02,3.2228e+02,3.2224e+02,3.2221e+02,3.2217e+02,3.2213e+02,3.2209e+02,3.2205e+02,3.2202e+02,3.2198e+02,3.2195e+02,3.2191e+02,3.2187e+02,3.2182e+02,3.2177e+02,3.2172e+02,3.2167e+02,3.2162e+02,3.2156e+02,3.2151e+02,3.2145e+02,3.2139e+02,3.2133e+02,3.2126e+02,3.2119e+02,3.2112e+02,3.2105e+02,3.2097e+02,3.2088e+02,3.2079e+02,3.2069e+02,3.2058e+02,3.2046e+02,3.2033e+02,3.2018e+02,3.2005e+02,3.1994e+02,3.1984e+02,3.1975e+02,3.1967e+02,3.1959e+02,3.1953e+02,3.1948e+02,3.1943e+02,3.1938e+02,3.1935e+02,3.1932e+02,3.1929e+02,3.1927e+02,3.1925e+02,3.1924e+02,3.1924e+02,3.2416e+02,3.2415e+02,3.2415e+02,3.2415e+02,3.2414e+02,3.2413e+02,3.2412e+02,3.2411e+02,3.2410e+02,3.2409e+02,3.2407e+02,3.2405e+02,3.2403e+02,3.2400e+02,3.2398e+02,3.2395e+02,3.2391e+02,3.2387e+02,3.2382e+02,3.2377e+02,3.2371e+02,3.2363e+02,3.2355e+02,3.2344e+02,3.2331e+02,3.2318e+02,3.2308e+02,3.2299e+02,3.2291e+02,3.2284e+02,3.2278e+02,3.2273e+02,3.2268e+02,3.2264e+02,3.2260e+02,3.2256e+02,3.2252e+02,3.2249e+02,3.2246e+02,3.2242e+02,3.2239e+02,3.2236e+02,3.2233e+02,3.2230e+02,3.2226e+02,3.2223e+02,3.2220e+02,3.2216e+02,3.2213e+02,3.2209e+02,3.2205e+02,3.2201e+02,3.2197e+02,3.2193e+02,3.2189e+02,3.2185e+02,3.2181e+02,3.2177e+02,3.2172e+02,3.2168e+02,3.2163e+02,3.2158e+02,3.2154e+02,3.2148e+02,3.2143e+02,3.2138e+02,3.2133e+02,3.2127e+02,3.2121e+02,3.2116e+02,3.2110e+02,3.2103e+02,3.2097e+02,3.2090e+02,3.2083e+02,3.2075e+02,3.2067e+02,3.2059e+02,3.2050e+02,3.2040e+02,3.2029e+02,3.2018e+02,3.2006e+02,3.1995e+02,3.1985e+02,3.1976e+02,3.1968e+02,3.1961e+02,3.1954e+02,3.1948e+02,3.1943e+02,3.1939e+02,3.1935e+02,3.1931e+02,3.1928e+02,3.1926e+02,3.1924e+02,3.1923e+02,3.1922e+02,3.1921e+02,3.2415e+02,3.2414e+02,3.2414e+02,3.2414e+02,3.2413e+02,3.2412e+02,3.2411e+02,3.2410e+02,3.2409e+02,3.2407e+02,3.2405e+02,3.2403e+02,3.2401e+02,3.2398e+02,3.2395e+02,3.2392e+02,3.2388e+02,3.2384e+02,3.2379e+02,3.2373e+02,3.2366e+02,3.2358e+02,3.2348e+02,3.2337e+02,3.2323e+02,3.2309e+02,3.2297e+02,3.2287e+02,3.2279e+02,3.2271e+02,3.2265e+02,3.2259e+02,3.2254e+02,3.2249e+02,3.2245e+02,3.2241e+02,3.2237e+02,3.2233e+02,3.2230e+02,3.2226e+02,3.2223e+02,3.2220e+02,3.2216e+02,3.2213e+02,3.2210e+02,3.2206e+02,3.2203e+02,3.2199e+02,3.2196e+02,3.2192e+02,3.2188e+02,3.2184e+02,3.2180e+02,3.2176e+02,3.2171e+02,3.2167e+02,3.2162e+02,3.2158e+02,3.2153e+02,3.2148e+02,3.2143e+02,3.2138e+02,3.2133e+02,3.2128e+02,3.2123e+02,3.2118e+02,3.2112e+02,3.2107e+02,3.2101e+02,3.2096e+02,3.2090e+02,3.2084e+02,3.2078e+02,3.2071e+02,3.2064e+02,3.2057e+02,3.2050e+02,3.2042e+02,3.2033e+02,3.2025e+02,3.2015e+02,3.2006e+02,3.1996e+02,3.1986e+02,3.1977e+02,3.1969e+02,3.1962e+02,3.1955e+02,3.1949e+02,3.1944e+02,3.1939e+02,3.1935e+02,3.1931e+02,3.1928e+02,3.1925e+02,3.1923e+02,3.1921e+02,3.1920e+02,3.1919e+02,3.1918e+02,3.2413e+02,3.2413e+02,3.2413e+02,3.2412e+02,3.2411e+02,3.2411e+02,3.2410e+02,3.2408e+02,3.2407e+02,3.2405e+02,3.2403e+02,3.2401e+02,3.2399e+02,3.2396e+02,3.2393e+02,3.2389e+02,3.2385e+02,3.2380e+02,3.2375e+02,3.2368e+02,3.2361e+02,3.2352e+02,3.2342e+02,3.2330e+02,3.2315e+02,3.2300e+02,3.2287e+02,3.2277e+02,3.2268e+02,3.2260e+02,3.2253e+02,3.2247e+02,3.2241e+02,3.2236e+02,3.2232e+02,3.2227e+02,3.2223e+02,3.2219e+02,3.2216e+02,3.2212e+02,3.2209e+02,3.2205e+02,3.2202e+02,3.2198e+02,3.2195e+02,3.2191e+02,3.2188e+02,3.2184e+02,3.2180e+02,3.2177e+02,3.2173e+02,3.2168e+02,3.2164e+02,3.2160e+02,3.2155e+02,3.2151e+02,3.2146e+02,3.2141e+02,3.2136e+02,3.2131e+02,3.2126e+02,3.2121e+02,3.2116e+02,3.2110e+02,3.2105e+02,3.2100e+02,3.2095e+02,3.2089e+02,3.2084e+02,3.2078e+02,3.2073e+02,3.2067e+02,3.2061e+02,3.2055e+02,3.2048e+02,3.2042e+02,3.2035e+02,3.2027e+02,3.2020e+02,3.2012e+02,3.2004e+02,3.1995e+02,3.1986e+02,3.1978e+02,3.1970e+02,3.1963e+02,3.1956e+02,3.1950e+02,3.1944e+02,3.1939e+02,3.1935e+02,3.1931e+02,3.1928e+02,3.1925e+02,3.1922e+02,3.1920e+02,3.1918e+02,3.1917e+02,3.1916e+02,3.1916e+02,3.2411e+02,3.2411e+02,3.2410e+02,3.2410e+02,3.2409e+02,3.2408e+02,3.2407e+02,3.2406e+02,3.2405e+02,3.2403e+02,3.2401e+02,3.2399e+02,3.2396e+02,3.2393e+02,3.2390e+02,3.2386e+02,3.2381e+02,3.2376e+02,3.2371e+02,3.2364e+02,3.2356e+02,3.2347e+02,3.2336e+02,3.2323e+02,3.2308e+02,3.2292e+02,3.2279e+02,3.2268e+02,3.2258e+02,3.2250e+02,3.2242e+02,3.2236e+02,3.2230e+02,3.2225e+02,3.2220e+02,3.2215e+02,3.2211e+02,3.2207e+02,3.2203e+02,3.2200e+02,3.2196e+02,3.2193e+02,3.2189e+02,3.2185e+02,3.2182e+02,3.2178e+02,3.2175e+02,3.2171e+02,3.2167e+02,3.2163e+02,3.2159e+02,3.2155e+02,3.2150e+02,3.2146e+02,3.2141e+02,3.2136e+02,3.2131e+02,3.2126e+02,3.2121e+02,3.2116e+02,3.2110e+02,3.2105e+02,3.2100e+02,3.2095e+02,3.2090e+02,3.2085e+02,3.2079e+02,3.2074e+02,3.2069e+02,3.2063e+02,3.2058e+02,3.2052e+02,3.2046e+02,3.2041e+02,3.2035e+02,3.2028e+02,3.2022e+02,3.2015e+02,3.2008e+02,3.2001e+02,3.1993e+02,3.1985e+02,3.1978e+02,3.1970e+02,3.1963e+02,3.1956e+02,3.1950e+02,3.1945e+02,3.1940e+02,3.1935e+02,3.1931e+02,3.1927e+02,3.1924e+02,3.1921e+02,3.1919e+02,3.1917e+02,3.1916e+02,3.1914e+02,3.1914e+02,3.1913e+02,3.2408e+02,3.2408e+02,3.2408e+02,3.2407e+02,3.2406e+02,3.2406e+02,3.2404e+02,3.2403e+02,3.2402e+02,3.2400e+02,3.2398e+02,3.2395e+02,3.2393e+02,3.2390e+02,3.2386e+02,3.2382e+02,3.2378e+02,3.2372e+02,3.2366e+02,3.2359e+02,3.2351e+02,3.2342e+02,3.2330e+02,3.2317e+02,3.2301e+02,3.2285e+02,3.2271e+02,3.2259e+02,3.2249e+02,3.2241e+02,3.2233e+02,3.2227e+02,3.2221e+02,3.2215e+02,3.2210e+02,3.2205e+02,3.2201e+02,3.2197e+02,3.2193e+02,3.2189e+02,3.2185e+02,3.2182e+02,3.2178e+02,3.2174e+02,3.2171e+02,3.2167e+02,3.2163e+02,3.2159e+02,3.2155e+02,3.2151e+02,3.2147e+02,3.2143e+02,3.2138e+02,3.2133e+02,3.2129e+02,3.2124e+02,3.2118e+02,3.2113e+02,3.2108e+02,3.2102e+02,3.2097e+02,3.2092e+02,3.2087e+02,3.2081e+02,3.2076e+02,3.2071e+02,3.2066e+02,3.2061e+02,3.2055e+02,3.2050e+02,3.2045e+02,3.2039e+02,3.2034e+02,3.2028e+02,3.2022e+02,3.2017e+02,3.2010e+02,3.2004e+02,3.1998e+02,3.1991e+02,3.1984e+02,3.1977e+02,3.1970e+02,3.1963e+02,3.1957e+02,3.1951e+02,3.1945e+02,3.1940e+02,3.1935e+02,3.1931e+02,3.1927e+02,3.1924e+02,3.1921e+02,3.1918e+02,3.1916e+02,3.1914e+02,3.1913e+02,3.1912e+02,3.1911e+02,3.1911e+02,3.2405e+02,3.2405e+02,3.2404e+02,3.2404e+02,3.2403e+02,3.2402e+02,3.2401e+02,3.2400e+02,3.2398e+02,3.2396e+02,3.2394e+02,3.2392e+02,3.2389e+02,3.2386e+02,3.2382e+02,3.2378e+02,3.2373e+02,3.2368e+02,3.2362e+02,3.2354e+02,3.2346e+02,3.2336e+02,3.2325e+02,3.2311e+02,3.2295e+02,3.2278e+02,3.2264e+02,3.2252e+02,3.2242e+02,3.2233e+02,3.2226e+02,3.2219e+02,3.2212e+02,3.2207e+02,3.2202e+02,3.2197e+02,3.2192e+02,3.2188e+02,3.2184e+02,3.2180e+02,3.2176e+02,3.2172e+02,3.2169e+02,3.2165e+02,3.2161e+02,3.2157e+02,3.2153e+02,3.2149e+02,3.2145e+02,3.2141e+02,3.2137e+02,3.2132e+02,3.2128e+02,3.2123e+02,3.2118e+02,3.2113e+02,3.2107e+02,3.2102e+02,3.2096e+02,3.2091e+02,3.2085e+02,3.2080e+02,3.2075e+02,3.2069e+02,3.2064e+02,3.2059e+02,3.2054e+02,3.2049e+02,3.2044e+02,3.2038e+02,3.2033e+02,3.2028e+02,3.2023e+02,3.2017e+02,3.2012e+02,3.2006e+02,3.2001e+02,3.1995e+02,3.1989e+02,3.1983e+02,3.1976e+02,3.1970e+02,3.1963e+02,3.1957e+02,3.1951e+02,3.1945e+02,3.1940e+02,3.1936e+02,3.1931e+02,3.1927e+02,3.1924e+02,3.1921e+02,3.1918e+02,3.1916e+02,3.1914e+02,3.1912e+02,3.1910e+02,3.1909e+02,3.1909e+02,3.1908e+02,3.2401e+02,3.2401e+02,3.2401e+02,3.2400e+02,3.2399e+02,3.2398e+02,3.2397e+02,3.2396e+02,3.2394e+02,3.2392e+02,3.2390e+02,3.2388e+02,3.2385e+02,3.2382e+02,3.2378e+02,3.2374e+02,3.2369e+02,3.2363e+02,3.2357e+02,3.2350e+02,3.2341e+02,3.2331e+02,3.2319e+02,3.2306e+02,3.2289e+02,3.2272e+02,3.2258e+02,3.2246e+02,3.2236e+02,3.2227e+02,3.2219e+02,3.2212e+02,3.2206e+02,3.2200e+02,3.2195e+02,3.2190e+02,3.2185e+02,3.2181e+02,3.2177e+02,3.2173e+02,3.2169e+02,3.2165e+02,3.2161e+02,3.2157e+02,3.2153e+02,3.2149e+02,3.2145e+02,3.2141e+02,3.2137e+02,3.2133e+02,3.2128e+02,3.2124e+02,3.2119e+02,3.2114e+02,3.2109e+02,3.2103e+02,3.2098e+02,3.2092e+02,3.2087e+02,3.2081e+02,3.2075e+02,3.2070e+02,3.2064e+02,3.2059e+02,3.2054e+02,3.2049e+02,3.2043e+02,3.2038e+02,3.2033e+02,3.2028e+02,3.2023e+02,3.2018e+02,3.2013e+02,3.2008e+02,3.2003e+02,3.1997e+02,3.1992e+02,3.1986e+02,3.1981e+02,3.1975e+02,3.1969e+02,3.1963e+02,3.1957e+02,3.1951e+02,3.1946e+02,3.1941e+02,3.1936e+02,3.1932e+02,3.1928e+02,3.1924e+02,3.1921e+02,3.1918e+02,3.1915e+02,3.1913e+02,3.1911e+02,3.1909e+02,3.1908e+02,3.1907e+02,3.1907e+02,3.1906e+02,3.2397e+02,3.2397e+02,3.2396e+02,3.2396e+02,3.2395e+02,3.2394e+02,3.2393e+02,3.2391e+02,3.2390e+02,3.2388e+02,3.2386e+02,3.2383e+02,3.2380e+02,3.2377e+02,3.2373e+02,3.2369e+02,3.2364e+02,3.2358e+02,3.2352e+02,3.2345e+02,3.2336e+02,3.2326e+02,3.2314e+02,3.2301e+02,3.2284e+02,3.2267e+02,3.2253e+02,3.2241e+02,3.2231e+02,3.2222e+02,3.2214e+02,3.2207e+02,3.2200e+02,3.2194e+02,3.2189e+02,3.2184e+02,3.2179e+02,3.2175e+02,3.2171e+02,3.2167e+02,3.2163e+02,3.2159e+02,3.2155e+02,3.2151e+02,3.2147e+02,3.2143e+02,3.2139e+02,3.2135e+02,3.2131e+02,3.2126e+02,3.2122e+02,3.2117e+02,3.2112e+02,3.2107e+02,3.2101e+02,3.2096e+02,3.2090e+02,3.2084e+02,3.2078e+02,3.2072e+02,3.2066e+02,3.2061e+02,3.2055e+02,3.2050e+02,3.2044e+02,3.2039e+02,3.2034e+02,3.2029e+02,3.2024e+02,3.2019e+02,3.2014e+02,3.2009e+02,3.2004e+02,3.1999e+02,3.1994e+02,3.1989e+02,3.1984e+02,3.1979e+02,3.1974e+02,3.1968e+02,3.1963e+02,3.1957e+02,3.1951e+02,3.1946e+02,3.1941e+02,3.1936e+02,3.1932e+02,3.1928e+02,3.1924e+02,3.1921e+02,3.1918e+02,3.1915e+02,3.1913e+02,3.1911e+02,3.1909e+02,3.1907e+02,3.1906e+02,3.1905e+02,3.1905e+02,3.1904e+02,3.2392e+02,3.2392e+02,3.2391e+02,3.2391e+02,3.2390e+02,3.2389e+02,3.2388e+02,3.2386e+02,3.2385e+02,3.2383e+02,3.2380e+02,3.2378e+02,3.2375e+02,3.2372e+02,3.2368e+02,3.2364e+02,3.2359e+02,3.2353e+02,3.2347e+02,3.2340e+02,3.2331e+02,3.2321e+02,3.2310e+02,3.2296e+02,3.2279e+02,3.2263e+02,3.2249e+02,3.2237e+02,3.2227e+02,3.2218e+02,3.2210e+02,3.2203e+02,3.2196e+02,3.2190e+02,3.2185e+02,3.2180e+02,3.2175e+02,3.2171e+02,3.2167e+02,3.2162e+02,3.2158e+02,3.2154e+02,3.2151e+02,3.2147e+02,3.2143e+02,3.2139e+02,3.2135e+02,3.2130e+02,3.2126e+02,3.2121e+02,3.2117e+02,3.2112e+02,3.2107e+02,3.2101e+02,3.2095e+02,3.2090e+02,3.2084e+02,3.2077e+02,3.2071e+02,3.2065e+02,3.2059e+02,3.2053e+02,3.2047e+02,3.2042e+02,3.2036e+02,3.2031e+02,3.2026e+02,3.2021e+02,3.2016e+02,3.2011e+02,3.2006e+02,3.2001e+02,3.1997e+02,3.1992e+02,3.1987e+02,3.1982e+02,3.1977e+02,3.1973e+02,3.1968e+02,3.1962e+02,3.1957e+02,3.1952e+02,3.1946e+02,3.1941e+02,3.1937e+02,3.1932e+02,3.1928e+02,3.1924e+02,3.1921e+02,3.1918e+02,3.1915e+02,3.1913e+02,3.1910e+02,3.1908e+02,3.1907e+02,3.1905e+02,3.1904e+02,3.1903e+02,3.1903e+02,3.1903e+02,3.2386e+02,3.2386e+02,3.2386e+02,3.2385e+02,3.2384e+02,3.2383e+02,3.2382e+02,3.2381e+02,3.2379e+02,3.2377e+02,3.2375e+02,3.2372e+02,3.2369e+02,3.2366e+02,3.2362e+02,3.2358e+02,3.2353e+02,3.2348e+02,3.2341e+02,3.2334e+02,3.2326e+02,3.2316e+02,3.2305e+02,3.2291e+02,3.2275e+02,3.2259e+02,3.2245e+02,3.2234e+02,3.2224e+02,3.2215e+02,3.2207e+02,3.2200e+02,3.2193e+02,3.2188e+02,3.2182e+02,3.2177e+02,3.2173e+02,3.2168e+02,3.2164e+02,3.2160e+02,3.2156e+02,3.2152e+02,3.2148e+02,3.2144e+02,3.2140e+02,3.2136e+02,3.2131e+02,3.2127e+02,3.2123e+02,3.2118e+02,3.2113e+02,3.2108e+02,3.2103e+02,3.2097e+02,3.2091e+02,3.2085e+02,3.2078e+02,3.2072e+02,3.2065e+02,3.2058e+02,3.2052e+02,3.2046e+02,3.2040e+02,3.2034e+02,3.2029e+02,3.2024e+02,3.2019e+02,3.2014e+02,3.2009e+02,3.2004e+02,3.1999e+02,3.1995e+02,3.1990e+02,3.1985e+02,3.1981e+02,3.1976e+02,3.1971e+02,3.1967e+02,3.1962e+02,3.1957e+02,3.1952e+02,3.1947e+02,3.1942e+02,3.1937e+02,3.1933e+02,3.1929e+02,3.1925e+02,3.1921e+02,3.1918e+02,3.1915e+02,3.1913e+02,3.1910e+02,3.1908e+02,3.1906e+02,3.1905e+02,3.1904e+02,3.1903e+02,3.1902e+02,3.1901e+02,3.1901e+02,3.2380e+02,3.2380e+02,3.2379e+02,3.2379e+02,3.2378e+02,3.2377e+02,3.2376e+02,3.2374e+02,3.2373e+02,3.2371e+02,3.2369e+02,3.2366e+02,3.2363e+02,3.2360e+02,3.2356e+02,3.2352e+02,3.2347e+02,3.2342e+02,3.2336e+02,3.2329e+02,3.2320e+02,3.2311e+02,3.2300e+02,3.2287e+02,3.2272e+02,3.2256e+02,3.2243e+02,3.2231e+02,3.2221e+02,3.2213e+02,3.2205e+02,3.2198e+02,3.2192e+02,3.2186e+02,3.2181e+02,3.2176e+02,3.2171e+02,3.2167e+02,3.2162e+02,3.2158e+02,3.2154e+02,3.2150e+02,3.2146e+02,3.2142e+02,3.2138e+02,3.2134e+02,3.2130e+02,3.2125e+02,3.2121e+02,3.2116e+02,3.2111e+02,3.2106e+02,3.2100e+02,3.2094e+02,3.2088e+02,3.2082e+02,3.2075e+02,3.2067e+02,3.2060e+02,3.2053e+02,3.2046e+02,3.2040e+02,3.2034e+02,3.2028e+02,3.2022e+02,3.2017e+02,3.2012e+02,3.2007e+02,3.2002e+02,3.1997e+02,3.1993e+02,3.1988e+02,3.1984e+02,3.1979e+02,3.1975e+02,3.1971e+02,3.1966e+02,3.1962e+02,3.1957e+02,3.1953e+02,3.1948e+02,3.1943e+02,3.1938e+02,3.1934e+02,3.1929e+02,3.1926e+02,3.1922e+02,3.1919e+02,3.1916e+02,3.1913e+02,3.1911e+02,3.1908e+02,3.1906e+02,3.1905e+02,3.1903e+02,3.1902e+02,3.1901e+02,3.1900e+02,3.1900e+02,3.1900e+02,3.2373e+02,3.2373e+02,3.2372e+02,3.2372e+02,3.2371e+02,3.2370e+02,3.2369e+02,3.2367e+02,3.2366e+02,3.2364e+02,3.2362e+02,3.2359e+02,3.2356e+02,3.2353e+02,3.2349e+02,3.2345e+02,3.2341e+02,3.2335e+02,3.2329e+02,3.2323e+02,3.2315e+02,3.2306e+02,3.2295e+02,3.2283e+02,3.2268e+02,3.2253e+02,3.2241e+02,3.2230e+02,3.2220e+02,3.2212e+02,3.2204e+02,3.2197e+02,3.2191e+02,3.2186e+02,3.2180e+02,3.2176e+02,3.2171e+02,3.2166e+02,3.2162e+02,3.2158e+02,3.2154e+02,3.2150e+02,3.2146e+02,3.2142e+02,3.2138e+02,3.2134e+02,3.2130e+02,3.2125e+02,3.2120e+02,3.2116e+02,3.2110e+02,3.2105e+02,3.2099e+02,3.2093e+02,3.2087e+02,3.2080e+02,3.2072e+02,3.2064e+02,3.2056e+02,3.2048e+02,3.2041e+02,3.2035e+02,3.2028e+02,3.2022e+02,3.2017e+02,3.2011e+02,3.2006e+02,3.2001e+02,3.1996e+02,3.1992e+02,3.1987e+02,3.1983e+02,3.1978e+02,3.1974e+02,3.1970e+02,3.1966e+02,3.1961e+02,3.1957e+02,3.1953e+02,3.1949e+02,3.1944e+02,3.1940e+02,3.1935e+02,3.1930e+02,3.1927e+02,3.1923e+02,3.1919e+02,3.1916e+02,3.1914e+02,3.1911e+02,3.1909e+02,3.1907e+02,3.1905e+02,3.1903e+02,3.1902e+02,3.1901e+02,3.1900e+02,3.1899e+02,3.1899e+02,3.1899e+02,3.2365e+02,3.2365e+02,3.2364e+02,3.2364e+02,3.2363e+02,3.2362e+02,3.2361e+02,3.2359e+02,3.2358e+02,3.2356e+02,3.2354e+02,3.2351e+02,3.2349e+02,3.2346e+02,3.2342e+02,3.2338e+02,3.2334e+02,3.2328e+02,3.2323e+02,3.2316e+02,3.2308e+02,3.2300e+02,3.2290e+02,3.2278e+02,3.2264e+02,3.2250e+02,3.2237e+02,3.2227e+02,3.2218e+02,3.2210e+02,3.2202e+02,3.2196e+02,3.2190e+02,3.2184e+02,3.2179e+02,3.2174e+02,3.2170e+02,3.2166e+02,3.2161e+02,3.2157e+02,3.2153e+02,3.2149e+02,3.2145e+02,3.2141e+02,3.2137e+02,3.2133e+02,3.2129e+02,3.2124e+02,3.2120e+02,3.2115e+02,3.2109e+02,3.2104e+02,3.2098e+02,3.2092e+02,3.2085e+02,3.2077e+02,3.2069e+02,3.2061e+02,3.2052e+02,3.2044e+02,3.2037e+02,3.2030e+02,3.2023e+02,3.2017e+02,3.2012e+02,3.2006e+02,3.2001e+02,3.1996e+02,3.1991e+02,3.1987e+02,3.1982e+02,3.1978e+02,3.1974e+02,3.1970e+02,3.1965e+02,3.1961e+02,3.1957e+02,3.1953e+02,3.1949e+02,3.1945e+02,3.1941e+02,3.1936e+02,3.1932e+02,3.1928e+02,3.1924e+02,3.1921e+02,3.1917e+02,3.1914e+02,3.1912e+02,3.1909e+02,3.1907e+02,3.1905e+02,3.1904e+02,3.1902e+02,3.1901e+02,3.1900e+02,3.1899e+02,3.1898e+02,3.1898e+02,3.1898e+02,3.2356e+02,3.2356e+02,3.2355e+02,3.2355e+02,3.2354e+02,3.2353e+02,3.2352e+02,3.2351e+02,3.2349e+02,3.2347e+02,3.2345e+02,3.2343e+02,3.2340e+02,3.2337e+02,3.2334e+02,3.2330e+02,3.2326e+02,3.2321e+02,3.2315e+02,3.2309e+02,3.2302e+02,3.2293e+02,3.2283e+02,3.2272e+02,3.2259e+02,3.2245e+02,3.2233e+02,3.2223e+02,3.2214e+02,3.2207e+02,3.2200e+02,3.2193e+02,3.2187e+02,3.2182e+02,3.2177e+02,3.2172e+02,3.2168e+02,3.2164e+02,3.2160e+02,3.2156e+02,3.2152e+02,3.2148e+02,3.2144e+02,3.2140e+02,3.2136e+02,3.2131e+02,3.2127e+02,3.2123e+02,3.2118e+02,3.2113e+02,3.2108e+02,3.2102e+02,3.2096e+02,3.2089e+02,3.2082e+02,3.2075e+02,3.2066e+02,3.2057e+02,3.2048e+02,3.2040e+02,3.2032e+02,3.2025e+02,3.2019e+02,3.2013e+02,3.2007e+02,3.2001e+02,3.1996e+02,3.1991e+02,3.1987e+02,3.1982e+02,3.1978e+02,3.1974e+02,3.1970e+02,3.1965e+02,3.1962e+02,3.1958e+02,3.1954e+02,3.1950e+02,3.1946e+02,3.1942e+02,3.1938e+02,3.1934e+02,3.1929e+02,3.1925e+02,3.1922e+02,3.1919e+02,3.1916e+02,3.1913e+02,3.1910e+02,3.1908e+02,3.1906e+02,3.1904e+02,3.1903e+02,3.1901e+02,3.1900e+02,3.1899e+02,3.1898e+02,3.1898e+02,3.1897e+02,3.1897e+02,3.2346e+02,3.2346e+02,3.2346e+02,3.2345e+02,3.2344e+02,3.2344e+02,3.2342e+02,3.2341e+02,3.2340e+02,3.2338e+02,3.2336e+02,3.2334e+02,3.2331e+02,3.2328e+02,3.2325e+02,3.2321e+02,3.2317e+02,3.2312e+02,3.2307e+02,3.2301e+02,3.2294e+02,3.2286e+02,3.2276e+02,3.2265e+02,3.2252e+02,3.2239e+02,3.2228e+02,3.2218e+02,3.2210e+02,3.2202e+02,3.2196e+02,3.2190e+02,3.2184e+02,3.2179e+02,3.2174e+02,3.2170e+02,3.2165e+02,3.2161e+02,3.2157e+02,3.2153e+02,3.2149e+02,3.2145e+02,3.2141e+02,3.2137e+02,3.2133e+02,3.2129e+02,3.2125e+02,3.2120e+02,3.2115e+02,3.2110e+02,3.2105e+02,3.2099e+02,3.2093e+02,3.2087e+02,3.2079e+02,3.2072e+02,3.2063e+02,3.2054e+02,3.2045e+02,3.2036e+02,3.2028e+02,3.2021e+02,3.2015e+02,3.2008e+02,3.2003e+02,3.1997e+02,3.1992e+02,3.1987e+02,3.1983e+02,3.1978e+02,3.1974e+02,3.1970e+02,3.1966e+02,3.1962e+02,3.1958e+02,3.1954e+02,3.1951e+02,3.1947e+02,3.1943e+02,3.1939e+02,3.1935e+02,3.1931e+02,3.1927e+02,3.1924e+02,3.1920e+02,3.1917e+02,3.1914e+02,3.1912e+02,3.1909e+02,3.1907e+02,3.1905e+02,3.1903e+02,3.1902e+02,3.1901e+02,3.1899e+02,3.1899e+02,3.1898e+02,3.1897e+02,3.1897e+02,3.1897e+02,3.2335e+02,3.2335e+02,3.2335e+02,3.2334e+02,3.2334e+02,3.2333e+02,3.2332e+02,3.2330e+02,3.2329e+02,3.2327e+02,3.2325e+02,3.2323e+02,3.2321e+02,3.2318e+02,3.2315e+02,3.2311e+02,3.2307e+02,3.2303e+02,3.2298e+02,3.2292e+02,3.2285e+02,3.2277e+02,3.2268e+02,3.2258e+02,3.2245e+02,3.2233e+02,3.2222e+02,3.2213e+02,3.2204e+02,3.2197e+02,3.2191e+02,3.2185e+02,3.2180e+02,3.2175e+02,3.2170e+02,3.2166e+02,3.2161e+02,3.2157e+02,3.2153e+02,3.2149e+02,3.2146e+02,3.2142e+02,3.2138e+02,3.2134e+02,3.2130e+02,3.2126e+02,3.2121e+02,3.2117e+02,3.2112e+02,3.2107e+02,3.2102e+02,3.2096e+02,3.2090e+02,3.2083e+02,3.2076e+02,3.2068e+02,3.2060e+02,3.2050e+02,3.2041e+02,3.2032e+02,3.2024e+02,3.2017e+02,3.2011e+02,3.2004e+02,3.1999e+02,3.1993e+02,3.1988e+02,3.1983e+02,3.1979e+02,3.1975e+02,3.1970e+02,3.1966e+02,3.1963e+02,3.1959e+02,3.1955e+02,3.1952e+02,3.1948e+02,3.1944e+02,3.1941e+02,3.1937e+02,3.1933e+02,3.1930e+02,3.1926e+02,3.1922e+02,3.1919e+02,3.1916e+02,3.1913e+02,3.1911e+02,3.1908e+02,3.1906e+02,3.1905e+02,3.1903e+02,3.1902e+02,3.1900e+02,3.1899e+02,3.1898e+02,3.1898e+02,3.1897e+02,3.1897e+02,3.1897e+02,3.2323e+02,3.2323e+02,3.2323e+02,3.2322e+02,3.2322e+02,3.2321e+02,3.2320e+02,3.2319e+02,3.2317e+02,3.2315e+02,3.2314e+02,3.2311e+02,3.2309e+02,3.2306e+02,3.2303e+02,3.2300e+02,3.2296e+02,3.2292e+02,3.2287e+02,3.2282e+02,3.2275e+02,3.2268e+02,3.2259e+02,3.2249e+02,3.2237e+02,3.2225e+02,3.2214e+02,3.2205e+02,3.2198e+02,3.2191e+02,3.2185e+02,3.2179e+02,3.2174e+02,3.2169e+02,3.2165e+02,3.2160e+02,3.2156e+02,3.2152e+02,3.2149e+02,3.2145e+02,3.2141e+02,3.2137e+02,3.2133e+02,3.2130e+02,3.2126e+02,3.2122e+02,3.2117e+02,3.2113e+02,3.2108e+02,3.2103e+02,3.2098e+02,3.2092e+02,3.2086e+02,3.2079e+02,3.2072e+02,3.2064e+02,3.2056e+02,3.2046e+02,3.2037e+02,3.2028e+02,3.2021e+02,3.2013e+02,3.2007e+02,3.2001e+02,3.1995e+02,3.1990e+02,3.1985e+02,3.1980e+02,3.1976e+02,3.1971e+02,3.1967e+02,3.1963e+02,3.1960e+02,3.1956e+02,3.1953e+02,3.1949e+02,3.1946e+02,3.1942e+02,3.1939e+02,3.1935e+02,3.1932e+02,3.1928e+02,3.1924e+02,3.1921e+02,3.1918e+02,3.1915e+02,3.1912e+02,3.1910e+02,3.1908e+02,3.1906e+02,3.1904e+02,3.1903e+02,3.1901e+02,3.1900e+02,3.1899e+02,3.1899e+02,3.1898e+02,3.1897e+02,3.1897e+02,3.1897e+02,3.2310e+02,3.2310e+02,3.2309e+02,3.2309e+02,3.2308e+02,3.2307e+02,3.2306e+02,3.2305e+02,3.2304e+02,3.2302e+02,3.2301e+02,3.2298e+02,3.2296e+02,3.2294e+02,3.2291e+02,3.2288e+02,3.2284e+02,3.2280e+02,3.2275e+02,3.2270e+02,3.2264e+02,3.2257e+02,3.2249e+02,3.2239e+02,3.2227e+02,3.2216e+02,3.2206e+02,3.2197e+02,3.2190e+02,3.2183e+02,3.2177e+02,3.2172e+02,3.2167e+02,3.2163e+02,3.2158e+02,3.2154e+02,3.2150e+02,3.2146e+02,3.2143e+02,3.2139e+02,3.2135e+02,3.2132e+02,3.2128e+02,3.2124e+02,3.2120e+02,3.2116e+02,3.2112e+02,3.2108e+02,3.2103e+02,3.2098e+02,3.2093e+02,3.2087e+02,3.2081e+02,3.2075e+02,3.2068e+02,3.2060e+02,3.2051e+02,3.2042e+02,3.2033e+02,3.2025e+02,3.2017e+02,3.2010e+02,3.2003e+02,3.1997e+02,3.1992e+02,3.1986e+02,3.1982e+02,3.1977e+02,3.1973e+02,3.1969e+02,3.1965e+02,3.1961e+02,3.1957e+02,3.1954e+02,3.1950e+02,3.1947e+02,3.1944e+02,3.1940e+02,3.1937e+02,3.1934e+02,3.1931e+02,3.1927e+02,3.1923e+02,3.1920e+02,3.1917e+02,3.1914e+02,3.1912e+02,3.1910e+02,3.1908e+02,3.1906e+02,3.1904e+02,3.1903e+02,3.1902e+02,3.1901e+02,3.1900e+02,3.1899e+02,3.1898e+02,3.1898e+02,3.1898e+02,3.1898e+02,3.2295e+02,3.2295e+02,3.2294e+02,3.2294e+02,3.2293e+02,3.2292e+02,3.2291e+02,3.2290e+02,3.2289e+02,3.2288e+02,3.2286e+02,3.2284e+02,3.2282e+02,3.2279e+02,3.2277e+02,3.2274e+02,3.2270e+02,3.2266e+02,3.2262e+02,3.2257e+02,3.2251e+02,3.2245e+02,3.2237e+02,3.2228e+02,3.2217e+02,3.2205e+02,3.2196e+02,3.2188e+02,3.2181e+02,3.2174e+02,3.2169e+02,3.2164e+02,3.2159e+02,3.2155e+02,3.2151e+02,3.2147e+02,3.2143e+02,3.2139e+02,3.2136e+02,3.2132e+02,3.2129e+02,3.2125e+02,3.2122e+02,3.2118e+02,3.2114e+02,3.2110e+02,3.2106e+02,3.2102e+02,3.2097e+02,3.2093e+02,3.2087e+02,3.2082e+02,3.2076e+02,3.2070e+02,3.2063e+02,3.2055e+02,3.2047e+02,3.2038e+02,3.2029e+02,3.2020e+02,3.2013e+02,3.2006e+02,3.2000e+02,3.1994e+02,3.1988e+02,3.1983e+02,3.1979e+02,3.1974e+02,3.1970e+02,3.1966e+02,3.1962e+02,3.1959e+02,3.1955e+02,3.1952e+02,3.1949e+02,3.1945e+02,3.1942e+02,3.1939e+02,3.1936e+02,3.1933e+02,3.1930e+02,3.1926e+02,3.1923e+02,3.1920e+02,3.1917e+02,3.1914e+02,3.1912e+02,3.1910e+02,3.1908e+02,3.1906e+02,3.1905e+02,3.1904e+02,3.1902e+02,3.1901e+02,3.1901e+02,3.1900e+02,3.1899e+02,3.1899e+02,3.1899e+02,3.1898e+02,3.2278e+02,3.2278e+02,3.2277e+02,3.2277e+02,3.2276e+02,3.2275e+02,3.2275e+02,3.2273e+02,3.2272e+02,3.2271e+02,3.2269e+02,3.2267e+02,3.2265e+02,3.2263e+02,3.2260e+02,3.2258e+02,3.2254e+02,3.2251e+02,3.2247e+02,3.2242e+02,3.2237e+02,3.2231e+02,3.2223e+02,3.2215e+02,3.2204e+02,3.2193e+02,3.2184e+02,3.2177e+02,3.2170e+02,3.2164e+02,3.2159e+02,3.2155e+02,3.2150e+02,3.2146e+02,3.2142e+02,3.2138e+02,3.2135e+02,3.2131e+02,3.2128e+02,3.2124e+02,3.2121e+02,3.2117e+02,3.2114e+02,3.2110e+02,3.2107e+02,3.2103e+02,3.2099e+02,3.2095e+02,3.2090e+02,3.2086e+02,3.2081e+02,3.2075e+02,3.2070e+02,3.2064e+02,3.2057e+02,3.2050e+02,3.2042e+02,3.2033e+02,3.2024e+02,3.2016e+02,3.2009e+02,3.2002e+02,3.1996e+02,3.1991e+02,3.1985e+02,3.1981e+02,3.1976e+02,3.1972e+02,3.1968e+02,3.1964e+02,3.1960e+02,3.1957e+02,3.1953e+02,3.1950e+02,3.1947e+02,3.1944e+02,3.1941e+02,3.1938e+02,3.1935e+02,3.1932e+02,3.1929e+02,3.1926e+02,3.1923e+02,3.1920e+02,3.1917e+02,3.1915e+02,3.1913e+02,3.1911e+02,3.1909e+02,3.1907e+02,3.1906e+02,3.1905e+02,3.1904e+02,3.1903e+02,3.1902e+02,3.1901e+02,3.1901e+02,3.1900e+02,3.1900e+02,3.1900e+02,3.2258e+02,3.2258e+02,3.2258e+02,3.2258e+02,3.2257e+02,3.2256e+02,3.2255e+02,3.2254e+02,3.2253e+02,3.2252e+02,3.2250e+02,3.2249e+02,3.2247e+02,3.2245e+02,3.2242e+02,3.2239e+02,3.2236e+02,3.2233e+02,3.2229e+02,3.2225e+02,3.2220e+02,3.2215e+02,3.2208e+02,3.2200e+02,3.2190e+02,3.2180e+02,3.2172e+02,3.2165e+02,3.2159e+02,3.2153e+02,3.2148e+02,3.2144e+02,3.2140e+02,3.2136e+02,3.2132e+02,3.2129e+02,3.2125e+02,3.2122e+02,3.2118e+02,3.2115e+02,3.2112e+02,3.2109e+02,3.2105e+02,3.2102e+02,3.2098e+02,3.2095e+02,3.2091e+02,3.2087e+02,3.2082e+02,3.2078e+02,3.2073e+02,3.2068e+02,3.2063e+02,3.2057e+02,3.2050e+02,3.2043e+02,3.2036e+02,3.2028e+02,3.2019e+02,3.2012e+02,3.2005e+02,3.1999e+02,3.1993e+02,3.1988e+02,3.1983e+02,3.1978e+02,3.1974e+02,3.1969e+02,3.1966e+02,3.1962e+02,3.1958e+02,3.1955e+02,3.1952e+02,3.1949e+02,3.1946e+02,3.1943e+02,3.1940e+02,3.1937e+02,3.1935e+02,3.1932e+02,3.1929e+02,3.1926e+02,3.1923e+02,3.1920e+02,3.1918e+02,3.1915e+02,3.1913e+02,3.1912e+02,3.1910e+02,3.1908e+02,3.1907e+02,3.1906e+02,3.1905e+02,3.1904e+02,3.1903e+02,3.1903e+02,3.1902e+02,3.1902e+02,3.1902e+02,3.1901e+02,3.2236e+02,3.2236e+02,3.2236e+02,3.2236e+02,3.2235e+02,3.2234e+02,3.2234e+02,3.2233e+02,3.2231e+02,3.2230e+02,3.2229e+02,3.2227e+02,3.2225e+02,3.2223e+02,3.2221e+02,3.2219e+02,3.2216e+02,3.2213e+02,3.2209e+02,3.2205e+02,3.2201e+02,3.2196e+02,3.2190e+02,3.2183e+02,3.2174e+02,3.2165e+02,3.2157e+02,3.2151e+02,3.2146e+02,3.2141e+02,3.2136e+02,3.2132e+02,3.2128e+02,3.2125e+02,3.2121e+02,3.2118e+02,3.2114e+02,3.2111e+02,3.2108e+02,3.2105e+02,3.2102e+02,3.2099e+02,3.2095e+02,3.2092e+02,3.2089e+02,3.2085e+02,3.2081e+02,3.2077e+02,3.2073e+02,3.2069e+02,3.2065e+02,3.2060e+02,3.2055e+02,3.2049e+02,3.2043e+02,3.2037e+02,3.2030e+02,3.2022e+02,3.2014e+02,3.2008e+02,3.2001e+02,3.1995e+02,3.1990e+02,3.1985e+02,3.1980e+02,3.1976e+02,3.1971e+02,3.1968e+02,3.1964e+02,3.1960e+02,3.1957e+02,3.1954e+02,3.1951e+02,3.1948e+02,3.1945e+02,3.1942e+02,3.1940e+02,3.1937e+02,3.1934e+02,3.1932e+02,3.1929e+02,3.1926e+02,3.1923e+02,3.1921e+02,3.1919e+02,3.1917e+02,3.1915e+02,3.1913e+02,3.1912e+02,3.1910e+02,3.1909e+02,3.1908e+02,3.1907e+02,3.1906e+02,3.1905e+02,3.1905e+02,3.1904e+02,3.1904e+02,3.1904e+02,3.1904e+02,3.2211e+02,3.2211e+02,3.2211e+02,3.2210e+02,3.2210e+02,3.2209e+02,3.2208e+02,3.2207e+02,3.2206e+02,3.2205e+02,3.2204e+02,3.2202e+02,3.2201e+02,3.2199e+02,3.2197e+02,3.2194e+02,3.2192e+02,3.2189e+02,3.2186e+02,3.2182e+02,3.2178e+02,3.2174e+02,3.2168e+02,3.2162e+02,3.2155e+02,3.2148e+02,3.2142e+02,3.2136e+02,3.2131e+02,3.2127e+02,3.2123e+02,3.2119e+02,3.2115e+02,3.2112e+02,3.2109e+02,3.2106e+02,3.2102e+02,3.2099e+02,3.2096e+02,3.2093e+02,3.2090e+02,3.2087e+02,3.2084e+02,3.2081e+02,3.2078e+02,3.2074e+02,3.2071e+02,3.2067e+02,3.2063e+02,3.2059e+02,3.2055e+02,3.2050e+02,3.2046e+02,3.2040e+02,3.2035e+02,3.2029e+02,3.2023e+02,3.2016e+02,3.2009e+02,3.2003e+02,3.1997e+02,3.1992e+02,3.1987e+02,3.1982e+02,3.1978e+02,3.1973e+02,3.1969e+02,3.1966e+02,3.1962e+02,3.1959e+02,3.1956e+02,3.1953e+02,3.1950e+02,3.1947e+02,3.1944e+02,3.1942e+02,3.1939e+02,3.1937e+02,3.1934e+02,3.1932e+02,3.1930e+02,3.1927e+02,3.1925e+02,3.1922e+02,3.1920e+02,3.1918e+02,3.1917e+02,3.1915e+02,3.1914e+02,3.1912e+02,3.1911e+02,3.1910e+02,3.1909e+02,3.1908e+02,3.1908e+02,3.1907e+02,3.1907e+02,3.1906e+02,3.1906e+02,3.1906e+02,3.2185e+02,3.2184e+02,3.2184e+02,3.2184e+02,3.2183e+02,3.2183e+02,3.2182e+02,3.2181e+02,3.2180e+02,3.2179e+02,3.2178e+02,3.2176e+02,3.2175e+02,3.2173e+02,3.2171e+02,3.2169e+02,3.2167e+02,3.2164e+02,3.2161e+02,3.2158e+02,3.2154e+02,3.2151e+02,3.2146e+02,3.2141e+02,3.2136e+02,3.2131e+02,3.2126e+02,3.2121e+02,3.2117e+02,3.2113e+02,3.2109e+02,3.2106e+02,3.2102e+02,3.2099e+02,3.2096e+02,3.2093e+02,3.2090e+02,3.2087e+02,3.2084e+02,3.2081e+02,3.2079e+02,3.2076e+02,3.2073e+02,3.2070e+02,3.2066e+02,3.2063e+02,3.2060e+02,3.2056e+02,3.2053e+02,3.2049e+02,3.2045e+02,3.2041e+02,3.2036e+02,3.2031e+02,3.2026e+02,3.2021e+02,3.2016e+02,3.2010e+02,3.2004e+02,3.1999e+02,3.1993e+02,3.1988e+02,3.1984e+02,3.1979e+02,3.1975e+02,3.1971e+02,3.1968e+02,3.1964e+02,3.1961e+02,3.1958e+02,3.1955e+02,3.1952e+02,3.1949e+02,3.1947e+02,3.1944e+02,3.1942e+02,3.1939e+02,3.1937e+02,3.1935e+02,3.1932e+02,3.1930e+02,3.1928e+02,3.1926e+02,3.1924e+02,3.1922e+02,3.1920e+02,3.1919e+02,3.1917e+02,3.1916e+02,3.1915e+02,3.1914e+02,3.1913e+02,3.1912e+02,3.1911e+02,3.1910e+02,3.1910e+02,3.1910e+02,3.1909e+02,3.1909e+02,3.1909e+02,3.2162e+02,3.2162e+02,3.2161e+02,3.2161e+02,3.2161e+02,3.2160e+02,3.2159e+02,3.2159e+02,3.2158e+02,3.2157e+02,3.2155e+02,3.2154e+02,3.2153e+02,3.2151e+02,3.2149e+02,3.2147e+02,3.2145e+02,3.2143e+02,3.2140e+02,3.2137e+02,3.2134e+02,3.2131e+02,3.2127e+02,3.2123e+02,3.2119e+02,3.2115e+02,3.2111e+02,3.2107e+02,3.2103e+02,3.2099e+02,3.2096e+02,3.2093e+02,3.2090e+02,3.2087e+02,3.2084e+02,3.2081e+02,3.2079e+02,3.2076e+02,3.2073e+02,3.2070e+02,3.2068e+02,3.2065e+02,3.2062e+02,3.2059e+02,3.2056e+02,3.2053e+02,3.2050e+02,3.2047e+02,3.2043e+02,3.2040e+02,3.2036e+02,3.2032e+02,3.2028e+02,3.2023e+02,3.2019e+02,3.2014e+02,3.2009e+02,3.2004e+02,3.1999e+02,3.1994e+02,3.1990e+02,3.1985e+02,3.1981e+02,3.1977e+02,3.1973e+02,3.1969e+02,3.1966e+02,3.1963e+02,3.1959e+02,3.1957e+02,3.1954e+02,3.1951e+02,3.1948e+02,3.1946e+02,3.1944e+02,3.1941e+02,3.1939e+02,3.1937e+02,3.1935e+02,3.1933e+02,3.1931e+02,3.1929e+02,3.1927e+02,3.1925e+02,3.1923e+02,3.1922e+02,3.1920e+02,3.1919e+02,3.1918e+02,3.1917e+02,3.1916e+02,3.1915e+02,3.1914e+02,3.1913e+02,3.1913e+02,3.1912e+02,3.1912e+02,3.1912e+02,3.1912e+02,3.1911e+02,3.2142e+02,3.2142e+02,3.2142e+02,3.2141e+02,3.2141e+02,3.2140e+02,3.2140e+02,3.2139e+02,3.2138e+02,3.2137e+02,3.2136e+02,3.2135e+02,3.2133e+02,3.2132e+02,3.2130e+02,3.2128e+02,3.2126e+02,3.2124e+02,3.2122e+02,3.2119e+02,3.2117e+02,3.2114e+02,3.2111e+02,3.2107e+02,3.2104e+02,3.2100e+02,3.2097e+02,3.2094e+02,3.2090e+02,3.2087e+02,3.2084e+02,3.2081e+02,3.2079e+02,3.2076e+02,3.2073e+02,3.2070e+02,3.2068e+02,3.2065e+02,3.2063e+02,3.2060e+02,3.2058e+02,3.2055e+02,3.2052e+02,3.2049e+02,3.2047e+02,3.2044e+02,3.2041e+02,3.2038e+02,3.2034e+02,3.2031e+02,3.2028e+02,3.2024e+02,3.2020e+02,3.2016e+02,3.2012e+02,3.2008e+02,3.2003e+02,3.1999e+02,3.1995e+02,3.1990e+02,3.1986e+02,3.1982e+02,3.1978e+02,3.1974e+02,3.1971e+02,3.1967e+02,3.1964e+02,3.1961e+02,3.1958e+02,3.1955e+02,3.1953e+02,3.1950e+02,3.1948e+02,3.1946e+02,3.1943e+02,3.1941e+02,3.1939e+02,3.1937e+02,3.1935e+02,3.1933e+02,3.1931e+02,3.1930e+02,3.1928e+02,3.1926e+02,3.1925e+02,3.1923e+02,3.1922e+02,3.1921e+02,3.1920e+02,3.1919e+02,3.1918e+02,3.1917e+02,3.1916e+02,3.1915e+02,3.1915e+02,3.1915e+02,3.1914e+02,3.1914e+02,3.1914e+02,3.1914e+02,3.2124e+02,3.2124e+02,3.2124e+02,3.2124e+02,3.2123e+02,3.2123e+02,3.2122e+02,3.2122e+02,3.2121e+02,3.2120e+02,3.2119e+02,3.2118e+02,3.2117e+02,3.2115e+02,3.2114e+02,3.2112e+02,3.2110e+02,3.2108e+02,3.2106e+02,3.2104e+02,3.2101e+02,3.2099e+02,3.2096e+02,3.2093e+02,3.2090e+02,3.2088e+02,3.2085e+02,3.2082e+02,3.2079e+02,3.2076e+02,3.2073e+02,3.2071e+02,3.2068e+02,3.2066e+02,3.2063e+02,3.2061e+02,3.2058e+02,3.2056e+02,3.2053e+02,3.2051e+02,3.2048e+02,3.2046e+02,3.2043e+02,3.2041e+02,3.2038e+02,3.2035e+02,3.2032e+02,3.2030e+02,3.2026e+02,3.2023e+02,3.2020e+02,3.2017e+02,3.2013e+02,3.2010e+02,3.2006e+02,3.2002e+02,3.1998e+02,3.1994e+02,3.1990e+02,3.1986e+02,3.1983e+02,3.1979e+02,3.1975e+02,3.1972e+02,3.1969e+02,3.1966e+02,3.1963e+02,3.1960e+02,3.1957e+02,3.1954e+02,3.1952e+02,3.1950e+02,3.1947e+02,3.1945e+02,3.1943e+02,3.1941e+02,3.1939e+02,3.1937e+02,3.1935e+02,3.1934e+02,3.1932e+02,3.1930e+02,3.1929e+02,3.1927e+02,3.1926e+02,3.1925e+02,3.1923e+02,3.1922e+02,3.1921e+02,3.1920e+02,3.1919e+02,3.1919e+02,3.1918e+02,3.1917e+02,3.1917e+02,3.1916e+02,3.1916e+02,3.1916e+02,3.1916e+02,3.1916e+02,3.2109e+02,3.2109e+02,3.2109e+02,3.2109e+02,3.2108e+02,3.2108e+02,3.2107e+02,3.2106e+02,3.2106e+02,3.2105e+02,3.2104e+02,3.2103e+02,3.2102e+02,3.2100e+02,3.2099e+02,3.2097e+02,3.2096e+02,3.2094e+02,3.2092e+02,3.2090e+02,3.2088e+02,3.2086e+02,3.2083e+02,3.2081e+02,3.2078e+02,3.2076e+02,3.2073e+02,3.2071e+02,3.2068e+02,3.2066e+02,3.2063e+02,3.2061e+02,3.2058e+02,3.2056e+02,3.2054e+02,3.2051e+02,3.2049e+02,3.2047e+02,3.2045e+02,3.2042e+02,3.2040e+02,3.2037e+02,3.2035e+02,3.2033e+02,3.2030e+02,3.2028e+02,3.2025e+02,3.2022e+02,3.2019e+02,3.2016e+02,3.2013e+02,3.2010e+02,3.2007e+02,3.2004e+02,3.2000e+02,3.1997e+02,3.1993e+02,3.1990e+02,3.1986e+02,3.1983e+02,3.1979e+02,3.1976e+02,3.1973e+02,3.1970e+02,3.1967e+02,3.1964e+02,3.1961e+02,3.1958e+02,3.1956e+02,3.1953e+02,3.1951e+02,3.1949e+02,3.1947e+02,3.1945e+02,3.1943e+02,3.1941e+02,3.1939e+02,3.1937e+02,3.1936e+02,3.1934e+02,3.1932e+02,3.1931e+02,3.1929e+02,3.1928e+02,3.1927e+02,3.1926e+02,3.1924e+02,3.1923e+02,3.1922e+02,3.1922e+02,3.1921e+02,3.1920e+02,3.1919e+02,3.1919e+02,3.1918e+02,3.1918e+02,3.1918e+02,3.1918e+02,3.1917e+02,3.1917e+02,3.2095e+02,3.2095e+02,3.2095e+02,3.2095e+02,3.2095e+02,3.2094e+02,3.2094e+02,3.2093e+02,3.2092e+02,3.2091e+02,3.2091e+02,3.2090e+02,3.2089e+02,3.2087e+02,3.2086e+02,3.2085e+02,3.2083e+02,3.2082e+02,3.2080e+02,3.2078e+02,3.2076e+02,3.2074e+02,3.2072e+02,3.2070e+02,3.2068e+02,3.2065e+02,3.2063e+02,3.2061e+02,3.2059e+02,3.2056e+02,3.2054e+02,3.2052e+02,3.2050e+02,3.2047e+02,3.2045e+02,3.2043e+02,3.2041e+02,3.2039e+02,3.2037e+02,3.2034e+02,3.2032e+02,3.2030e+02,3.2028e+02,3.2025e+02,3.2023e+02,3.2021e+02,3.2018e+02,3.2015e+02,3.2013e+02,3.2010e+02,3.2007e+02,3.2004e+02,3.2001e+02,3.1998e+02,3.1995e+02,3.1992e+02,3.1989e+02,3.1986e+02,3.1983e+02,3.1979e+02,3.1976e+02,3.1973e+02,3.1970e+02,3.1968e+02,3.1965e+02,3.1962e+02,3.1960e+02,3.1957e+02,3.1955e+02,3.1952e+02,3.1950e+02,3.1948e+02,3.1946e+02,3.1944e+02,3.1942e+02,3.1941e+02,3.1939e+02,3.1937e+02,3.1936e+02,3.1934e+02,3.1933e+02,3.1931e+02,3.1930e+02,3.1929e+02,3.1928e+02,3.1927e+02,3.1925e+02,3.1925e+02,3.1924e+02,3.1923e+02,3.1922e+02,3.1921e+02,3.1921e+02,3.1920e+02,3.1920e+02,3.1920e+02,3.1919e+02,3.1919e+02,3.1919e+02,3.1919e+02,3.2083e+02,3.2083e+02,3.2083e+02,3.2083e+02,3.2082e+02,3.2082e+02,3.2082e+02,3.2081e+02,3.2080e+02,3.2080e+02,3.2079e+02,3.2078e+02,3.2077e+02,3.2076e+02,3.2075e+02,3.2073e+02,3.2072e+02,3.2070e+02,3.2069e+02,3.2067e+02,3.2066e+02,3.2064e+02,3.2062e+02,3.2060e+02,3.2058e+02,3.2056e+02,3.2054e+02,3.2052e+02,3.2050e+02,3.2048e+02,3.2046e+02,3.2044e+02,3.2042e+02,3.2039e+02,3.2037e+02,3.2035e+02,3.2033e+02,3.2031e+02,3.2029e+02,3.2027e+02,3.2025e+02,3.2023e+02,3.2021e+02,3.2019e+02,3.2016e+02,3.2014e+02,3.2012e+02,3.2009e+02,3.2007e+02,3.2004e+02,3.2002e+02,3.1999e+02,3.1996e+02,3.1994e+02,3.1991e+02,3.1988e+02,3.1985e+02,3.1982e+02,3.1979e+02,3.1976e+02,3.1974e+02,3.1971e+02,3.1968e+02,3.1966e+02,3.1963e+02,3.1961e+02,3.1958e+02,3.1956e+02,3.1954e+02,3.1952e+02,3.1950e+02,3.1948e+02,3.1946e+02,3.1944e+02,3.1942e+02,3.1941e+02,3.1939e+02,3.1937e+02,3.1936e+02,3.1935e+02,3.1933e+02,3.1932e+02,3.1931e+02,3.1929e+02,3.1928e+02,3.1927e+02,3.1926e+02,3.1925e+02,3.1925e+02,3.1924e+02,3.1923e+02,3.1923e+02,3.1922e+02,3.1922e+02,3.1921e+02,3.1921e+02,3.1921e+02,3.1920e+02,3.1920e+02,3.1920e+02,3.2072e+02,3.2072e+02,3.2072e+02,3.2072e+02,3.2072e+02,3.2071e+02,3.2071e+02,3.2070e+02,3.2070e+02,3.2069e+02,3.2068e+02,3.2067e+02,3.2066e+02,3.2065e+02,3.2064e+02,3.2063e+02,3.2062e+02,3.2061e+02,3.2059e+02,3.2058e+02,3.2056e+02,3.2054e+02,3.2053e+02,3.2051e+02,3.2049e+02,3.2047e+02,3.2046e+02,3.2044e+02,3.2042e+02,3.2040e+02,3.2038e+02,3.2036e+02,3.2034e+02,3.2032e+02,3.2030e+02,3.2029e+02,3.2027e+02,3.2025e+02,3.2023e+02,3.2021e+02,3.2019e+02,3.2017e+02,3.2015e+02,3.2013e+02,3.2011e+02,3.2008e+02,3.2006e+02,3.2004e+02,3.2002e+02,3.1999e+02,3.1997e+02,3.1995e+02,3.1992e+02,3.1989e+02,3.1987e+02,3.1984e+02,3.1982e+02,3.1979e+02,3.1976e+02,3.1974e+02,3.1971e+02,3.1969e+02,3.1966e+02,3.1964e+02,3.1961e+02,3.1959e+02,3.1957e+02,3.1955e+02,3.1953e+02,3.1951e+02,3.1949e+02,3.1947e+02,3.1945e+02,3.1944e+02,3.1942e+02,3.1940e+02,3.1939e+02,3.1937e+02,3.1936e+02,3.1935e+02,3.1933e+02,3.1932e+02,3.1931e+02,3.1930e+02,3.1929e+02,3.1928e+02,3.1927e+02,3.1926e+02,3.1926e+02,3.1925e+02,3.1924e+02,3.1924e+02,3.1923e+02,3.1923e+02,3.1922e+02,3.1922e+02,3.1922e+02,3.1922e+02,3.1921e+02,3.1921e+02,3.2063e+02,3.2063e+02,3.2063e+02,3.2062e+02,3.2062e+02,3.2062e+02,3.2061e+02,3.2061e+02,3.2060e+02,3.2060e+02,3.2059e+02,3.2058e+02,3.2057e+02,3.2056e+02,3.2055e+02,3.2054e+02,3.2053e+02,3.2052e+02,3.2050e+02,3.2049e+02,3.2048e+02,3.2046e+02,3.2045e+02,3.2043e+02,3.2041e+02,3.2040e+02,3.2038e+02,3.2036e+02,3.2035e+02,3.2033e+02,3.2031e+02,3.2029e+02,3.2028e+02,3.2026e+02,3.2024e+02,3.2022e+02,3.2020e+02,3.2019e+02,3.2017e+02,3.2015e+02,3.2013e+02,3.2011e+02,3.2009e+02,3.2007e+02,3.2005e+02,3.2003e+02,3.2001e+02,3.1999e+02,3.1997e+02,3.1995e+02,3.1993e+02,3.1990e+02,3.1988e+02,3.1986e+02,3.1983e+02,3.1981e+02,3.1978e+02,3.1976e+02,3.1974e+02,3.1971e+02,3.1969e+02,3.1966e+02,3.1964e+02,3.1962e+02,3.1960e+02,3.1958e+02,3.1956e+02,3.1954e+02,3.1952e+02,3.1950e+02,3.1948e+02,3.1946e+02,3.1945e+02,3.1943e+02,3.1942e+02,3.1940e+02,3.1939e+02,3.1937e+02,3.1936e+02,3.1935e+02,3.1934e+02,3.1933e+02,3.1932e+02,3.1931e+02,3.1930e+02,3.1929e+02,3.1928e+02,3.1927e+02,3.1926e+02,3.1926e+02,3.1925e+02,3.1925e+02,3.1924e+02,3.1924e+02,3.1923e+02,3.1923e+02,3.1923e+02,3.1923e+02,3.1922e+02,3.1922e+02,3.2054e+02,3.2054e+02,3.2054e+02,3.2054e+02,3.2054e+02,3.2053e+02,3.2053e+02,3.2052e+02,3.2052e+02,3.2051e+02,3.2051e+02,3.2050e+02,3.2049e+02,3.2048e+02,3.2047e+02,3.2046e+02,3.2045e+02,3.2044e+02,3.2043e+02,3.2042e+02,3.2040e+02,3.2039e+02,3.2037e+02,3.2036e+02,3.2034e+02,3.2033e+02,3.2031e+02,3.2030e+02,3.2028e+02,3.2027e+02,3.2025e+02,3.2023e+02,3.2022e+02,3.2020e+02,3.2018e+02,3.2017e+02,3.2015e+02,3.2013e+02,3.2011e+02,3.2010e+02,3.2008e+02,3.2006e+02,3.2004e+02,3.2003e+02,3.2001e+02,3.1999e+02,3.1997e+02,3.1995e+02,3.1993e+02,3.1991e+02,3.1989e+02,3.1987e+02,3.1984e+02,3.1982e+02,3.1980e+02,3.1978e+02,3.1976e+02,3.1973e+02,3.1971e+02,3.1969e+02,3.1967e+02,3.1965e+02,3.1962e+02,3.1960e+02,3.1958e+02,3.1956e+02,3.1955e+02,3.1953e+02,3.1951e+02,3.1949e+02,3.1948e+02,3.1946e+02,3.1944e+02,3.1943e+02,3.1941e+02,3.1940e+02,3.1939e+02,3.1937e+02,3.1936e+02,3.1935e+02,3.1934e+02,3.1933e+02,3.1932e+02,3.1931e+02,3.1930e+02,3.1929e+02,3.1928e+02,3.1928e+02,3.1927e+02,3.1926e+02,3.1926e+02,3.1925e+02,3.1925e+02,3.1925e+02,3.1924e+02,3.1924e+02,3.1924e+02,3.1923e+02,3.1923e+02,3.1923e+02,3.2047e+02,3.2047e+02,3.2046e+02,3.2046e+02,3.2046e+02,3.2046e+02,3.2045e+02,3.2045e+02,3.2044e+02,3.2044e+02,3.2043e+02,3.2042e+02,3.2042e+02,3.2041e+02,3.2040e+02,3.2039e+02,3.2038e+02,3.2037e+02,3.2036e+02,3.2035e+02,3.2034e+02,3.2032e+02,3.2031e+02,3.2030e+02,3.2028e+02,3.2027e+02,3.2025e+02,3.2024e+02,3.2022e+02,3.2021e+02,3.2019e+02,3.2018e+02,3.2016e+02,3.2015e+02,3.2013e+02,3.2012e+02,3.2010e+02,3.2008e+02,3.2007e+02,3.2005e+02,3.2003e+02,3.2002e+02,3.2000e+02,3.1998e+02,3.1996e+02,3.1995e+02,3.1993e+02,3.1991e+02,3.1989e+02,3.1987e+02,3.1985e+02,3.1983e+02,3.1981e+02,3.1979e+02,3.1977e+02,3.1975e+02,3.1973e+02,3.1971e+02,3.1969e+02,3.1967e+02,3.1965e+02,3.1963e+02,3.1961e+02,3.1959e+02,3.1957e+02,3.1955e+02,3.1954e+02,3.1952e+02,3.1950e+02,3.1949e+02,3.1947e+02,3.1945e+02,3.1944e+02,3.1943e+02,3.1941e+02,3.1940e+02,3.1939e+02,3.1937e+02,3.1936e+02,3.1935e+02,3.1934e+02,3.1933e+02,3.1932e+02,3.1931e+02,3.1931e+02,3.1930e+02,3.1929e+02,3.1928e+02,3.1928e+02,3.1927e+02,3.1927e+02,3.1926e+02,3.1926e+02,3.1925e+02,3.1925e+02,3.1925e+02,3.1924e+02,3.1924e+02,3.1924e+02,3.1924e+02,3.2040e+02,3.2040e+02,3.2040e+02,3.2040e+02,3.2039e+02,3.2039e+02,3.2039e+02,3.2038e+02,3.2038e+02,3.2037e+02,3.2037e+02,3.2036e+02,3.2035e+02,3.2035e+02,3.2034e+02,3.2033e+02,3.2032e+02,3.2031e+02,3.2030e+02,3.2029e+02,3.2028e+02,3.2026e+02,3.2025e+02,3.2024e+02,3.2023e+02,3.2021e+02,3.2020e+02,3.2019e+02,3.2017e+02,3.2016e+02,3.2014e+02,3.2013e+02,3.2012e+02,3.2010e+02,3.2009e+02,3.2007e+02,3.2006e+02,3.2004e+02,3.2002e+02,3.2001e+02,3.1999e+02,3.1998e+02,3.1996e+02,3.1994e+02,3.1993e+02,3.1991e+02,3.1989e+02,3.1988e+02,3.1986e+02,3.1984e+02,3.1982e+02,3.1980e+02,3.1978e+02,3.1976e+02,3.1975e+02,3.1973e+02,3.1971e+02,3.1969e+02,3.1967e+02,3.1965e+02,3.1963e+02,3.1961e+02,3.1959e+02,3.1958e+02,3.1956e+02,3.1954e+02,3.1953e+02,3.1951e+02,3.1949e+02,3.1948e+02,3.1946e+02,3.1945e+02,3.1944e+02,3.1942e+02,3.1941e+02,3.1940e+02,3.1939e+02,3.1937e+02,3.1936e+02,3.1935e+02,3.1934e+02,3.1933e+02,3.1933e+02,3.1932e+02,3.1931e+02,3.1930e+02,3.1929e+02,3.1929e+02,3.1928e+02,3.1928e+02,3.1927e+02,3.1927e+02,3.1926e+02,3.1926e+02,3.1926e+02,3.1925e+02,3.1925e+02,3.1925e+02,3.1925e+02,3.1925e+02,3.2034e+02,3.2034e+02,3.2034e+02,3.2034e+02,3.2033e+02,3.2033e+02,3.2033e+02,3.2032e+02,3.2032e+02,3.2032e+02,3.2031e+02,3.2030e+02,3.2030e+02,3.2029e+02,3.2028e+02,3.2027e+02,3.2026e+02,3.2026e+02,3.2025e+02,3.2024e+02,3.2023e+02,3.2021e+02,3.2020e+02,3.2019e+02,3.2018e+02,3.2017e+02,3.2015e+02,3.2014e+02,3.2013e+02,3.2011e+02,3.2010e+02,3.2009e+02,3.2007e+02,3.2006e+02,3.2005e+02,3.2003e+02,3.2002e+02,3.2000e+02,3.1999e+02,3.1997e+02,3.1996e+02,3.1994e+02,3.1993e+02,3.1991e+02,3.1989e+02,3.1988e+02,3.1986e+02,3.1985e+02,3.1983e+02,3.1981e+02,3.1979e+02,3.1978e+02,3.1976e+02,3.1974e+02,3.1972e+02,3.1971e+02,3.1969e+02,3.1967e+02,3.1965e+02,3.1963e+02,3.1962e+02,3.1960e+02,3.1958e+02,3.1957e+02,3.1955e+02,3.1953e+02,3.1952e+02,3.1950e+02,3.1949e+02,3.1947e+02,3.1946e+02,3.1945e+02,3.1943e+02,3.1942e+02,3.1941e+02,3.1940e+02,3.1939e+02,3.1937e+02,3.1936e+02,3.1935e+02,3.1934e+02,3.1934e+02,3.1933e+02,3.1932e+02,3.1931e+02,3.1930e+02,3.1930e+02,3.1929e+02,3.1929e+02,3.1928e+02,3.1928e+02,3.1927e+02,3.1927e+02,3.1926e+02,3.1926e+02,3.1926e+02,3.1926e+02,3.1926e+02,3.1926e+02,3.1925e+02,3.2029e+02,3.2029e+02,3.2029e+02,3.2029e+02,3.2028e+02,3.2028e+02,3.2028e+02,3.2027e+02,3.2027e+02,3.2027e+02,3.2026e+02,3.2025e+02,3.2025e+02,3.2024e+02,3.2023e+02,3.2023e+02,3.2022e+02,3.2021e+02,3.2020e+02,3.2019e+02,3.2018e+02,3.2017e+02,3.2016e+02,3.2015e+02,3.2014e+02,3.2013e+02,3.2011e+02,3.2010e+02,3.2009e+02,3.2008e+02,3.2006e+02,3.2005e+02,3.2004e+02,3.2002e+02,3.2001e+02,3.2000e+02,3.1998e+02,3.1997e+02,3.1995e+02,3.1994e+02,3.1993e+02,3.1991e+02,3.1990e+02,3.1988e+02,3.1987e+02,3.1985e+02,3.1984e+02,3.1982e+02,3.1980e+02,3.1979e+02,3.1977e+02,3.1975e+02,3.1974e+02,3.1972e+02,3.1970e+02,3.1969e+02,3.1967e+02,3.1965e+02,3.1964e+02,3.1962e+02,3.1960e+02,3.1959e+02,3.1957e+02,3.1956e+02,3.1954e+02,3.1952e+02,3.1951e+02,3.1950e+02,3.1948e+02,3.1947e+02,3.1945e+02,3.1944e+02,3.1943e+02,3.1942e+02,3.1941e+02,3.1939e+02,3.1938e+02,3.1937e+02,3.1936e+02,3.1935e+02,3.1935e+02,3.1934e+02,3.1933e+02,3.1932e+02,3.1931e+02,3.1931e+02,3.1930e+02,3.1930e+02,3.1929e+02,3.1928e+02,3.1928e+02,3.1928e+02,3.1927e+02,3.1927e+02,3.1927e+02,3.1926e+02,3.1926e+02,3.1926e+02,3.1926e+02,3.1926e+02,3.2025e+02,3.2024e+02,3.2024e+02,3.2024e+02,3.2024e+02,3.2024e+02,3.2023e+02,3.2023e+02,3.2023e+02,3.2022e+02,3.2022e+02,3.2021e+02,3.2021e+02,3.2020e+02,3.2019e+02,3.2019e+02,3.2018e+02,3.2017e+02,3.2016e+02,3.2015e+02,3.2014e+02,3.2013e+02,3.2012e+02,3.2011e+02,3.2010e+02,3.2009e+02,3.2008e+02,3.2007e+02,3.2005e+02,3.2004e+02,3.2003e+02,3.2002e+02,3.2001e+02,3.1999e+02,3.1998e+02,3.1997e+02,3.1995e+02,3.1994e+02,3.1993e+02,3.1991e+02,3.1990e+02,3.1989e+02,3.1987e+02,3.1986e+02,3.1984e+02,3.1983e+02,3.1981e+02,3.1980e+02,3.1978e+02,3.1977e+02,3.1975e+02,3.1974e+02,3.1972e+02,3.1970e+02,3.1969e+02,3.1967e+02,3.1966e+02,3.1964e+02,3.1962e+02,3.1961e+02,3.1959e+02,3.1958e+02,3.1956e+02,3.1955e+02,3.1953e+02,3.1952e+02,3.1950e+02,3.1949e+02,3.1948e+02,3.1946e+02,3.1945e+02,3.1944e+02,3.1943e+02,3.1942e+02,3.1940e+02,3.1939e+02,3.1938e+02,3.1937e+02,3.1936e+02,3.1936e+02,3.1935e+02,3.1934e+02,3.1933e+02,3.1932e+02,3.1932e+02,3.1931e+02,3.1930e+02,3.1930e+02,3.1929e+02,3.1929e+02,3.1928e+02,3.1928e+02,3.1928e+02,3.1927e+02,3.1927e+02,3.1927e+02,3.1927e+02,3.1927e+02,3.1926e+02,3.1926e+02,3.2021e+02,3.2021e+02,3.2021e+02,3.2021e+02,3.2020e+02,3.2020e+02,3.2020e+02,3.2019e+02,3.2019e+02,3.2019e+02,3.2018e+02,3.2018e+02,3.2017e+02,3.2016e+02,3.2016e+02,3.2015e+02,3.2014e+02,3.2014e+02,3.2013e+02,3.2012e+02,3.2011e+02,3.2010e+02,3.2009e+02,3.2008e+02,3.2007e+02,3.2006e+02,3.2005e+02,3.2004e+02,3.2003e+02,3.2001e+02,3.2000e+02,3.1999e+02,3.1998e+02,3.1997e+02,3.1995e+02,3.1994e+02,3.1993e+02,3.1992e+02,3.1990e+02,3.1989e+02,3.1988e+02,3.1986e+02,3.1985e+02,3.1984e+02,3.1982e+02,3.1981e+02,3.1979e+02,3.1978e+02,3.1976e+02,3.1975e+02,3.1973e+02,3.1972e+02,3.1970e+02,3.1969e+02,3.1967e+02,3.1966e+02,3.1964e+02,3.1963e+02,3.1961e+02,3.1960e+02,3.1958e+02,3.1957e+02,3.1955e+02,3.1954e+02,3.1953e+02,3.1951e+02,3.1950e+02,3.1948e+02,3.1947e+02,3.1946e+02,3.1945e+02,3.1944e+02,3.1942e+02,3.1941e+02,3.1940e+02,3.1939e+02,3.1938e+02,3.1937e+02,3.1936e+02,3.1936e+02,3.1935e+02,3.1934e+02,3.1933e+02,3.1932e+02,3.1932e+02,3.1931e+02,3.1931e+02,3.1930e+02,3.1930e+02,3.1929e+02,3.1929e+02,3.1928e+02,3.1928e+02,3.1928e+02,3.1927e+02,3.1927e+02,3.1927e+02,3.1927e+02,3.1927e+02,3.1927e+02,3.2018e+02,3.2018e+02,3.2018e+02,3.2018e+02,3.2017e+02,3.2017e+02,3.2017e+02,3.2016e+02,3.2016e+02,3.2016e+02,3.2015e+02,3.2015e+02,3.2014e+02,3.2014e+02,3.2013e+02,3.2012e+02,3.2012e+02,3.2011e+02,3.2010e+02,3.2009e+02,3.2008e+02,3.2007e+02,3.2006e+02,3.2005e+02,3.2004e+02,3.2003e+02,3.2002e+02,3.2001e+02,3.2000e+02,3.1999e+02,3.1998e+02,3.1997e+02,3.1996e+02,3.1995e+02,3.1993e+02,3.1992e+02,3.1991e+02,3.1990e+02,3.1988e+02,3.1987e+02,3.1986e+02,3.1984e+02,3.1983e+02,3.1982e+02,3.1980e+02,3.1979e+02,3.1978e+02,3.1976e+02,3.1975e+02,3.1973e+02,3.1972e+02,3.1971e+02,3.1969e+02,3.1968e+02,3.1966e+02,3.1965e+02,3.1963e+02,3.1962e+02,3.1960e+02,3.1959e+02,3.1957e+02,3.1956e+02,3.1955e+02,3.1953e+02,3.1952e+02,3.1951e+02,3.1949e+02,3.1948e+02,3.1947e+02,3.1946e+02,3.1944e+02,3.1943e+02,3.1942e+02,3.1941e+02,3.1940e+02,3.1939e+02,3.1938e+02,3.1937e+02,3.1936e+02,3.1936e+02,3.1935e+02,3.1934e+02,3.1933e+02,3.1933e+02,3.1932e+02,3.1931e+02,3.1931e+02,3.1930e+02,3.1930e+02,3.1929e+02,3.1929e+02,3.1929e+02,3.1928e+02,3.1928e+02,3.1928e+02,3.1928e+02,3.1927e+02,3.1927e+02,3.1927e+02,3.1927e+02,3.2015e+02,3.2015e+02,3.2015e+02,3.2015e+02,3.2015e+02,3.2015e+02,3.2014e+02,3.2014e+02,3.2014e+02,3.2013e+02,3.2013e+02,3.2012e+02,3.2012e+02,3.2011e+02,3.2011e+02,3.2010e+02,3.2009e+02,3.2009e+02,3.2008e+02,3.2007e+02,3.2006e+02,3.2005e+02,3.2004e+02,3.2003e+02,3.2003e+02,3.2002e+02,3.2001e+02,3.1999e+02,3.1998e+02,3.1997e+02,3.1996e+02,3.1995e+02,3.1994e+02,3.1993e+02,3.1992e+02,3.1990e+02,3.1989e+02,3.1988e+02,3.1987e+02,3.1986e+02,3.1984e+02,3.1983e+02,3.1982e+02,3.1980e+02,3.1979e+02,3.1978e+02,3.1976e+02,3.1975e+02,3.1974e+02,3.1972e+02,3.1971e+02,3.1969e+02,3.1968e+02,3.1967e+02,3.1965e+02,3.1964e+02,3.1962e+02,3.1961e+02,3.1960e+02,3.1958e+02,3.1957e+02,3.1955e+02,3.1954e+02,3.1953e+02,3.1951e+02,3.1950e+02,3.1949e+02,3.1948e+02,3.1947e+02,3.1945e+02,3.1944e+02,3.1943e+02,3.1942e+02,3.1941e+02,3.1940e+02,3.1939e+02,3.1938e+02,3.1937e+02,3.1936e+02,3.1936e+02,3.1935e+02,3.1934e+02,3.1933e+02,3.1933e+02,3.1932e+02,3.1931e+02,3.1931e+02,3.1930e+02,3.1930e+02,3.1930e+02,3.1929e+02,3.1929e+02,3.1928e+02,3.1928e+02,3.1928e+02,3.1928e+02,3.1928e+02,3.1927e+02,3.1927e+02,3.1927e+02,3.2014e+02,3.2014e+02,3.2013e+02,3.2013e+02,3.2013e+02,3.2013e+02,3.2013e+02,3.2012e+02,3.2012e+02,3.2012e+02,3.2011e+02,3.2011e+02,3.2010e+02,3.2010e+02,3.2009e+02,3.2008e+02,3.2008e+02,3.2007e+02,3.2006e+02,3.2005e+02,3.2005e+02,3.2004e+02,3.2003e+02,3.2002e+02,3.2001e+02,3.2000e+02,3.1999e+02,3.1998e+02,3.1997e+02,3.1996e+02,3.1995e+02,3.1994e+02,3.1993e+02,3.1992e+02,3.1990e+02,3.1989e+02,3.1988e+02,3.1987e+02,3.1986e+02,3.1984e+02,3.1983e+02,3.1982e+02,3.1981e+02,3.1979e+02,3.1978e+02,3.1977e+02,3.1975e+02,3.1974e+02,3.1973e+02,3.1971e+02,3.1970e+02,3.1969e+02,3.1967e+02,3.1966e+02,3.1965e+02,3.1963e+02,3.1962e+02,3.1960e+02,3.1959e+02,3.1958e+02,3.1956e+02,3.1955e+02,3.1954e+02,3.1952e+02,3.1951e+02,3.1950e+02,3.1949e+02,3.1947e+02,3.1946e+02,3.1945e+02,3.1944e+02,3.1943e+02,3.1942e+02,3.1941e+02,3.1940e+02,3.1939e+02,3.1938e+02,3.1937e+02,3.1936e+02,3.1936e+02,3.1935e+02,3.1934e+02,3.1933e+02,3.1933e+02,3.1932e+02,3.1932e+02,3.1931e+02,3.1931e+02,3.1930e+02,3.1930e+02,3.1929e+02,3.1929e+02,3.1929e+02,3.1928e+02,3.1928e+02,3.1928e+02,3.1928e+02,3.1928e+02,3.1928e+02,3.1928e+02,3.2012e+02,3.2012e+02,3.2012e+02,3.2012e+02,3.2012e+02,3.2012e+02,3.2011e+02,3.2011e+02,3.2011e+02,3.2010e+02,3.2010e+02,3.2010e+02,3.2009e+02,3.2008e+02,3.2008e+02,3.2007e+02,3.2007e+02,3.2006e+02,3.2005e+02,3.2004e+02,3.2004e+02,3.2003e+02,3.2002e+02,3.2001e+02,3.2000e+02,3.1999e+02,3.1998e+02,3.1997e+02,3.1996e+02,3.1995e+02,3.1994e+02,3.1993e+02,3.1992e+02,3.1991e+02,3.1990e+02,3.1988e+02,3.1987e+02,3.1986e+02,3.1985e+02,3.1984e+02,3.1982e+02,3.1981e+02,3.1980e+02,3.1979e+02,3.1977e+02,3.1976e+02,3.1975e+02,3.1974e+02,3.1972e+02,3.1971e+02,3.1970e+02,3.1968e+02,3.1967e+02,3.1965e+02,3.1964e+02,3.1963e+02,3.1961e+02,3.1960e+02,3.1959e+02,3.1957e+02,3.1956e+02,3.1955e+02,3.1953e+02,3.1952e+02,3.1951e+02,3.1950e+02,3.1948e+02,3.1947e+02,3.1946e+02,3.1945e+02,3.1944e+02,3.1943e+02,3.1942e+02,3.1941e+02,3.1940e+02,3.1939e+02,3.1938e+02,3.1937e+02,3.1936e+02,3.1936e+02,3.1935e+02,3.1934e+02,3.1933e+02,3.1933e+02,3.1932e+02,3.1932e+02,3.1931e+02,3.1931e+02,3.1930e+02,3.1930e+02,3.1929e+02,3.1929e+02,3.1929e+02,3.1928e+02,3.1928e+02,3.1928e+02,3.1928e+02,3.1928e+02,3.1928e+02,3.1928e+02,3.2012e+02,3.2012e+02,3.2012e+02,3.2012e+02,3.2011e+02,3.2011e+02,3.2011e+02,3.2011e+02,3.2010e+02,3.2010e+02,3.2009e+02,3.2009e+02,3.2008e+02,3.2008e+02,3.2007e+02,3.2007e+02,3.2006e+02,3.2005e+02,3.2005e+02,3.2004e+02,3.2003e+02,3.2002e+02,3.2001e+02,3.2000e+02,3.2000e+02,3.1999e+02,3.1998e+02,3.1997e+02,3.1996e+02,3.1995e+02,3.1994e+02,3.1993e+02,3.1991e+02,3.1990e+02,3.1989e+02,3.1988e+02,3.1987e+02,3.1986e+02,3.1985e+02,3.1983e+02,3.1982e+02,3.1981e+02,3.1980e+02,3.1978e+02,3.1977e+02,3.1976e+02,3.1975e+02,3.1973e+02,3.1972e+02,3.1971e+02,3.1969e+02,3.1968e+02,3.1967e+02,3.1965e+02,3.1964e+02,3.1963e+02,3.1961e+02,3.1960e+02,3.1959e+02,3.1957e+02,3.1956e+02,3.1955e+02,3.1953e+02,3.1952e+02,3.1951e+02,3.1950e+02,3.1948e+02,3.1947e+02,3.1946e+02,3.1945e+02,3.1944e+02,3.1943e+02,3.1942e+02,3.1941e+02,3.1940e+02,3.1939e+02,3.1938e+02,3.1937e+02,3.1936e+02,3.1936e+02,3.1935e+02,3.1934e+02,3.1933e+02,3.1933e+02,3.1932e+02,3.1932e+02,3.1931e+02,3.1931e+02,3.1930e+02,3.1930e+02,3.1929e+02,3.1929e+02,3.1929e+02,3.1928e+02,3.1928e+02,3.1928e+02,3.1928e+02,3.1928e+02,3.1928e+02,3.1928e+02,3.2107e+02,3.2107e+02,3.2107e+02,3.2108e+02,3.2108e+02,3.2108e+02,3.2109e+02,3.2110e+02,3.2110e+02,3.2111e+02,3.2112e+02,3.2113e+02,3.2114e+02,3.2116e+02,3.2117e+02,3.2118e+02,3.2119e+02,3.2121e+02,3.2122e+02,3.2124e+02,3.2125e+02,3.2127e+02,3.2129e+02,3.2130e+02,3.2132e+02,3.2133e+02,3.2135e+02,3.2136e+02,3.2138e+02,3.2139e+02,3.2141e+02,3.2142e+02,3.2143e+02,3.2144e+02,3.2145e+02,3.2146e+02,3.2147e+02,3.2148e+02,3.2149e+02,3.2149e+02,3.2150e+02,3.2150e+02,3.2150e+02,3.2151e+02,3.2151e+02,3.2150e+02,3.2150e+02,3.2150e+02,3.2149e+02,3.2149e+02,3.2148e+02,3.2147e+02,3.2147e+02,3.2146e+02,3.2145e+02,3.2144e+02,3.2142e+02,3.2141e+02,3.2140e+02,3.2138e+02,3.2137e+02,3.2135e+02,3.2134e+02,3.2132e+02,3.2130e+02,3.2128e+02,3.2127e+02,3.2125e+02,3.2123e+02,3.2121e+02,3.2119e+02,3.2117e+02,3.2115e+02,3.2113e+02,3.2112e+02,3.2110e+02,3.2108e+02,3.2106e+02,3.2104e+02,3.2102e+02,3.2100e+02,3.2099e+02,3.2097e+02,3.2095e+02,3.2094e+02,3.2092e+02,3.2091e+02,3.2089e+02,3.2088e+02,3.2087e+02,3.2086e+02,3.2085e+02,3.2084e+02,3.2083e+02,3.2082e+02,3.2082e+02,3.2081e+02,3.2081e+02,3.2081e+02,3.2081e+02,3.2107e+02,3.2107e+02,3.2107e+02,3.2108e+02,3.2108e+02,3.2108e+02,3.2109e+02,3.2110e+02,3.2111e+02,3.2111e+02,3.2112e+02,3.2113e+02,3.2114e+02,3.2116e+02,3.2117e+02,3.2118e+02,3.2120e+02,3.2121e+02,3.2123e+02,3.2124e+02,3.2126e+02,3.2127e+02,3.2129e+02,3.2131e+02,3.2132e+02,3.2134e+02,3.2135e+02,3.2137e+02,3.2138e+02,3.2140e+02,3.2141e+02,3.2143e+02,3.2144e+02,3.2145e+02,3.2146e+02,3.2147e+02,3.2148e+02,3.2149e+02,3.2149e+02,3.2150e+02,3.2150e+02,3.2151e+02,3.2151e+02,3.2151e+02,3.2151e+02,3.2151e+02,3.2151e+02,3.2150e+02,3.2150e+02,3.2149e+02,3.2149e+02,3.2148e+02,3.2147e+02,3.2146e+02,3.2145e+02,3.2144e+02,3.2143e+02,3.2141e+02,3.2140e+02,3.2139e+02,3.2137e+02,3.2136e+02,3.2134e+02,3.2132e+02,3.2131e+02,3.2129e+02,3.2127e+02,3.2125e+02,3.2123e+02,3.2121e+02,3.2119e+02,3.2118e+02,3.2116e+02,3.2114e+02,3.2112e+02,3.2110e+02,3.2108e+02,3.2106e+02,3.2104e+02,3.2102e+02,3.2100e+02,3.2099e+02,3.2097e+02,3.2095e+02,3.2094e+02,3.2092e+02,3.2091e+02,3.2089e+02,3.2088e+02,3.2087e+02,3.2086e+02,3.2085e+02,3.2084e+02,3.2083e+02,3.2082e+02,3.2082e+02,3.2081e+02,3.2081e+02,3.2081e+02,3.2081e+02,3.2107e+02,3.2107e+02,3.2107e+02,3.2108e+02,3.2108e+02,3.2109e+02,3.2109e+02,3.2110e+02,3.2111e+02,3.2112e+02,3.2113e+02,3.2114e+02,3.2115e+02,3.2116e+02,3.2117e+02,3.2119e+02,3.2120e+02,3.2122e+02,3.2123e+02,3.2125e+02,3.2126e+02,3.2128e+02,3.2130e+02,3.2131e+02,3.2133e+02,3.2134e+02,3.2136e+02,3.2138e+02,3.2139e+02,3.2141e+02,3.2142e+02,3.2144e+02,3.2145e+02,3.2146e+02,3.2147e+02,3.2148e+02,3.2149e+02,3.2150e+02,3.2151e+02,3.2151e+02,3.2152e+02,3.2152e+02,3.2152e+02,3.2152e+02,3.2152e+02,3.2152e+02,3.2152e+02,3.2152e+02,3.2151e+02,3.2151e+02,3.2150e+02,3.2149e+02,3.2148e+02,3.2147e+02,3.2146e+02,3.2145e+02,3.2144e+02,3.2142e+02,3.2141e+02,3.2140e+02,3.2138e+02,3.2136e+02,3.2135e+02,3.2133e+02,3.2131e+02,3.2130e+02,3.2128e+02,3.2126e+02,3.2124e+02,3.2122e+02,3.2120e+02,3.2118e+02,3.2116e+02,3.2114e+02,3.2112e+02,3.2110e+02,3.2108e+02,3.2106e+02,3.2104e+02,3.2102e+02,3.2101e+02,3.2099e+02,3.2097e+02,3.2095e+02,3.2094e+02,3.2092e+02,3.2091e+02,3.2089e+02,3.2088e+02,3.2087e+02,3.2086e+02,3.2085e+02,3.2084e+02,3.2083e+02,3.2082e+02,3.2081e+02,3.2081e+02,3.2081e+02,3.2080e+02,3.2080e+02,3.2107e+02,3.2107e+02,3.2108e+02,3.2108e+02,3.2108e+02,3.2109e+02,3.2109e+02,3.2110e+02,3.2111e+02,3.2112e+02,3.2113e+02,3.2114e+02,3.2115e+02,3.2116e+02,3.2118e+02,3.2119e+02,3.2121e+02,3.2122e+02,3.2124e+02,3.2125e+02,3.2127e+02,3.2129e+02,3.2130e+02,3.2132e+02,3.2134e+02,3.2136e+02,3.2137e+02,3.2139e+02,3.2141e+02,3.2142e+02,3.2144e+02,3.2145e+02,3.2146e+02,3.2148e+02,3.2149e+02,3.2150e+02,3.2151e+02,3.2152e+02,3.2152e+02,3.2153e+02,3.2153e+02,3.2154e+02,3.2154e+02,3.2154e+02,3.2154e+02,3.2154e+02,3.2154e+02,3.2153e+02,3.2153e+02,3.2152e+02,3.2152e+02,3.2151e+02,3.2150e+02,3.2149e+02,3.2148e+02,3.2147e+02,3.2145e+02,3.2144e+02,3.2143e+02,3.2141e+02,3.2139e+02,3.2138e+02,3.2136e+02,3.2134e+02,3.2132e+02,3.2131e+02,3.2129e+02,3.2127e+02,3.2125e+02,3.2123e+02,3.2121e+02,3.2119e+02,3.2117e+02,3.2115e+02,3.2113e+02,3.2111e+02,3.2109e+02,3.2107e+02,3.2105e+02,3.2103e+02,3.2101e+02,3.2099e+02,3.2097e+02,3.2095e+02,3.2094e+02,3.2092e+02,3.2091e+02,3.2089e+02,3.2088e+02,3.2086e+02,3.2085e+02,3.2084e+02,3.2083e+02,3.2082e+02,3.2082e+02,3.2081e+02,3.2081e+02,3.2080e+02,3.2080e+02,3.2080e+02,3.2107e+02,3.2108e+02,3.2108e+02,3.2108e+02,3.2109e+02,3.2109e+02,3.2110e+02,3.2110e+02,3.2111e+02,3.2112e+02,3.2113e+02,3.2114e+02,3.2116e+02,3.2117e+02,3.2118e+02,3.2120e+02,3.2121e+02,3.2123e+02,3.2125e+02,3.2126e+02,3.2128e+02,3.2130e+02,3.2132e+02,3.2134e+02,3.2135e+02,3.2137e+02,3.2139e+02,3.2141e+02,3.2142e+02,3.2144e+02,3.2146e+02,3.2147e+02,3.2148e+02,3.2150e+02,3.2151e+02,3.2152e+02,3.2153e+02,3.2154e+02,3.2155e+02,3.2155e+02,3.2156e+02,3.2156e+02,3.2156e+02,3.2157e+02,3.2157e+02,3.2156e+02,3.2156e+02,3.2156e+02,3.2155e+02,3.2155e+02,3.2154e+02,3.2153e+02,3.2152e+02,3.2151e+02,3.2150e+02,3.2149e+02,3.2147e+02,3.2146e+02,3.2145e+02,3.2143e+02,3.2141e+02,3.2140e+02,3.2138e+02,3.2136e+02,3.2134e+02,3.2132e+02,3.2130e+02,3.2128e+02,3.2126e+02,3.2124e+02,3.2122e+02,3.2120e+02,3.2118e+02,3.2116e+02,3.2114e+02,3.2112e+02,3.2109e+02,3.2107e+02,3.2105e+02,3.2103e+02,3.2101e+02,3.2099e+02,3.2097e+02,3.2096e+02,3.2094e+02,3.2092e+02,3.2091e+02,3.2089e+02,3.2088e+02,3.2086e+02,3.2085e+02,3.2084e+02,3.2083e+02,3.2082e+02,3.2081e+02,3.2081e+02,3.2080e+02,3.2080e+02,3.2079e+02,3.2079e+02,3.2108e+02,3.2108e+02,3.2108e+02,3.2108e+02,3.2109e+02,3.2109e+02,3.2110e+02,3.2111e+02,3.2112e+02,3.2113e+02,3.2114e+02,3.2115e+02,3.2116e+02,3.2118e+02,3.2119e+02,3.2121e+02,3.2122e+02,3.2124e+02,3.2126e+02,3.2128e+02,3.2129e+02,3.2131e+02,3.2133e+02,3.2135e+02,3.2137e+02,3.2139e+02,3.2141e+02,3.2143e+02,3.2145e+02,3.2146e+02,3.2148e+02,3.2150e+02,3.2151e+02,3.2152e+02,3.2154e+02,3.2155e+02,3.2156e+02,3.2157e+02,3.2158e+02,3.2158e+02,3.2159e+02,3.2159e+02,3.2160e+02,3.2160e+02,3.2160e+02,3.2160e+02,3.2159e+02,3.2159e+02,3.2158e+02,3.2158e+02,3.2157e+02,3.2156e+02,3.2155e+02,3.2154e+02,3.2153e+02,3.2151e+02,3.2150e+02,3.2149e+02,3.2147e+02,3.2145e+02,3.2144e+02,3.2142e+02,3.2140e+02,3.2138e+02,3.2136e+02,3.2134e+02,3.2132e+02,3.2130e+02,3.2128e+02,3.2126e+02,3.2124e+02,3.2121e+02,3.2119e+02,3.2117e+02,3.2115e+02,3.2113e+02,3.2110e+02,3.2108e+02,3.2106e+02,3.2104e+02,3.2102e+02,3.2100e+02,3.2098e+02,3.2096e+02,3.2094e+02,3.2092e+02,3.2090e+02,3.2089e+02,3.2087e+02,3.2086e+02,3.2085e+02,3.2083e+02,3.2082e+02,3.2081e+02,3.2081e+02,3.2080e+02,3.2079e+02,3.2079e+02,3.2079e+02,3.2078e+02,3.2108e+02,3.2108e+02,3.2108e+02,3.2109e+02,3.2109e+02,3.2110e+02,3.2110e+02,3.2111e+02,3.2112e+02,3.2113e+02,3.2114e+02,3.2116e+02,3.2117e+02,3.2119e+02,3.2120e+02,3.2122e+02,3.2123e+02,3.2125e+02,3.2127e+02,3.2129e+02,3.2131e+02,3.2133e+02,3.2135e+02,3.2137e+02,3.2139e+02,3.2141e+02,3.2143e+02,3.2145e+02,3.2147e+02,3.2149e+02,3.2151e+02,3.2153e+02,3.2154e+02,3.2156e+02,3.2157e+02,3.2158e+02,3.2159e+02,3.2160e+02,3.2161e+02,3.2162e+02,3.2163e+02,3.2163e+02,3.2163e+02,3.2163e+02,3.2163e+02,3.2163e+02,3.2163e+02,3.2163e+02,3.2162e+02,3.2161e+02,3.2161e+02,3.2160e+02,3.2159e+02,3.2157e+02,3.2156e+02,3.2155e+02,3.2153e+02,3.2152e+02,3.2150e+02,3.2148e+02,3.2146e+02,3.2145e+02,3.2143e+02,3.2141e+02,3.2139e+02,3.2136e+02,3.2134e+02,3.2132e+02,3.2130e+02,3.2128e+02,3.2125e+02,3.2123e+02,3.2121e+02,3.2118e+02,3.2116e+02,3.2114e+02,3.2111e+02,3.2109e+02,3.2107e+02,3.2105e+02,3.2102e+02,3.2100e+02,3.2098e+02,3.2096e+02,3.2094e+02,3.2092e+02,3.2090e+02,3.2089e+02,3.2087e+02,3.2085e+02,3.2084e+02,3.2083e+02,3.2082e+02,3.2081e+02,3.2080e+02,3.2079e+02,3.2078e+02,3.2078e+02,3.2078e+02,3.2078e+02,3.2108e+02,3.2109e+02,3.2109e+02,3.2109e+02,3.2110e+02,3.2110e+02,3.2111e+02,3.2112e+02,3.2113e+02,3.2114e+02,3.2115e+02,3.2116e+02,3.2118e+02,3.2119e+02,3.2121e+02,3.2123e+02,3.2125e+02,3.2127e+02,3.2129e+02,3.2131e+02,3.2133e+02,3.2135e+02,3.2137e+02,3.2140e+02,3.2142e+02,3.2144e+02,3.2146e+02,3.2148e+02,3.2151e+02,3.2153e+02,3.2154e+02,3.2156e+02,3.2158e+02,3.2160e+02,3.2161e+02,3.2162e+02,3.2164e+02,3.2165e+02,3.2166e+02,3.2166e+02,3.2167e+02,3.2167e+02,3.2168e+02,3.2168e+02,3.2168e+02,3.2168e+02,3.2167e+02,3.2167e+02,3.2166e+02,3.2166e+02,3.2165e+02,3.2164e+02,3.2163e+02,3.2161e+02,3.2160e+02,3.2159e+02,3.2157e+02,3.2155e+02,3.2154e+02,3.2152e+02,3.2150e+02,3.2148e+02,3.2146e+02,3.2144e+02,3.2141e+02,3.2139e+02,3.2137e+02,3.2135e+02,3.2132e+02,3.2130e+02,3.2128e+02,3.2125e+02,3.2123e+02,3.2120e+02,3.2118e+02,3.2115e+02,3.2113e+02,3.2110e+02,3.2108e+02,3.2105e+02,3.2103e+02,3.2101e+02,3.2098e+02,3.2096e+02,3.2094e+02,3.2092e+02,3.2090e+02,3.2088e+02,3.2086e+02,3.2085e+02,3.2083e+02,3.2082e+02,3.2081e+02,3.2080e+02,3.2079e+02,3.2078e+02,3.2077e+02,3.2077e+02,3.2077e+02,3.2076e+02,3.2109e+02,3.2109e+02,3.2109e+02,3.2110e+02,3.2110e+02,3.2111e+02,3.2111e+02,3.2112e+02,3.2113e+02,3.2115e+02,3.2116e+02,3.2117e+02,3.2119e+02,3.2121e+02,3.2122e+02,3.2124e+02,3.2126e+02,3.2128e+02,3.2131e+02,3.2133e+02,3.2135e+02,3.2138e+02,3.2140e+02,3.2142e+02,3.2145e+02,3.2147e+02,3.2150e+02,3.2152e+02,3.2154e+02,3.2156e+02,3.2159e+02,3.2161e+02,3.2162e+02,3.2164e+02,3.2166e+02,3.2167e+02,3.2168e+02,3.2170e+02,3.2171e+02,3.2171e+02,3.2172e+02,3.2173e+02,3.2173e+02,3.2173e+02,3.2173e+02,3.2173e+02,3.2173e+02,3.2172e+02,3.2171e+02,3.2171e+02,3.2170e+02,3.2169e+02,3.2167e+02,3.2166e+02,3.2165e+02,3.2163e+02,3.2161e+02,3.2160e+02,3.2158e+02,3.2156e+02,3.2154e+02,3.2152e+02,3.2149e+02,3.2147e+02,3.2145e+02,3.2143e+02,3.2140e+02,3.2138e+02,3.2135e+02,3.2133e+02,3.2130e+02,3.2128e+02,3.2125e+02,3.2122e+02,3.2120e+02,3.2117e+02,3.2114e+02,3.2112e+02,3.2109e+02,3.2106e+02,3.2104e+02,3.2101e+02,3.2099e+02,3.2096e+02,3.2094e+02,3.2092e+02,3.2090e+02,3.2088e+02,3.2086e+02,3.2084e+02,3.2083e+02,3.2081e+02,3.2080e+02,3.2079e+02,3.2078e+02,3.2077e+02,3.2076e+02,3.2076e+02,3.2075e+02,3.2075e+02,3.2109e+02,3.2109e+02,3.2110e+02,3.2110e+02,3.2111e+02,3.2111e+02,3.2112e+02,3.2113e+02,3.2114e+02,3.2115e+02,3.2117e+02,3.2118e+02,3.2120e+02,3.2122e+02,3.2124e+02,3.2126e+02,3.2128e+02,3.2130e+02,3.2133e+02,3.2135e+02,3.2138e+02,3.2140e+02,3.2143e+02,3.2146e+02,3.2148e+02,3.2151e+02,3.2154e+02,3.2156e+02,3.2159e+02,3.2161e+02,3.2163e+02,3.2165e+02,3.2167e+02,3.2169e+02,3.2171e+02,3.2173e+02,3.2174e+02,3.2175e+02,3.2176e+02,3.2177e+02,3.2178e+02,3.2178e+02,3.2179e+02,3.2179e+02,3.2179e+02,3.2179e+02,3.2178e+02,3.2178e+02,3.2177e+02,3.2176e+02,3.2175e+02,3.2174e+02,3.2173e+02,3.2172e+02,3.2170e+02,3.2168e+02,3.2167e+02,3.2165e+02,3.2163e+02,3.2160e+02,3.2158e+02,3.2156e+02,3.2154e+02,3.2151e+02,3.2149e+02,3.2146e+02,3.2144e+02,3.2141e+02,3.2139e+02,3.2136e+02,3.2133e+02,3.2130e+02,3.2128e+02,3.2125e+02,3.2122e+02,3.2119e+02,3.2116e+02,3.2113e+02,3.2110e+02,3.2108e+02,3.2105e+02,3.2102e+02,3.2099e+02,3.2097e+02,3.2094e+02,3.2092e+02,3.2090e+02,3.2087e+02,3.2085e+02,3.2083e+02,3.2082e+02,3.2080e+02,3.2079e+02,3.2077e+02,3.2076e+02,3.2075e+02,3.2075e+02,3.2074e+02,3.2074e+02,3.2074e+02,3.2110e+02,3.2110e+02,3.2110e+02,3.2110e+02,3.2111e+02,3.2112e+02,3.2113e+02,3.2114e+02,3.2115e+02,3.2116e+02,3.2118e+02,3.2119e+02,3.2121e+02,3.2123e+02,3.2125e+02,3.2127e+02,3.2130e+02,3.2132e+02,3.2135e+02,3.2138e+02,3.2140e+02,3.2143e+02,3.2146e+02,3.2149e+02,3.2152e+02,3.2155e+02,3.2158e+02,3.2161e+02,3.2163e+02,3.2166e+02,3.2169e+02,3.2171e+02,3.2173e+02,3.2175e+02,3.2177e+02,3.2179e+02,3.2180e+02,3.2182e+02,3.2183e+02,3.2184e+02,3.2185e+02,3.2185e+02,3.2186e+02,3.2186e+02,3.2186e+02,3.2186e+02,3.2185e+02,3.2185e+02,3.2184e+02,3.2183e+02,3.2182e+02,3.2181e+02,3.2179e+02,3.2178e+02,3.2176e+02,3.2174e+02,3.2172e+02,3.2170e+02,3.2168e+02,3.2166e+02,3.2164e+02,3.2161e+02,3.2159e+02,3.2156e+02,3.2153e+02,3.2151e+02,3.2148e+02,3.2145e+02,3.2142e+02,3.2140e+02,3.2137e+02,3.2134e+02,3.2131e+02,3.2128e+02,3.2125e+02,3.2121e+02,3.2118e+02,3.2115e+02,3.2112e+02,3.2109e+02,3.2106e+02,3.2103e+02,3.2100e+02,3.2097e+02,3.2094e+02,3.2092e+02,3.2089e+02,3.2087e+02,3.2085e+02,3.2082e+02,3.2081e+02,3.2079e+02,3.2077e+02,3.2076e+02,3.2075e+02,3.2074e+02,3.2073e+02,3.2072e+02,3.2072e+02,3.2072e+02,3.2110e+02,3.2110e+02,3.2111e+02,3.2111e+02,3.2112e+02,3.2112e+02,3.2113e+02,3.2114e+02,3.2116e+02,3.2117e+02,3.2119e+02,3.2121e+02,3.2122e+02,3.2125e+02,3.2127e+02,3.2129e+02,3.2132e+02,3.2134e+02,3.2137e+02,3.2140e+02,3.2143e+02,3.2147e+02,3.2150e+02,3.2153e+02,3.2156e+02,3.2160e+02,3.2163e+02,3.2166e+02,3.2169e+02,3.2172e+02,3.2175e+02,3.2177e+02,3.2180e+02,3.2182e+02,3.2184e+02,3.2186e+02,3.2188e+02,3.2189e+02,3.2190e+02,3.2191e+02,3.2192e+02,3.2193e+02,3.2193e+02,3.2193e+02,3.2193e+02,3.2193e+02,3.2193e+02,3.2192e+02,3.2191e+02,3.2190e+02,3.2189e+02,3.2188e+02,3.2186e+02,3.2185e+02,3.2183e+02,3.2181e+02,3.2179e+02,3.2177e+02,3.2174e+02,3.2172e+02,3.2169e+02,3.2167e+02,3.2164e+02,3.2161e+02,3.2159e+02,3.2156e+02,3.2153e+02,3.2150e+02,3.2147e+02,3.2144e+02,3.2141e+02,3.2137e+02,3.2134e+02,3.2131e+02,3.2128e+02,3.2124e+02,3.2121e+02,3.2118e+02,3.2114e+02,3.2111e+02,3.2107e+02,3.2104e+02,3.2101e+02,3.2098e+02,3.2095e+02,3.2092e+02,3.2089e+02,3.2086e+02,3.2084e+02,3.2081e+02,3.2079e+02,3.2077e+02,3.2076e+02,3.2074e+02,3.2073e+02,3.2072e+02,3.2071e+02,3.2070e+02,3.2070e+02,3.2070e+02,3.2111e+02,3.2111e+02,3.2111e+02,3.2112e+02,3.2112e+02,3.2113e+02,3.2114e+02,3.2115e+02,3.2117e+02,3.2118e+02,3.2120e+02,3.2122e+02,3.2124e+02,3.2126e+02,3.2128e+02,3.2131e+02,3.2134e+02,3.2137e+02,3.2140e+02,3.2143e+02,3.2147e+02,3.2150e+02,3.2154e+02,3.2157e+02,3.2161e+02,3.2165e+02,3.2168e+02,3.2172e+02,3.2175e+02,3.2178e+02,3.2181e+02,3.2184e+02,3.2187e+02,3.2189e+02,3.2192e+02,3.2194e+02,3.2195e+02,3.2197e+02,3.2198e+02,3.2199e+02,3.2200e+02,3.2201e+02,3.2201e+02,3.2202e+02,3.2202e+02,3.2201e+02,3.2201e+02,3.2200e+02,3.2199e+02,3.2198e+02,3.2197e+02,3.2196e+02,3.2194e+02,3.2192e+02,3.2190e+02,3.2188e+02,3.2186e+02,3.2184e+02,3.2181e+02,3.2179e+02,3.2176e+02,3.2173e+02,3.2170e+02,3.2168e+02,3.2165e+02,3.2162e+02,3.2158e+02,3.2155e+02,3.2152e+02,3.2149e+02,3.2145e+02,3.2142e+02,3.2138e+02,3.2135e+02,3.2131e+02,3.2128e+02,3.2124e+02,3.2120e+02,3.2116e+02,3.2113e+02,3.2109e+02,3.2105e+02,3.2102e+02,3.2098e+02,3.2095e+02,3.2091e+02,3.2088e+02,3.2085e+02,3.2083e+02,3.2080e+02,3.2078e+02,3.2076e+02,3.2074e+02,3.2072e+02,3.2071e+02,3.2070e+02,3.2069e+02,3.2068e+02,3.2067e+02,3.2067e+02,3.2111e+02,3.2111e+02,3.2112e+02,3.2112e+02,3.2113e+02,3.2114e+02,3.2115e+02,3.2116e+02,3.2117e+02,3.2119e+02,3.2121e+02,3.2123e+02,3.2125e+02,3.2128e+02,3.2130e+02,3.2133e+02,3.2136e+02,3.2139e+02,3.2143e+02,3.2146e+02,3.2150e+02,3.2154e+02,3.2158e+02,3.2162e+02,3.2166e+02,3.2170e+02,3.2174e+02,3.2178e+02,3.2182e+02,3.2185e+02,3.2189e+02,3.2192e+02,3.2195e+02,3.2198e+02,3.2200e+02,3.2202e+02,3.2204e+02,3.2206e+02,3.2207e+02,3.2209e+02,3.2210e+02,3.2210e+02,3.2211e+02,3.2211e+02,3.2211e+02,3.2211e+02,3.2210e+02,3.2209e+02,3.2209e+02,3.2207e+02,3.2206e+02,3.2204e+02,3.2203e+02,3.2201e+02,3.2199e+02,3.2197e+02,3.2194e+02,3.2192e+02,3.2189e+02,3.2186e+02,3.2184e+02,3.2181e+02,3.2178e+02,3.2175e+02,3.2171e+02,3.2168e+02,3.2165e+02,3.2161e+02,3.2158e+02,3.2154e+02,3.2151e+02,3.2147e+02,3.2143e+02,3.2139e+02,3.2136e+02,3.2132e+02,3.2127e+02,3.2123e+02,3.2119e+02,3.2115e+02,3.2111e+02,3.2107e+02,3.2103e+02,3.2099e+02,3.2095e+02,3.2091e+02,3.2088e+02,3.2084e+02,3.2081e+02,3.2079e+02,3.2076e+02,3.2074e+02,3.2072e+02,3.2070e+02,3.2068e+02,3.2067e+02,3.2066e+02,3.2065e+02,3.2065e+02,3.2064e+02,3.2112e+02,3.2112e+02,3.2112e+02,3.2113e+02,3.2113e+02,3.2114e+02,3.2115e+02,3.2117e+02,3.2118e+02,3.2120e+02,3.2122e+02,3.2124e+02,3.2127e+02,3.2129e+02,3.2132e+02,3.2135e+02,3.2139e+02,3.2142e+02,3.2146e+02,3.2150e+02,3.2154e+02,3.2158e+02,3.2163e+02,3.2167e+02,3.2172e+02,3.2176e+02,3.2181e+02,3.2185e+02,3.2189e+02,3.2193e+02,3.2197e+02,3.2200e+02,3.2204e+02,3.2207e+02,3.2209e+02,3.2212e+02,3.2214e+02,3.2216e+02,3.2217e+02,3.2219e+02,3.2220e+02,3.2220e+02,3.2221e+02,3.2221e+02,3.2221e+02,3.2221e+02,3.2220e+02,3.2219e+02,3.2218e+02,3.2217e+02,3.2216e+02,3.2214e+02,3.2212e+02,3.2210e+02,3.2208e+02,3.2206e+02,3.2203e+02,3.2201e+02,3.2198e+02,3.2195e+02,3.2192e+02,3.2189e+02,3.2186e+02,3.2182e+02,3.2179e+02,3.2176e+02,3.2172e+02,3.2168e+02,3.2165e+02,3.2161e+02,3.2157e+02,3.2153e+02,3.2149e+02,3.2145e+02,3.2141e+02,3.2136e+02,3.2132e+02,3.2127e+02,3.2123e+02,3.2118e+02,3.2113e+02,3.2109e+02,3.2104e+02,3.2099e+02,3.2095e+02,3.2091e+02,3.2087e+02,3.2083e+02,3.2080e+02,3.2077e+02,3.2074e+02,3.2071e+02,3.2069e+02,3.2067e+02,3.2065e+02,3.2064e+02,3.2063e+02,3.2062e+02,3.2061e+02,3.2061e+02,3.2112e+02,3.2112e+02,3.2113e+02,3.2113e+02,3.2114e+02,3.2115e+02,3.2116e+02,3.2118e+02,3.2119e+02,3.2121e+02,3.2123e+02,3.2126e+02,3.2128e+02,3.2131e+02,3.2134e+02,3.2137e+02,3.2141e+02,3.2145e+02,3.2149e+02,3.2153e+02,3.2158e+02,3.2163e+02,3.2168e+02,3.2173e+02,3.2178e+02,3.2183e+02,3.2188e+02,3.2193e+02,3.2197e+02,3.2202e+02,3.2206e+02,3.2210e+02,3.2213e+02,3.2216e+02,3.2219e+02,3.2222e+02,3.2224e+02,3.2226e+02,3.2228e+02,3.2229e+02,3.2230e+02,3.2231e+02,3.2232e+02,3.2232e+02,3.2232e+02,3.2232e+02,3.2231e+02,3.2230e+02,3.2229e+02,3.2228e+02,3.2226e+02,3.2225e+02,3.2223e+02,3.2221e+02,3.2218e+02,3.2216e+02,3.2213e+02,3.2211e+02,3.2208e+02,3.2205e+02,3.2202e+02,3.2198e+02,3.2195e+02,3.2192e+02,3.2188e+02,3.2184e+02,3.2181e+02,3.2177e+02,3.2173e+02,3.2169e+02,3.2164e+02,3.2160e+02,3.2156e+02,3.2151e+02,3.2147e+02,3.2142e+02,3.2137e+02,3.2132e+02,3.2127e+02,3.2121e+02,3.2116e+02,3.2111e+02,3.2105e+02,3.2100e+02,3.2095e+02,3.2091e+02,3.2086e+02,3.2082e+02,3.2078e+02,3.2075e+02,3.2071e+02,3.2069e+02,3.2066e+02,3.2064e+02,3.2062e+02,3.2061e+02,3.2059e+02,3.2058e+02,3.2058e+02,3.2058e+02,3.2113e+02,3.2113e+02,3.2113e+02,3.2114e+02,3.2115e+02,3.2116e+02,3.2117e+02,3.2119e+02,3.2120e+02,3.2122e+02,3.2124e+02,3.2127e+02,3.2130e+02,3.2133e+02,3.2136e+02,3.2140e+02,3.2144e+02,3.2148e+02,3.2152e+02,3.2157e+02,3.2162e+02,3.2167e+02,3.2173e+02,3.2179e+02,3.2184e+02,3.2190e+02,3.2195e+02,3.2201e+02,3.2206e+02,3.2211e+02,3.2215e+02,3.2220e+02,3.2223e+02,3.2227e+02,3.2230e+02,3.2233e+02,3.2236e+02,3.2238e+02,3.2240e+02,3.2241e+02,3.2242e+02,3.2243e+02,3.2244e+02,3.2244e+02,3.2244e+02,3.2243e+02,3.2243e+02,3.2242e+02,3.2241e+02,3.2239e+02,3.2238e+02,3.2236e+02,3.2234e+02,3.2232e+02,3.2229e+02,3.2227e+02,3.2224e+02,3.2222e+02,3.2219e+02,3.2216e+02,3.2213e+02,3.2209e+02,3.2206e+02,3.2202e+02,3.2198e+02,3.2194e+02,3.2190e+02,3.2186e+02,3.2182e+02,3.2178e+02,3.2173e+02,3.2169e+02,3.2164e+02,3.2159e+02,3.2154e+02,3.2149e+02,3.2143e+02,3.2138e+02,3.2132e+02,3.2126e+02,3.2120e+02,3.2113e+02,3.2107e+02,3.2101e+02,3.2096e+02,3.2090e+02,3.2085e+02,3.2080e+02,3.2076e+02,3.2072e+02,3.2069e+02,3.2065e+02,3.2063e+02,3.2060e+02,3.2058e+02,3.2057e+02,3.2055e+02,3.2054e+02,3.2054e+02,3.2053e+02,3.2113e+02,3.2114e+02,3.2114e+02,3.2115e+02,3.2116e+02,3.2117e+02,3.2118e+02,3.2119e+02,3.2121e+02,3.2123e+02,3.2126e+02,3.2128e+02,3.2131e+02,3.2134e+02,3.2138e+02,3.2142e+02,3.2146e+02,3.2151e+02,3.2156e+02,3.2161e+02,3.2166e+02,3.2172e+02,3.2178e+02,3.2185e+02,3.2191e+02,3.2197e+02,3.2203e+02,3.2209e+02,3.2215e+02,3.2221e+02,3.2226e+02,3.2230e+02,3.2234e+02,3.2238e+02,3.2242e+02,3.2245e+02,3.2248e+02,3.2250e+02,3.2252e+02,3.2253e+02,3.2255e+02,3.2255e+02,3.2256e+02,3.2256e+02,3.2256e+02,3.2256e+02,3.2255e+02,3.2254e+02,3.2253e+02,3.2252e+02,3.2250e+02,3.2248e+02,3.2246e+02,3.2244e+02,3.2242e+02,3.2239e+02,3.2237e+02,3.2234e+02,3.2231e+02,3.2228e+02,3.2225e+02,3.2222e+02,3.2218e+02,3.2214e+02,3.2210e+02,3.2206e+02,3.2202e+02,3.2198e+02,3.2193e+02,3.2189e+02,3.2184e+02,3.2179e+02,3.2174e+02,3.2169e+02,3.2163e+02,3.2157e+02,3.2151e+02,3.2145e+02,3.2138e+02,3.2131e+02,3.2124e+02,3.2117e+02,3.2110e+02,3.2103e+02,3.2096e+02,3.2089e+02,3.2084e+02,3.2078e+02,3.2074e+02,3.2069e+02,3.2065e+02,3.2062e+02,3.2059e+02,3.2056e+02,3.2054e+02,3.2052e+02,3.2051e+02,3.2050e+02,3.2049e+02,3.2049e+02,3.2114e+02,3.2114e+02,3.2115e+02,3.2115e+02,3.2116e+02,3.2117e+02,3.2119e+02,3.2120e+02,3.2122e+02,3.2125e+02,3.2127e+02,3.2130e+02,3.2133e+02,3.2136e+02,3.2140e+02,3.2144e+02,3.2149e+02,3.2154e+02,3.2159e+02,3.2165e+02,3.2171e+02,3.2177e+02,3.2184e+02,3.2191e+02,3.2198e+02,3.2205e+02,3.2212e+02,3.2219e+02,3.2225e+02,3.2231e+02,3.2236e+02,3.2241e+02,3.2246e+02,3.2250e+02,3.2254e+02,3.2257e+02,3.2260e+02,3.2262e+02,3.2264e+02,3.2266e+02,3.2267e+02,3.2268e+02,3.2269e+02,3.2269e+02,3.2269e+02,3.2269e+02,3.2268e+02,3.2267e+02,3.2266e+02,3.2264e+02,3.2263e+02,3.2261e+02,3.2259e+02,3.2257e+02,3.2254e+02,3.2252e+02,3.2250e+02,3.2248e+02,3.2246e+02,3.2243e+02,3.2240e+02,3.2236e+02,3.2233e+02,3.2229e+02,3.2225e+02,3.2220e+02,3.2216e+02,3.2211e+02,3.2207e+02,3.2202e+02,3.2197e+02,3.2191e+02,3.2186e+02,3.2180e+02,3.2174e+02,3.2168e+02,3.2161e+02,3.2154e+02,3.2147e+02,3.2139e+02,3.2130e+02,3.2121e+02,3.2113e+02,3.2104e+02,3.2096e+02,3.2089e+02,3.2082e+02,3.2076e+02,3.2071e+02,3.2066e+02,3.2061e+02,3.2058e+02,3.2054e+02,3.2051e+02,3.2049e+02,3.2047e+02,3.2045e+02,3.2044e+02,3.2043e+02,3.2043e+02,3.2115e+02,3.2115e+02,3.2116e+02,3.2116e+02,3.2117e+02,3.2118e+02,3.2120e+02,3.2122e+02,3.2124e+02,3.2126e+02,3.2128e+02,3.2131e+02,3.2134e+02,3.2138e+02,3.2142e+02,3.2146e+02,3.2151e+02,3.2157e+02,3.2162e+02,3.2168e+02,3.2175e+02,3.2182e+02,3.2190e+02,3.2197e+02,3.2205e+02,3.2213e+02,3.2221e+02,3.2228e+02,3.2235e+02,3.2242e+02,3.2248e+02,3.2253e+02,3.2258e+02,3.2262e+02,3.2266e+02,3.2270e+02,3.2273e+02,3.2275e+02,3.2277e+02,3.2279e+02,3.2281e+02,3.2282e+02,3.2282e+02,3.2282e+02,3.2282e+02,3.2282e+02,3.2281e+02,3.2280e+02,3.2279e+02,3.2278e+02,3.2276e+02,3.2274e+02,3.2272e+02,3.2270e+02,3.2268e+02,3.2266e+02,3.2264e+02,3.2263e+02,3.2262e+02,3.2260e+02,3.2257e+02,3.2254e+02,3.2250e+02,3.2246e+02,3.2242e+02,3.2238e+02,3.2233e+02,3.2228e+02,3.2223e+02,3.2218e+02,3.2213e+02,3.2207e+02,3.2201e+02,3.2195e+02,3.2188e+02,3.2181e+02,3.2174e+02,3.2166e+02,3.2158e+02,3.2148e+02,3.2138e+02,3.2127e+02,3.2116e+02,3.2106e+02,3.2096e+02,3.2088e+02,3.2080e+02,3.2073e+02,3.2067e+02,3.2062e+02,3.2057e+02,3.2053e+02,3.2049e+02,3.2046e+02,3.2043e+02,3.2041e+02,3.2039e+02,3.2038e+02,3.2037e+02,3.2037e+02,3.2116e+02,3.2116e+02,3.2117e+02,3.2118e+02,3.2118e+02,3.2120e+02,3.2121e+02,3.2123e+02,3.2125e+02,3.2127e+02,3.2130e+02,3.2133e+02,3.2136e+02,3.2140e+02,3.2144e+02,3.2149e+02,3.2154e+02,3.2159e+02,3.2166e+02,3.2172e+02,3.2179e+02,3.2187e+02,3.2195e+02,3.2204e+02,3.2212e+02,3.2221e+02,3.2230e+02,3.2238e+02,3.2245e+02,3.2252e+02,3.2259e+02,3.2264e+02,3.2270e+02,3.2274e+02,3.2279e+02,3.2282e+02,3.2285e+02,3.2288e+02,3.2290e+02,3.2292e+02,3.2293e+02,3.2295e+02,3.2295e+02,3.2295e+02,3.2295e+02,3.2295e+02,3.2294e+02,3.2293e+02,3.2292e+02,3.2290e+02,3.2289e+02,3.2287e+02,3.2285e+02,3.2283e+02,3.2281e+02,3.2280e+02,3.2280e+02,3.2281e+02,3.2281e+02,3.2280e+02,3.2278e+02,3.2275e+02,3.2271e+02,3.2267e+02,3.2263e+02,3.2258e+02,3.2254e+02,3.2249e+02,3.2243e+02,3.2238e+02,3.2232e+02,3.2226e+02,3.2220e+02,3.2214e+02,3.2206e+02,3.2199e+02,3.2191e+02,3.2182e+02,3.2172e+02,3.2162e+02,3.2150e+02,3.2136e+02,3.2121e+02,3.2107e+02,3.2096e+02,3.2086e+02,3.2077e+02,3.2069e+02,3.2063e+02,3.2057e+02,3.2051e+02,3.2047e+02,3.2043e+02,3.2040e+02,3.2037e+02,3.2034e+02,3.2033e+02,3.2031e+02,3.2030e+02,3.2030e+02,3.2118e+02,3.2118e+02,3.2119e+02,3.2119e+02,3.2120e+02,3.2121e+02,3.2123e+02,3.2125e+02,3.2127e+02,3.2129e+02,3.2132e+02,3.2135e+02,3.2138e+02,3.2142e+02,3.2147e+02,3.2151e+02,3.2157e+02,3.2163e+02,3.2169e+02,3.2176e+02,3.2184e+02,3.2192e+02,3.2201e+02,3.2210e+02,3.2219e+02,3.2229e+02,3.2238e+02,3.2247e+02,3.2255e+02,3.2262e+02,3.2269e+02,3.2275e+02,3.2281e+02,3.2286e+02,3.2290e+02,3.2294e+02,3.2297e+02,3.2300e+02,3.2302e+02,3.2304e+02,3.2306e+02,3.2307e+02,3.2307e+02,3.2308e+02,3.2308e+02,3.2307e+02,3.2306e+02,3.2305e+02,3.2304e+02,3.2302e+02,3.2301e+02,3.2299e+02,3.2297e+02,3.2295e+02,3.2294e+02,3.2294e+02,3.2295e+02,3.2298e+02,3.2301e+02,3.2301e+02,3.2299e+02,3.2297e+02,3.2293e+02,3.2289e+02,3.2285e+02,3.2280e+02,3.2275e+02,3.2270e+02,3.2264e+02,3.2259e+02,3.2253e+02,3.2247e+02,3.2240e+02,3.2233e+02,3.2225e+02,3.2217e+02,3.2208e+02,3.2199e+02,3.2188e+02,3.2176e+02,3.2161e+02,3.2145e+02,3.2125e+02,3.2109e+02,3.2095e+02,3.2084e+02,3.2074e+02,3.2065e+02,3.2058e+02,3.2051e+02,3.2046e+02,3.2041e+02,3.2037e+02,3.2033e+02,3.2030e+02,3.2028e+02,3.2026e+02,3.2024e+02,3.2023e+02,3.2023e+02,3.2121e+02,3.2121e+02,3.2121e+02,3.2122e+02,3.2123e+02,3.2124e+02,3.2126e+02,3.2128e+02,3.2130e+02,3.2132e+02,3.2135e+02,3.2138e+02,3.2141e+02,3.2145e+02,3.2150e+02,3.2155e+02,3.2160e+02,3.2166e+02,3.2173e+02,3.2180e+02,3.2188e+02,3.2197e+02,3.2206e+02,3.2216e+02,3.2226e+02,3.2237e+02,3.2246e+02,3.2256e+02,3.2264e+02,3.2272e+02,3.2279e+02,3.2285e+02,3.2291e+02,3.2296e+02,3.2301e+02,3.2304e+02,3.2308e+02,3.2311e+02,3.2313e+02,3.2315e+02,3.2316e+02,3.2317e+02,3.2318e+02,3.2318e+02,3.2318e+02,3.2318e+02,3.2317e+02,3.2316e+02,3.2315e+02,3.2313e+02,3.2312e+02,3.2310e+02,3.2308e+02,3.2307e+02,3.2306e+02,3.2306e+02,3.2308e+02,3.2312e+02,3.2316e+02,3.2317e+02,3.2316e+02,3.2314e+02,3.2310e+02,3.2306e+02,3.2302e+02,3.2297e+02,3.2292e+02,3.2287e+02,3.2281e+02,3.2275e+02,3.2269e+02,3.2262e+02,3.2255e+02,3.2248e+02,3.2240e+02,3.2231e+02,3.2222e+02,3.2211e+02,3.2199e+02,3.2186e+02,3.2170e+02,3.2151e+02,3.2129e+02,3.2110e+02,3.2095e+02,3.2082e+02,3.2072e+02,3.2062e+02,3.2054e+02,3.2047e+02,3.2041e+02,3.2036e+02,3.2031e+02,3.2027e+02,3.2024e+02,3.2021e+02,3.2019e+02,3.2018e+02,3.2017e+02,3.2016e+02,3.2125e+02,3.2125e+02,3.2125e+02,3.2126e+02,3.2127e+02,3.2128e+02,3.2130e+02,3.2132e+02,3.2134e+02,3.2136e+02,3.2139e+02,3.2142e+02,3.2146e+02,3.2150e+02,3.2154e+02,3.2159e+02,3.2165e+02,3.2171e+02,3.2178e+02,3.2185e+02,3.2193e+02,3.2202e+02,3.2212e+02,3.2222e+02,3.2233e+02,3.2243e+02,3.2254e+02,3.2263e+02,3.2272e+02,3.2280e+02,3.2287e+02,3.2294e+02,3.2300e+02,3.2305e+02,3.2309e+02,3.2313e+02,3.2317e+02,3.2320e+02,3.2322e+02,3.2324e+02,3.2325e+02,3.2326e+02,3.2327e+02,3.2327e+02,3.2327e+02,3.2327e+02,3.2326e+02,3.2325e+02,3.2324e+02,3.2322e+02,3.2321e+02,3.2319e+02,3.2317e+02,3.2316e+02,3.2316e+02,3.2316e+02,3.2318e+02,3.2324e+02,3.2328e+02,3.2330e+02,3.2329e+02,3.2327e+02,3.2324e+02,3.2320e+02,3.2315e+02,3.2310e+02,3.2305e+02,3.2300e+02,3.2294e+02,3.2288e+02,3.2281e+02,3.2275e+02,3.2267e+02,3.2260e+02,3.2251e+02,3.2242e+02,3.2232e+02,3.2220e+02,3.2207e+02,3.2193e+02,3.2176e+02,3.2156e+02,3.2131e+02,3.2112e+02,3.2095e+02,3.2081e+02,3.2070e+02,3.2059e+02,3.2051e+02,3.2043e+02,3.2037e+02,3.2031e+02,3.2026e+02,3.2022e+02,3.2019e+02,3.2016e+02,3.2014e+02,3.2012e+02,3.2011e+02,3.2010e+02,3.2130e+02,3.2130e+02,3.2131e+02,3.2131e+02,3.2132e+02,3.2134e+02,3.2135e+02,3.2137e+02,3.2139e+02,3.2141e+02,3.2144e+02,3.2147e+02,3.2151e+02,3.2155e+02,3.2159e+02,3.2164e+02,3.2170e+02,3.2176e+02,3.2183e+02,3.2191e+02,3.2199e+02,3.2208e+02,3.2218e+02,3.2228e+02,3.2239e+02,3.2250e+02,3.2260e+02,3.2270e+02,3.2279e+02,3.2287e+02,3.2294e+02,3.2301e+02,3.2306e+02,3.2312e+02,3.2316e+02,3.2320e+02,3.2324e+02,3.2326e+02,3.2329e+02,3.2331e+02,3.2332e+02,3.2333e+02,3.2334e+02,3.2334e+02,3.2334e+02,3.2334e+02,3.2333e+02,3.2332e+02,3.2331e+02,3.2329e+02,3.2328e+02,3.2326e+02,3.2325e+02,3.2324e+02,3.2323e+02,3.2324e+02,3.2327e+02,3.2333e+02,3.2338e+02,3.2339e+02,3.2339e+02,3.2337e+02,3.2334e+02,3.2330e+02,3.2326e+02,3.2321e+02,3.2316e+02,3.2310e+02,3.2304e+02,3.2298e+02,3.2291e+02,3.2284e+02,3.2277e+02,3.2269e+02,3.2260e+02,3.2250e+02,3.2239e+02,3.2227e+02,3.2214e+02,3.2198e+02,3.2180e+02,3.2159e+02,3.2133e+02,3.2113e+02,3.2095e+02,3.2080e+02,3.2068e+02,3.2057e+02,3.2048e+02,3.2040e+02,3.2033e+02,3.2027e+02,3.2022e+02,3.2017e+02,3.2014e+02,3.2011e+02,3.2009e+02,3.2007e+02,3.2006e+02,3.2005e+02,3.2137e+02,3.2137e+02,3.2138e+02,3.2138e+02,3.2139e+02,3.2140e+02,3.2142e+02,3.2144e+02,3.2146e+02,3.2148e+02,3.2151e+02,3.2154e+02,3.2157e+02,3.2161e+02,3.2166e+02,3.2171e+02,3.2176e+02,3.2182e+02,3.2189e+02,3.2197e+02,3.2205e+02,3.2214e+02,3.2223e+02,3.2234e+02,3.2244e+02,3.2255e+02,3.2265e+02,3.2275e+02,3.2284e+02,3.2292e+02,3.2299e+02,3.2306e+02,3.2311e+02,3.2316e+02,3.2321e+02,3.2325e+02,3.2328e+02,3.2331e+02,3.2333e+02,3.2335e+02,3.2337e+02,3.2338e+02,3.2338e+02,3.2339e+02,3.2339e+02,3.2338e+02,3.2338e+02,3.2337e+02,3.2336e+02,3.2334e+02,3.2333e+02,3.2331e+02,3.2330e+02,3.2329e+02,3.2329e+02,3.2330e+02,3.2333e+02,3.2339e+02,3.2345e+02,3.2347e+02,3.2347e+02,3.2345e+02,3.2342e+02,3.2338e+02,3.2334e+02,3.2329e+02,3.2324e+02,3.2318e+02,3.2312e+02,3.2306e+02,3.2299e+02,3.2292e+02,3.2284e+02,3.2275e+02,3.2266e+02,3.2256e+02,3.2245e+02,3.2232e+02,3.2218e+02,3.2202e+02,3.2183e+02,3.2161e+02,3.2135e+02,3.2113e+02,3.2095e+02,3.2079e+02,3.2066e+02,3.2055e+02,3.2045e+02,3.2037e+02,3.2029e+02,3.2023e+02,3.2018e+02,3.2013e+02,3.2010e+02,3.2006e+02,3.2004e+02,3.2002e+02,3.2001e+02,3.2000e+02,3.2145e+02,3.2146e+02,3.2146e+02,3.2147e+02,3.2148e+02,3.2149e+02,3.2150e+02,3.2152e+02,3.2154e+02,3.2156e+02,3.2159e+02,3.2162e+02,3.2165e+02,3.2169e+02,3.2173e+02,3.2178e+02,3.2184e+02,3.2190e+02,3.2196e+02,3.2203e+02,3.2211e+02,3.2220e+02,3.2229e+02,3.2239e+02,3.2250e+02,3.2260e+02,3.2270e+02,3.2279e+02,3.2288e+02,3.2295e+02,3.2302e+02,3.2309e+02,3.2314e+02,3.2319e+02,3.2324e+02,3.2327e+02,3.2331e+02,3.2333e+02,3.2336e+02,3.2337e+02,3.2339e+02,3.2340e+02,3.2340e+02,3.2341e+02,3.2341e+02,3.2340e+02,3.2340e+02,3.2339e+02,3.2338e+02,3.2337e+02,3.2335e+02,3.2334e+02,3.2333e+02,3.2332e+02,3.2332e+02,3.2334e+02,3.2337e+02,3.2344e+02,3.2349e+02,3.2352e+02,3.2352e+02,3.2351e+02,3.2348e+02,3.2344e+02,3.2340e+02,3.2335e+02,3.2330e+02,3.2325e+02,3.2318e+02,3.2312e+02,3.2305e+02,3.2298e+02,3.2290e+02,3.2281e+02,3.2271e+02,3.2261e+02,3.2249e+02,3.2236e+02,3.2222e+02,3.2205e+02,3.2185e+02,3.2162e+02,3.2136e+02,3.2113e+02,3.2094e+02,3.2078e+02,3.2065e+02,3.2053e+02,3.2043e+02,3.2034e+02,3.2026e+02,3.2020e+02,3.2014e+02,3.2010e+02,3.2006e+02,3.2002e+02,3.2000e+02,3.1998e+02,3.1997e+02,3.1996e+02,3.2156e+02,3.2156e+02,3.2157e+02,3.2157e+02,3.2158e+02,3.2159e+02,3.2161e+02,3.2162e+02,3.2164e+02,3.2166e+02,3.2169e+02,3.2172e+02,3.2175e+02,3.2179e+02,3.2183e+02,3.2187e+02,3.2192e+02,3.2198e+02,3.2204e+02,3.2211e+02,3.2219e+02,3.2227e+02,3.2235e+02,3.2245e+02,3.2254e+02,3.2264e+02,3.2273e+02,3.2282e+02,3.2290e+02,3.2297e+02,3.2304e+02,3.2310e+02,3.2315e+02,3.2320e+02,3.2324e+02,3.2327e+02,3.2331e+02,3.2333e+02,3.2335e+02,3.2337e+02,3.2338e+02,3.2339e+02,3.2340e+02,3.2340e+02,3.2340e+02,3.2340e+02,3.2339e+02,3.2339e+02,3.2338e+02,3.2337e+02,3.2335e+02,3.2334e+02,3.2334e+02,3.2333e+02,3.2334e+02,3.2336e+02,3.2339e+02,3.2346e+02,3.2352e+02,3.2355e+02,3.2356e+02,3.2355e+02,3.2352e+02,3.2349e+02,3.2345e+02,3.2340e+02,3.2335e+02,3.2329e+02,3.2323e+02,3.2317e+02,3.2310e+02,3.2302e+02,3.2294e+02,3.2285e+02,3.2275e+02,3.2264e+02,3.2252e+02,3.2239e+02,3.2224e+02,3.2207e+02,3.2187e+02,3.2163e+02,3.2136e+02,3.2113e+02,3.2094e+02,3.2077e+02,3.2063e+02,3.2051e+02,3.2040e+02,3.2031e+02,3.2024e+02,3.2017e+02,3.2011e+02,3.2006e+02,3.2002e+02,3.1999e+02,3.1996e+02,3.1994e+02,3.1993e+02,3.1992e+02,3.2169e+02,3.2169e+02,3.2169e+02,3.2170e+02,3.2171e+02,3.2172e+02,3.2173e+02,3.2175e+02,3.2176e+02,3.2179e+02,3.2181e+02,3.2184e+02,3.2187e+02,3.2190e+02,3.2194e+02,3.2198e+02,3.2203e+02,3.2208e+02,3.2214e+02,3.2220e+02,3.2227e+02,3.2234e+02,3.2242e+02,3.2250e+02,3.2259e+02,3.2268e+02,3.2276e+02,3.2284e+02,3.2291e+02,3.2298e+02,3.2304e+02,3.2309e+02,3.2314e+02,3.2318e+02,3.2322e+02,3.2325e+02,3.2328e+02,3.2331e+02,3.2333e+02,3.2334e+02,3.2336e+02,3.2337e+02,3.2337e+02,3.2337e+02,3.2337e+02,3.2337e+02,3.2337e+02,3.2336e+02,3.2335e+02,3.2334e+02,3.2333e+02,3.2332e+02,3.2332e+02,3.2332e+02,3.2333e+02,3.2335e+02,3.2340e+02,3.2347e+02,3.2353e+02,3.2357e+02,3.2358e+02,3.2357e+02,3.2355e+02,3.2352e+02,3.2348e+02,3.2343e+02,3.2338e+02,3.2333e+02,3.2327e+02,3.2320e+02,3.2313e+02,3.2305e+02,3.2297e+02,3.2288e+02,3.2278e+02,3.2267e+02,3.2255e+02,3.2241e+02,3.2226e+02,3.2208e+02,3.2187e+02,3.2164e+02,3.2136e+02,3.2113e+02,3.2093e+02,3.2076e+02,3.2062e+02,3.2049e+02,3.2038e+02,3.2029e+02,3.2021e+02,3.2014e+02,3.2008e+02,3.2003e+02,3.1999e+02,3.1995e+02,3.1993e+02,3.1991e+02,3.1989e+02,3.1989e+02,3.2184e+02,3.2184e+02,3.2185e+02,3.2185e+02,3.2186e+02,3.2187e+02,3.2188e+02,3.2190e+02,3.2191e+02,3.2193e+02,3.2196e+02,3.2198e+02,3.2201e+02,3.2204e+02,3.2208e+02,3.2211e+02,3.2216e+02,3.2220e+02,3.2225e+02,3.2231e+02,3.2237e+02,3.2243e+02,3.2250e+02,3.2257e+02,3.2264e+02,3.2271e+02,3.2278e+02,3.2285e+02,3.2291e+02,3.2297e+02,3.2302e+02,3.2307e+02,3.2311e+02,3.2315e+02,3.2318e+02,3.2321e+02,3.2324e+02,3.2326e+02,3.2328e+02,3.2329e+02,3.2331e+02,3.2331e+02,3.2332e+02,3.2332e+02,3.2332e+02,3.2332e+02,3.2332e+02,3.2331e+02,3.2330e+02,3.2330e+02,3.2329e+02,3.2328e+02,3.2328e+02,3.2329e+02,3.2330e+02,3.2333e+02,3.2338e+02,3.2346e+02,3.2353e+02,3.2357e+02,3.2358e+02,3.2358e+02,3.2356e+02,3.2353e+02,3.2350e+02,3.2345e+02,3.2340e+02,3.2335e+02,3.2329e+02,3.2322e+02,3.2315e+02,3.2308e+02,3.2299e+02,3.2290e+02,3.2280e+02,3.2269e+02,3.2256e+02,3.2242e+02,3.2226e+02,3.2209e+02,3.2188e+02,3.2164e+02,3.2136e+02,3.2112e+02,3.2092e+02,3.2075e+02,3.2060e+02,3.2047e+02,3.2036e+02,3.2027e+02,3.2018e+02,3.2011e+02,3.2005e+02,3.2000e+02,3.1996e+02,3.1992e+02,3.1989e+02,3.1987e+02,3.1986e+02,3.1985e+02,3.2203e+02,3.2203e+02,3.2203e+02,3.2204e+02,3.2204e+02,3.2205e+02,3.2207e+02,3.2208e+02,3.2209e+02,3.2211e+02,3.2213e+02,3.2216e+02,3.2218e+02,3.2221e+02,3.2224e+02,3.2228e+02,3.2231e+02,3.2235e+02,3.2240e+02,3.2244e+02,3.2249e+02,3.2254e+02,3.2259e+02,3.2264e+02,3.2269e+02,3.2275e+02,3.2280e+02,3.2285e+02,3.2289e+02,3.2294e+02,3.2298e+02,3.2302e+02,3.2306e+02,3.2310e+02,3.2312e+02,3.2315e+02,3.2317e+02,3.2319e+02,3.2321e+02,3.2322e+02,3.2323e+02,3.2324e+02,3.2325e+02,3.2325e+02,3.2325e+02,3.2325e+02,3.2325e+02,3.2324e+02,3.2324e+02,3.2323e+02,3.2323e+02,3.2322e+02,3.2323e+02,3.2324e+02,3.2326e+02,3.2329e+02,3.2334e+02,3.2343e+02,3.2351e+02,3.2355e+02,3.2357e+02,3.2357e+02,3.2356e+02,3.2354e+02,3.2350e+02,3.2346e+02,3.2342e+02,3.2336e+02,3.2330e+02,3.2324e+02,3.2317e+02,3.2309e+02,3.2300e+02,3.2291e+02,3.2281e+02,3.2270e+02,3.2257e+02,3.2243e+02,3.2227e+02,3.2209e+02,3.2188e+02,3.2163e+02,3.2135e+02,3.2111e+02,3.2091e+02,3.2073e+02,3.2058e+02,3.2046e+02,3.2034e+02,3.2025e+02,3.2016e+02,3.2009e+02,3.2003e+02,3.1997e+02,3.1993e+02,3.1989e+02,3.1986e+02,3.1984e+02,3.1983e+02,3.1982e+02,3.2225e+02,3.2225e+02,3.2226e+02,3.2226e+02,3.2227e+02,3.2228e+02,3.2229e+02,3.2230e+02,3.2231e+02,3.2233e+02,3.2235e+02,3.2237e+02,3.2239e+02,3.2242e+02,3.2244e+02,3.2247e+02,3.2250e+02,3.2254e+02,3.2257e+02,3.2261e+02,3.2264e+02,3.2268e+02,3.2271e+02,3.2274e+02,3.2276e+02,3.2278e+02,3.2281e+02,3.2284e+02,3.2287e+02,3.2291e+02,3.2294e+02,3.2297e+02,3.2300e+02,3.2303e+02,3.2305e+02,3.2308e+02,3.2310e+02,3.2311e+02,3.2313e+02,3.2314e+02,3.2315e+02,3.2315e+02,3.2316e+02,3.2316e+02,3.2316e+02,3.2316e+02,3.2316e+02,3.2315e+02,3.2315e+02,3.2315e+02,3.2315e+02,3.2315e+02,3.2316e+02,3.2317e+02,3.2319e+02,3.2323e+02,3.2330e+02,3.2339e+02,3.2347e+02,3.2353e+02,3.2355e+02,3.2356e+02,3.2355e+02,3.2353e+02,3.2350e+02,3.2346e+02,3.2342e+02,3.2337e+02,3.2331e+02,3.2325e+02,3.2317e+02,3.2310e+02,3.2301e+02,3.2292e+02,3.2281e+02,3.2270e+02,3.2257e+02,3.2243e+02,3.2227e+02,3.2208e+02,3.2187e+02,3.2163e+02,3.2134e+02,3.2110e+02,3.2090e+02,3.2072e+02,3.2057e+02,3.2044e+02,3.2032e+02,3.2022e+02,3.2014e+02,3.2006e+02,3.2000e+02,3.1995e+02,3.1990e+02,3.1987e+02,3.1984e+02,3.1981e+02,3.1980e+02,3.1979e+02,3.2253e+02,3.2253e+02,3.2253e+02,3.2254e+02,3.2254e+02,3.2255e+02,3.2256e+02,3.2257e+02,3.2258e+02,3.2260e+02,3.2261e+02,3.2263e+02,3.2265e+02,3.2267e+02,3.2270e+02,3.2272e+02,3.2275e+02,3.2277e+02,3.2280e+02,3.2282e+02,3.2284e+02,3.2286e+02,3.2287e+02,3.2287e+02,3.2285e+02,3.2282e+02,3.2282e+02,3.2283e+02,3.2284e+02,3.2286e+02,3.2289e+02,3.2291e+02,3.2293e+02,3.2295e+02,3.2297e+02,3.2299e+02,3.2301e+02,3.2302e+02,3.2303e+02,3.2304e+02,3.2305e+02,3.2305e+02,3.2306e+02,3.2306e+02,3.2306e+02,3.2306e+02,3.2306e+02,3.2306e+02,3.2306e+02,3.2306e+02,3.2306e+02,3.2306e+02,3.2307e+02,3.2309e+02,3.2312e+02,3.2317e+02,3.2324e+02,3.2334e+02,3.2343e+02,3.2349e+02,3.2353e+02,3.2354e+02,3.2354e+02,3.2352e+02,3.2349e+02,3.2346e+02,3.2342e+02,3.2337e+02,3.2331e+02,3.2324e+02,3.2317e+02,3.2310e+02,3.2301e+02,3.2292e+02,3.2281e+02,3.2270e+02,3.2257e+02,3.2243e+02,3.2226e+02,3.2208e+02,3.2186e+02,3.2162e+02,3.2133e+02,3.2109e+02,3.2088e+02,3.2070e+02,3.2055e+02,3.2042e+02,3.2030e+02,3.2020e+02,3.2012e+02,3.2004e+02,3.1998e+02,3.1992e+02,3.1988e+02,3.1984e+02,3.1981e+02,3.1979e+02,3.1977e+02,3.1977e+02,3.2278e+02,3.2278e+02,3.2278e+02,3.2278e+02,3.2279e+02,3.2280e+02,3.2280e+02,3.2281e+02,3.2282e+02,3.2284e+02,3.2285e+02,3.2287e+02,3.2288e+02,3.2290e+02,3.2292e+02,3.2294e+02,3.2296e+02,3.2297e+02,3.2299e+02,3.2300e+02,3.2301e+02,3.2301e+02,3.2300e+02,3.2297e+02,3.2292e+02,3.2286e+02,3.2283e+02,3.2281e+02,3.2281e+02,3.2282e+02,3.2283e+02,3.2284e+02,3.2286e+02,3.2287e+02,3.2289e+02,3.2290e+02,3.2292e+02,3.2293e+02,3.2294e+02,3.2294e+02,3.2295e+02,3.2295e+02,3.2296e+02,3.2296e+02,3.2296e+02,3.2296e+02,3.2296e+02,3.2296e+02,3.2296e+02,3.2296e+02,3.2296e+02,3.2297e+02,3.2299e+02,3.2301e+02,3.2305e+02,3.2310e+02,3.2318e+02,3.2329e+02,3.2339e+02,3.2345e+02,3.2349e+02,3.2351e+02,3.2351e+02,3.2350e+02,3.2348e+02,3.2345e+02,3.2341e+02,3.2336e+02,3.2330e+02,3.2324e+02,3.2317e+02,3.2309e+02,3.2301e+02,3.2291e+02,3.2281e+02,3.2269e+02,3.2256e+02,3.2242e+02,3.2225e+02,3.2207e+02,3.2185e+02,3.2161e+02,3.2132e+02,3.2108e+02,3.2087e+02,3.2069e+02,3.2053e+02,3.2040e+02,3.2028e+02,3.2018e+02,3.2009e+02,3.2002e+02,3.1995e+02,3.1990e+02,3.1985e+02,3.1981e+02,3.1978e+02,3.1976e+02,3.1975e+02,3.1974e+02,3.2298e+02,3.2298e+02,3.2299e+02,3.2299e+02,3.2299e+02,3.2300e+02,3.2301e+02,3.2302e+02,3.2302e+02,3.2304e+02,3.2305e+02,3.2306e+02,3.2307e+02,3.2309e+02,3.2310e+02,3.2311e+02,3.2313e+02,3.2314e+02,3.2315e+02,3.2315e+02,3.2314e+02,3.2313e+02,3.2310e+02,3.2305e+02,3.2297e+02,3.2289e+02,3.2283e+02,3.2280e+02,3.2279e+02,3.2278e+02,3.2278e+02,3.2279e+02,3.2279e+02,3.2280e+02,3.2281e+02,3.2282e+02,3.2283e+02,3.2284e+02,3.2285e+02,3.2285e+02,3.2286e+02,3.2286e+02,3.2286e+02,3.2286e+02,3.2286e+02,3.2286e+02,3.2286e+02,3.2286e+02,3.2286e+02,3.2287e+02,3.2287e+02,3.2289e+02,3.2291e+02,3.2293e+02,3.2297e+02,3.2303e+02,3.2312e+02,3.2323e+02,3.2334e+02,3.2341e+02,3.2346e+02,3.2348e+02,3.2349e+02,3.2348e+02,3.2346e+02,3.2343e+02,3.2339e+02,3.2334e+02,3.2329e+02,3.2323e+02,3.2316e+02,3.2308e+02,3.2300e+02,3.2290e+02,3.2280e+02,3.2268e+02,3.2255e+02,3.2241e+02,3.2224e+02,3.2206e+02,3.2184e+02,3.2159e+02,3.2130e+02,3.2106e+02,3.2085e+02,3.2067e+02,3.2052e+02,3.2038e+02,3.2026e+02,3.2016e+02,3.2007e+02,3.2000e+02,3.1993e+02,3.1987e+02,3.1983e+02,3.1979e+02,3.1976e+02,3.1974e+02,3.1972e+02,3.1972e+02,3.2316e+02,3.2316e+02,3.2316e+02,3.2316e+02,3.2317e+02,3.2317e+02,3.2318e+02,3.2319e+02,3.2319e+02,3.2320e+02,3.2321e+02,3.2322e+02,3.2323e+02,3.2324e+02,3.2325e+02,3.2326e+02,3.2327e+02,3.2327e+02,3.2327e+02,3.2326e+02,3.2325e+02,3.2322e+02,3.2318e+02,3.2311e+02,3.2301e+02,3.2291e+02,3.2284e+02,3.2280e+02,3.2277e+02,3.2275e+02,3.2274e+02,3.2274e+02,3.2274e+02,3.2274e+02,3.2275e+02,3.2275e+02,3.2276e+02,3.2276e+02,3.2277e+02,3.2277e+02,3.2277e+02,3.2277e+02,3.2277e+02,3.2278e+02,3.2278e+02,3.2278e+02,3.2278e+02,3.2278e+02,3.2278e+02,3.2278e+02,3.2279e+02,3.2281e+02,3.2283e+02,3.2286e+02,3.2291e+02,3.2297e+02,3.2306e+02,3.2318e+02,3.2329e+02,3.2337e+02,3.2342e+02,3.2345e+02,3.2346e+02,3.2345e+02,3.2344e+02,3.2341e+02,3.2337e+02,3.2333e+02,3.2327e+02,3.2321e+02,3.2315e+02,3.2307e+02,3.2298e+02,3.2289e+02,3.2279e+02,3.2267e+02,3.2254e+02,3.2239e+02,3.2223e+02,3.2204e+02,3.2183e+02,3.2158e+02,3.2129e+02,3.2104e+02,3.2083e+02,3.2065e+02,3.2050e+02,3.2036e+02,3.2024e+02,3.2014e+02,3.2005e+02,3.1997e+02,3.1991e+02,3.1985e+02,3.1980e+02,3.1977e+02,3.1974e+02,3.1971e+02,3.1970e+02,3.1969e+02,3.2331e+02,3.2331e+02,3.2331e+02,3.2331e+02,3.2332e+02,3.2332e+02,3.2332e+02,3.2333e+02,3.2334e+02,3.2334e+02,3.2335e+02,3.2336e+02,3.2336e+02,3.2337e+02,3.2338e+02,3.2338e+02,3.2338e+02,3.2338e+02,3.2337e+02,3.2336e+02,3.2333e+02,3.2330e+02,3.2324e+02,3.2316e+02,3.2305e+02,3.2293e+02,3.2285e+02,3.2279e+02,3.2275e+02,3.2273e+02,3.2271e+02,3.2270e+02,3.2269e+02,3.2269e+02,3.2269e+02,3.2269e+02,3.2269e+02,3.2270e+02,3.2270e+02,3.2270e+02,3.2270e+02,3.2270e+02,3.2270e+02,3.2270e+02,3.2270e+02,3.2270e+02,3.2270e+02,3.2270e+02,3.2271e+02,3.2271e+02,3.2272e+02,3.2274e+02,3.2276e+02,3.2280e+02,3.2285e+02,3.2291e+02,3.2301e+02,3.2313e+02,3.2325e+02,3.2333e+02,3.2338e+02,3.2341e+02,3.2343e+02,3.2343e+02,3.2341e+02,3.2339e+02,3.2335e+02,3.2331e+02,3.2325e+02,3.2320e+02,3.2313e+02,3.2305e+02,3.2297e+02,3.2287e+02,3.2277e+02,3.2265e+02,3.2252e+02,3.2238e+02,3.2221e+02,3.2202e+02,3.2181e+02,3.2156e+02,3.2127e+02,3.2102e+02,3.2081e+02,3.2063e+02,3.2048e+02,3.2034e+02,3.2022e+02,3.2012e+02,3.2003e+02,3.1995e+02,3.1988e+02,3.1983e+02,3.1978e+02,3.1974e+02,3.1971e+02,3.1969e+02,3.1967e+02,3.1967e+02,3.2344e+02,3.2344e+02,3.2344e+02,3.2344e+02,3.2344e+02,3.2345e+02,3.2345e+02,3.2345e+02,3.2346e+02,3.2346e+02,3.2347e+02,3.2347e+02,3.2348e+02,3.2348e+02,3.2348e+02,3.2348e+02,3.2348e+02,3.2347e+02,3.2346e+02,3.2344e+02,3.2341e+02,3.2336e+02,3.2329e+02,3.2320e+02,3.2308e+02,3.2295e+02,3.2286e+02,3.2279e+02,3.2275e+02,3.2271e+02,3.2269e+02,3.2267e+02,3.2266e+02,3.2265e+02,3.2265e+02,3.2265e+02,3.2265e+02,3.2265e+02,3.2265e+02,3.2264e+02,3.2264e+02,3.2264e+02,3.2264e+02,3.2264e+02,3.2264e+02,3.2264e+02,3.2264e+02,3.2264e+02,3.2265e+02,3.2265e+02,3.2266e+02,3.2268e+02,3.2271e+02,3.2274e+02,3.2280e+02,3.2287e+02,3.2296e+02,3.2309e+02,3.2321e+02,3.2329e+02,3.2335e+02,3.2338e+02,3.2340e+02,3.2340e+02,3.2338e+02,3.2336e+02,3.2333e+02,3.2328e+02,3.2323e+02,3.2317e+02,3.2311e+02,3.2303e+02,3.2295e+02,3.2285e+02,3.2275e+02,3.2263e+02,3.2250e+02,3.2236e+02,3.2219e+02,3.2200e+02,3.2179e+02,3.2154e+02,3.2125e+02,3.2100e+02,3.2079e+02,3.2061e+02,3.2045e+02,3.2032e+02,3.2020e+02,3.2010e+02,3.2001e+02,3.1993e+02,3.1986e+02,3.1981e+02,3.1976e+02,3.1972e+02,3.1969e+02,3.1967e+02,3.1965e+02,3.1964e+02,3.2355e+02,3.2355e+02,3.2355e+02,3.2355e+02,3.2355e+02,3.2356e+02,3.2356e+02,3.2356e+02,3.2356e+02,3.2357e+02,3.2357e+02,3.2357e+02,3.2357e+02,3.2357e+02,3.2357e+02,3.2357e+02,3.2356e+02,3.2355e+02,3.2353e+02,3.2351e+02,3.2347e+02,3.2341e+02,3.2334e+02,3.2324e+02,3.2311e+02,3.2298e+02,3.2288e+02,3.2280e+02,3.2275e+02,3.2271e+02,3.2268e+02,3.2266e+02,3.2264e+02,3.2263e+02,3.2262e+02,3.2262e+02,3.2261e+02,3.2261e+02,3.2261e+02,3.2260e+02,3.2260e+02,3.2260e+02,3.2260e+02,3.2260e+02,3.2259e+02,3.2259e+02,3.2259e+02,3.2259e+02,3.2260e+02,3.2261e+02,3.2262e+02,3.2264e+02,3.2266e+02,3.2270e+02,3.2275e+02,3.2282e+02,3.2292e+02,3.2305e+02,3.2317e+02,3.2326e+02,3.2331e+02,3.2335e+02,3.2336e+02,3.2337e+02,3.2335e+02,3.2333e+02,3.2330e+02,3.2326e+02,3.2320e+02,3.2315e+02,3.2308e+02,3.2300e+02,3.2292e+02,3.2283e+02,3.2272e+02,3.2261e+02,3.2248e+02,3.2233e+02,3.2217e+02,3.2198e+02,3.2176e+02,3.2151e+02,3.2122e+02,3.2098e+02,3.2077e+02,3.2059e+02,3.2043e+02,3.2029e+02,3.2018e+02,3.2007e+02,3.1998e+02,3.1991e+02,3.1984e+02,3.1978e+02,3.1973e+02,3.1970e+02,3.1967e+02,3.1964e+02,3.1963e+02,3.1962e+02,3.2365e+02,3.2365e+02,3.2365e+02,3.2365e+02,3.2365e+02,3.2365e+02,3.2365e+02,3.2365e+02,3.2366e+02,3.2366e+02,3.2366e+02,3.2366e+02,3.2366e+02,3.2366e+02,3.2365e+02,3.2365e+02,3.2364e+02,3.2362e+02,3.2360e+02,3.2357e+02,3.2352e+02,3.2346e+02,3.2339e+02,3.2328e+02,3.2315e+02,3.2301e+02,3.2290e+02,3.2282e+02,3.2276e+02,3.2271e+02,3.2268e+02,3.2266e+02,3.2264e+02,3.2262e+02,3.2261e+02,3.2260e+02,3.2260e+02,3.2259e+02,3.2258e+02,3.2258e+02,3.2258e+02,3.2257e+02,3.2257e+02,3.2257e+02,3.2256e+02,3.2256e+02,3.2256e+02,3.2256e+02,3.2257e+02,3.2257e+02,3.2258e+02,3.2260e+02,3.2263e+02,3.2267e+02,3.2272e+02,3.2279e+02,3.2289e+02,3.2301e+02,3.2314e+02,3.2322e+02,3.2328e+02,3.2332e+02,3.2333e+02,3.2333e+02,3.2332e+02,3.2330e+02,3.2327e+02,3.2322e+02,3.2317e+02,3.2312e+02,3.2305e+02,3.2298e+02,3.2289e+02,3.2280e+02,3.2270e+02,3.2258e+02,3.2245e+02,3.2230e+02,3.2214e+02,3.2195e+02,3.2174e+02,3.2149e+02,3.2120e+02,3.2095e+02,3.2074e+02,3.2056e+02,3.2041e+02,3.2027e+02,3.2015e+02,3.2005e+02,3.1996e+02,3.1988e+02,3.1981e+02,3.1976e+02,3.1971e+02,3.1967e+02,3.1964e+02,3.1962e+02,3.1960e+02,3.1960e+02,3.2373e+02,3.2373e+02,3.2373e+02,3.2373e+02,3.2373e+02,3.2373e+02,3.2374e+02,3.2374e+02,3.2374e+02,3.2374e+02,3.2374e+02,3.2373e+02,3.2373e+02,3.2373e+02,3.2372e+02,3.2371e+02,3.2370e+02,3.2368e+02,3.2365e+02,3.2362e+02,3.2357e+02,3.2351e+02,3.2343e+02,3.2332e+02,3.2318e+02,3.2304e+02,3.2293e+02,3.2284e+02,3.2278e+02,3.2273e+02,3.2269e+02,3.2266e+02,3.2264e+02,3.2263e+02,3.2261e+02,3.2260e+02,3.2259e+02,3.2258e+02,3.2258e+02,3.2257e+02,3.2256e+02,3.2256e+02,3.2255e+02,3.2255e+02,3.2255e+02,3.2254e+02,3.2254e+02,3.2254e+02,3.2254e+02,3.2255e+02,3.2256e+02,3.2258e+02,3.2260e+02,3.2264e+02,3.2269e+02,3.2276e+02,3.2286e+02,3.2298e+02,3.2310e+02,3.2319e+02,3.2325e+02,3.2328e+02,3.2330e+02,3.2330e+02,3.2329e+02,3.2326e+02,3.2323e+02,3.2319e+02,3.2314e+02,3.2308e+02,3.2302e+02,3.2294e+02,3.2286e+02,3.2277e+02,3.2266e+02,3.2255e+02,3.2242e+02,3.2227e+02,3.2211e+02,3.2192e+02,3.2171e+02,3.2146e+02,3.2117e+02,3.2092e+02,3.2072e+02,3.2054e+02,3.2038e+02,3.2024e+02,3.2013e+02,3.2002e+02,3.1993e+02,3.1986e+02,3.1979e+02,3.1973e+02,3.1969e+02,3.1965e+02,3.1962e+02,3.1960e+02,3.1958e+02,3.1957e+02,3.2381e+02,3.2381e+02,3.2381e+02,3.2381e+02,3.2381e+02,3.2381e+02,3.2381e+02,3.2381e+02,3.2381e+02,3.2381e+02,3.2380e+02,3.2380e+02,3.2380e+02,3.2379e+02,3.2378e+02,3.2377e+02,3.2375e+02,3.2373e+02,3.2370e+02,3.2367e+02,3.2362e+02,3.2355e+02,3.2347e+02,3.2336e+02,3.2322e+02,3.2307e+02,3.2296e+02,3.2287e+02,3.2281e+02,3.2276e+02,3.2272e+02,3.2268e+02,3.2266e+02,3.2264e+02,3.2262e+02,3.2261e+02,3.2260e+02,3.2259e+02,3.2258e+02,3.2257e+02,3.2257e+02,3.2256e+02,3.2255e+02,3.2255e+02,3.2254e+02,3.2254e+02,3.2254e+02,3.2253e+02,3.2254e+02,3.2254e+02,3.2255e+02,3.2257e+02,3.2259e+02,3.2263e+02,3.2267e+02,3.2274e+02,3.2283e+02,3.2296e+02,3.2308e+02,3.2316e+02,3.2322e+02,3.2325e+02,3.2326e+02,3.2326e+02,3.2325e+02,3.2323e+02,3.2319e+02,3.2315e+02,3.2310e+02,3.2304e+02,3.2298e+02,3.2291e+02,3.2282e+02,3.2273e+02,3.2263e+02,3.2251e+02,3.2238e+02,3.2224e+02,3.2208e+02,3.2189e+02,3.2168e+02,3.2143e+02,3.2114e+02,3.2089e+02,3.2069e+02,3.2051e+02,3.2035e+02,3.2022e+02,3.2010e+02,3.2000e+02,3.1991e+02,3.1983e+02,3.1977e+02,3.1971e+02,3.1966e+02,3.1962e+02,3.1959e+02,3.1957e+02,3.1956e+02,3.1955e+02,3.2387e+02,3.2387e+02,3.2387e+02,3.2387e+02,3.2387e+02,3.2387e+02,3.2387e+02,3.2387e+02,3.2387e+02,3.2387e+02,3.2386e+02,3.2386e+02,3.2385e+02,3.2384e+02,3.2383e+02,3.2382e+02,3.2380e+02,3.2378e+02,3.2375e+02,3.2371e+02,3.2366e+02,3.2359e+02,3.2351e+02,3.2340e+02,3.2326e+02,3.2311e+02,3.2300e+02,3.2291e+02,3.2284e+02,3.2279e+02,3.2275e+02,3.2271e+02,3.2269e+02,3.2266e+02,3.2265e+02,3.2263e+02,3.2262e+02,3.2261e+02,3.2260e+02,3.2259e+02,3.2258e+02,3.2257e+02,3.2256e+02,3.2255e+02,3.2255e+02,3.2254e+02,3.2254e+02,3.2254e+02,3.2254e+02,3.2254e+02,3.2255e+02,3.2256e+02,3.2258e+02,3.2262e+02,3.2266e+02,3.2273e+02,3.2282e+02,3.2294e+02,3.2305e+02,3.2313e+02,3.2318e+02,3.2321e+02,3.2323e+02,3.2322e+02,3.2321e+02,3.2319e+02,3.2315e+02,3.2311e+02,3.2306e+02,3.2300e+02,3.2294e+02,3.2286e+02,3.2278e+02,3.2269e+02,3.2259e+02,3.2247e+02,3.2234e+02,3.2220e+02,3.2204e+02,3.2185e+02,3.2164e+02,3.2139e+02,3.2110e+02,3.2086e+02,3.2065e+02,3.2048e+02,3.2032e+02,3.2019e+02,3.2007e+02,3.1997e+02,3.1988e+02,3.1980e+02,3.1974e+02,3.1968e+02,3.1964e+02,3.1960e+02,3.1957e+02,3.1955e+02,3.1953e+02,3.1953e+02,3.2393e+02,3.2393e+02,3.2393e+02,3.2393e+02,3.2393e+02,3.2393e+02,3.2393e+02,3.2392e+02,3.2392e+02,3.2392e+02,3.2391e+02,3.2391e+02,3.2390e+02,3.2389e+02,3.2388e+02,3.2387e+02,3.2385e+02,3.2382e+02,3.2379e+02,3.2375e+02,3.2370e+02,3.2363e+02,3.2355e+02,3.2344e+02,3.2329e+02,3.2315e+02,3.2304e+02,3.2295e+02,3.2288e+02,3.2283e+02,3.2278e+02,3.2275e+02,3.2272e+02,3.2270e+02,3.2268e+02,3.2266e+02,3.2264e+02,3.2263e+02,3.2262e+02,3.2261e+02,3.2260e+02,3.2259e+02,3.2258e+02,3.2257e+02,3.2256e+02,3.2255e+02,3.2255e+02,3.2254e+02,3.2254e+02,3.2254e+02,3.2255e+02,3.2256e+02,3.2258e+02,3.2261e+02,3.2265e+02,3.2271e+02,3.2280e+02,3.2291e+02,3.2302e+02,3.2310e+02,3.2315e+02,3.2317e+02,3.2318e+02,3.2318e+02,3.2317e+02,3.2314e+02,3.2310e+02,3.2306e+02,3.2301e+02,3.2295e+02,3.2289e+02,3.2281e+02,3.2273e+02,3.2264e+02,3.2254e+02,3.2243e+02,3.2230e+02,3.2216e+02,3.2200e+02,3.2181e+02,3.2160e+02,3.2135e+02,3.2107e+02,3.2083e+02,3.2062e+02,3.2044e+02,3.2029e+02,3.2016e+02,3.2004e+02,3.1994e+02,3.1985e+02,3.1978e+02,3.1971e+02,3.1966e+02,3.1961e+02,3.1957e+02,3.1954e+02,3.1952e+02,3.1951e+02,3.1950e+02,3.2398e+02,3.2398e+02,3.2398e+02,3.2398e+02,3.2398e+02,3.2398e+02,3.2398e+02,3.2397e+02,3.2397e+02,3.2397e+02,3.2396e+02,3.2395e+02,3.2394e+02,3.2393e+02,3.2392e+02,3.2390e+02,3.2388e+02,3.2386e+02,3.2383e+02,3.2379e+02,3.2373e+02,3.2367e+02,3.2358e+02,3.2347e+02,3.2333e+02,3.2319e+02,3.2307e+02,3.2299e+02,3.2292e+02,3.2286e+02,3.2282e+02,3.2278e+02,3.2275e+02,3.2273e+02,3.2271e+02,3.2269e+02,3.2267e+02,3.2266e+02,3.2264e+02,3.2263e+02,3.2262e+02,3.2261e+02,3.2260e+02,3.2259e+02,3.2258e+02,3.2257e+02,3.2256e+02,3.2255e+02,3.2255e+02,3.2255e+02,3.2255e+02,3.2256e+02,3.2258e+02,3.2260e+02,3.2264e+02,3.2270e+02,3.2278e+02,3.2289e+02,3.2299e+02,3.2306e+02,3.2311e+02,3.2313e+02,3.2314e+02,3.2313e+02,3.2311e+02,3.2309e+02,3.2305e+02,3.2301e+02,3.2296e+02,3.2290e+02,3.2283e+02,3.2276e+02,3.2268e+02,3.2259e+02,3.2249e+02,3.2238e+02,3.2225e+02,3.2211e+02,3.2195e+02,3.2177e+02,3.2156e+02,3.2131e+02,3.2103e+02,3.2079e+02,3.2058e+02,3.2041e+02,3.2025e+02,3.2012e+02,3.2001e+02,3.1991e+02,3.1982e+02,3.1975e+02,3.1968e+02,3.1963e+02,3.1959e+02,3.1955e+02,3.1952e+02,3.1950e+02,3.1948e+02,3.1948e+02,3.2403e+02,3.2403e+02,3.2403e+02,3.2403e+02,3.2402e+02,3.2402e+02,3.2402e+02,3.2401e+02,3.2401e+02,3.2400e+02,3.2400e+02,3.2399e+02,3.2398e+02,3.2397e+02,3.2395e+02,3.2394e+02,3.2392e+02,3.2389e+02,3.2386e+02,3.2381e+02,3.2376e+02,3.2370e+02,3.2361e+02,3.2350e+02,3.2336e+02,3.2322e+02,3.2311e+02,3.2302e+02,3.2295e+02,3.2289e+02,3.2285e+02,3.2281e+02,3.2278e+02,3.2276e+02,3.2273e+02,3.2271e+02,3.2269e+02,3.2268e+02,3.2266e+02,3.2265e+02,3.2264e+02,3.2262e+02,3.2261e+02,3.2260e+02,3.2259e+02,3.2258e+02,3.2257e+02,3.2256e+02,3.2255e+02,3.2255e+02,3.2255e+02,3.2256e+02,3.2257e+02,3.2259e+02,3.2263e+02,3.2268e+02,3.2275e+02,3.2286e+02,3.2296e+02,3.2302e+02,3.2306e+02,3.2308e+02,3.2309e+02,3.2308e+02,3.2306e+02,3.2303e+02,3.2299e+02,3.2295e+02,3.2290e+02,3.2284e+02,3.2277e+02,3.2270e+02,3.2262e+02,3.2253e+02,3.2243e+02,3.2232e+02,3.2219e+02,3.2205e+02,3.2190e+02,3.2172e+02,3.2151e+02,3.2126e+02,3.2098e+02,3.2074e+02,3.2054e+02,3.2037e+02,3.2022e+02,3.2009e+02,3.1997e+02,3.1988e+02,3.1979e+02,3.1972e+02,3.1966e+02,3.1960e+02,3.1956e+02,3.1952e+02,3.1949e+02,3.1947e+02,3.1946e+02,3.1945e+02,3.2407e+02,3.2407e+02,3.2407e+02,3.2406e+02,3.2406e+02,3.2406e+02,3.2405e+02,3.2405e+02,3.2404e+02,3.2404e+02,3.2403e+02,3.2402e+02,3.2401e+02,3.2400e+02,3.2398e+02,3.2396e+02,3.2394e+02,3.2391e+02,3.2388e+02,3.2384e+02,3.2378e+02,3.2372e+02,3.2363e+02,3.2352e+02,3.2338e+02,3.2324e+02,3.2313e+02,3.2304e+02,3.2297e+02,3.2292e+02,3.2287e+02,3.2283e+02,3.2280e+02,3.2277e+02,3.2275e+02,3.2273e+02,3.2271e+02,3.2269e+02,3.2267e+02,3.2266e+02,3.2264e+02,3.2263e+02,3.2261e+02,3.2260e+02,3.2259e+02,3.2258e+02,3.2257e+02,3.2256e+02,3.2255e+02,3.2254e+02,3.2254e+02,3.2254e+02,3.2255e+02,3.2257e+02,3.2260e+02,3.2265e+02,3.2272e+02,3.2282e+02,3.2291e+02,3.2297e+02,3.2301e+02,3.2302e+02,3.2303e+02,3.2301e+02,3.2299e+02,3.2296e+02,3.2292e+02,3.2288e+02,3.2283e+02,3.2277e+02,3.2270e+02,3.2263e+02,3.2255e+02,3.2246e+02,3.2236e+02,3.2225e+02,3.2213e+02,3.2199e+02,3.2184e+02,3.2166e+02,3.2145e+02,3.2121e+02,3.2093e+02,3.2070e+02,3.2050e+02,3.2033e+02,3.2018e+02,3.2005e+02,3.1994e+02,3.1984e+02,3.1976e+02,3.1969e+02,3.1963e+02,3.1957e+02,3.1953e+02,3.1949e+02,3.1947e+02,3.1945e+02,3.1943e+02,3.1943e+02,3.2410e+02,3.2410e+02,3.2410e+02,3.2410e+02,3.2409e+02,3.2409e+02,3.2409e+02,3.2408e+02,3.2407e+02,3.2407e+02,3.2406e+02,3.2405e+02,3.2404e+02,3.2402e+02,3.2401e+02,3.2399e+02,3.2396e+02,3.2393e+02,3.2390e+02,3.2385e+02,3.2380e+02,3.2373e+02,3.2365e+02,3.2354e+02,3.2340e+02,3.2326e+02,3.2314e+02,3.2306e+02,3.2299e+02,3.2293e+02,3.2288e+02,3.2284e+02,3.2281e+02,3.2278e+02,3.2276e+02,3.2273e+02,3.2271e+02,3.2269e+02,3.2267e+02,3.2266e+02,3.2264e+02,3.2262e+02,3.2261e+02,3.2259e+02,3.2258e+02,3.2256e+02,3.2255e+02,3.2254e+02,3.2253e+02,3.2252e+02,3.2252e+02,3.2252e+02,3.2252e+02,3.2254e+02,3.2256e+02,3.2261e+02,3.2267e+02,3.2277e+02,3.2286e+02,3.2291e+02,3.2294e+02,3.2296e+02,3.2295e+02,3.2294e+02,3.2292e+02,3.2289e+02,3.2285e+02,3.2280e+02,3.2275e+02,3.2269e+02,3.2263e+02,3.2255e+02,3.2247e+02,3.2239e+02,3.2229e+02,3.2218e+02,3.2206e+02,3.2193e+02,3.2177e+02,3.2160e+02,3.2139e+02,3.2116e+02,3.2088e+02,3.2065e+02,3.2045e+02,3.2028e+02,3.2014e+02,3.2001e+02,3.1990e+02,3.1981e+02,3.1973e+02,3.1966e+02,3.1960e+02,3.1954e+02,3.1950e+02,3.1947e+02,3.1944e+02,3.1942e+02,3.1941e+02,3.1940e+02,3.2413e+02,3.2413e+02,3.2412e+02,3.2412e+02,3.2412e+02,3.2412e+02,3.2411e+02,3.2410e+02,3.2410e+02,3.2409e+02,3.2408e+02,3.2407e+02,3.2406e+02,3.2404e+02,3.2402e+02,3.2400e+02,3.2398e+02,3.2395e+02,3.2391e+02,3.2387e+02,3.2381e+02,3.2374e+02,3.2366e+02,3.2355e+02,3.2340e+02,3.2326e+02,3.2315e+02,3.2306e+02,3.2299e+02,3.2293e+02,3.2288e+02,3.2284e+02,3.2281e+02,3.2278e+02,3.2275e+02,3.2272e+02,3.2270e+02,3.2268e+02,3.2266e+02,3.2264e+02,3.2262e+02,3.2261e+02,3.2259e+02,3.2257e+02,3.2255e+02,3.2254e+02,3.2252e+02,3.2251e+02,3.2250e+02,3.2249e+02,3.2248e+02,3.2248e+02,3.2248e+02,3.2249e+02,3.2251e+02,3.2255e+02,3.2261e+02,3.2270e+02,3.2279e+02,3.2284e+02,3.2287e+02,3.2288e+02,3.2287e+02,3.2286e+02,3.2283e+02,3.2280e+02,3.2276e+02,3.2271e+02,3.2266e+02,3.2260e+02,3.2254e+02,3.2246e+02,3.2239e+02,3.2230e+02,3.2221e+02,3.2210e+02,3.2198e+02,3.2185e+02,3.2170e+02,3.2153e+02,3.2133e+02,3.2109e+02,3.2082e+02,3.2059e+02,3.2040e+02,3.2023e+02,3.2009e+02,3.1997e+02,3.1986e+02,3.1977e+02,3.1969e+02,3.1962e+02,3.1956e+02,3.1951e+02,3.1947e+02,3.1944e+02,3.1941e+02,3.1939e+02,3.1938e+02,3.1937e+02,3.2415e+02,3.2415e+02,3.2415e+02,3.2414e+02,3.2414e+02,3.2414e+02,3.2413e+02,3.2412e+02,3.2412e+02,3.2411e+02,3.2410e+02,3.2409e+02,3.2407e+02,3.2405e+02,3.2404e+02,3.2401e+02,3.2399e+02,3.2395e+02,3.2392e+02,3.2387e+02,3.2381e+02,3.2374e+02,3.2366e+02,3.2354e+02,3.2340e+02,3.2325e+02,3.2314e+02,3.2305e+02,3.2298e+02,3.2292e+02,3.2287e+02,3.2282e+02,3.2279e+02,3.2276e+02,3.2273e+02,3.2270e+02,3.2268e+02,3.2265e+02,3.2263e+02,3.2261e+02,3.2259e+02,3.2257e+02,3.2255e+02,3.2253e+02,3.2252e+02,3.2250e+02,3.2248e+02,3.2247e+02,3.2245e+02,3.2244e+02,3.2243e+02,3.2242e+02,3.2242e+02,3.2243e+02,3.2245e+02,3.2248e+02,3.2254e+02,3.2262e+02,3.2270e+02,3.2275e+02,3.2278e+02,3.2278e+02,3.2278e+02,3.2276e+02,3.2273e+02,3.2270e+02,3.2265e+02,3.2261e+02,3.2256e+02,3.2250e+02,3.2243e+02,3.2236e+02,3.2229e+02,3.2220e+02,3.2211e+02,3.2201e+02,3.2189e+02,3.2176e+02,3.2161e+02,3.2145e+02,3.2125e+02,3.2102e+02,3.2075e+02,3.2053e+02,3.2034e+02,3.2018e+02,3.2004e+02,3.1992e+02,3.1982e+02,3.1973e+02,3.1965e+02,3.1959e+02,3.1953e+02,3.1948e+02,3.1944e+02,3.1941e+02,3.1938e+02,3.1936e+02,3.1935e+02,3.1934e+02,3.2417e+02,3.2417e+02,3.2417e+02,3.2416e+02,3.2416e+02,3.2415e+02,3.2415e+02,3.2414e+02,3.2413e+02,3.2412e+02,3.2411e+02,3.2410e+02,3.2408e+02,3.2406e+02,3.2404e+02,3.2402e+02,3.2399e+02,3.2396e+02,3.2392e+02,3.2387e+02,3.2381e+02,3.2374e+02,3.2365e+02,3.2353e+02,3.2339e+02,3.2324e+02,3.2312e+02,3.2303e+02,3.2295e+02,3.2289e+02,3.2284e+02,3.2279e+02,3.2275e+02,3.2272e+02,3.2269e+02,3.2266e+02,3.2264e+02,3.2261e+02,3.2259e+02,3.2256e+02,3.2254e+02,3.2252e+02,3.2250e+02,3.2248e+02,3.2246e+02,3.2244e+02,3.2242e+02,3.2241e+02,3.2239e+02,3.2237e+02,3.2236e+02,3.2235e+02,3.2235e+02,3.2235e+02,3.2237e+02,3.2240e+02,3.2245e+02,3.2253e+02,3.2261e+02,3.2265e+02,3.2267e+02,3.2267e+02,3.2266e+02,3.2264e+02,3.2261e+02,3.2258e+02,3.2254e+02,3.2249e+02,3.2244e+02,3.2238e+02,3.2232e+02,3.2225e+02,3.2217e+02,3.2209e+02,3.2200e+02,3.2190e+02,3.2179e+02,3.2166e+02,3.2152e+02,3.2136e+02,3.2117e+02,3.2094e+02,3.2068e+02,3.2046e+02,3.2028e+02,3.2012e+02,3.1999e+02,3.1987e+02,3.1977e+02,3.1969e+02,3.1961e+02,3.1955e+02,3.1950e+02,3.1945e+02,3.1941e+02,3.1938e+02,3.1935e+02,3.1934e+02,3.1932e+02,3.1932e+02,3.2418e+02,3.2418e+02,3.2418e+02,3.2418e+02,3.2417e+02,3.2417e+02,3.2416e+02,3.2415e+02,3.2414e+02,3.2413e+02,3.2412e+02,3.2410e+02,3.2409e+02,3.2407e+02,3.2405e+02,3.2402e+02,3.2399e+02,3.2395e+02,3.2391e+02,3.2386e+02,3.2380e+02,3.2372e+02,3.2363e+02,3.2351e+02,3.2336e+02,3.2321e+02,3.2309e+02,3.2299e+02,3.2292e+02,3.2285e+02,3.2280e+02,3.2275e+02,3.2271e+02,3.2267e+02,3.2264e+02,3.2261e+02,3.2258e+02,3.2255e+02,3.2253e+02,3.2250e+02,3.2248e+02,3.2246e+02,3.2244e+02,3.2241e+02,3.2239e+02,3.2237e+02,3.2235e+02,3.2233e+02,3.2231e+02,3.2229e+02,3.2228e+02,3.2227e+02,3.2226e+02,3.2226e+02,3.2227e+02,3.2229e+02,3.2234e+02,3.2242e+02,3.2249e+02,3.2253e+02,3.2255e+02,3.2254e+02,3.2253e+02,3.2251e+02,3.2248e+02,3.2244e+02,3.2240e+02,3.2235e+02,3.2230e+02,3.2224e+02,3.2218e+02,3.2211e+02,3.2204e+02,3.2196e+02,3.2187e+02,3.2177e+02,3.2167e+02,3.2155e+02,3.2141e+02,3.2125e+02,3.2107e+02,3.2085e+02,3.2060e+02,3.2039e+02,3.2021e+02,3.2006e+02,3.1993e+02,3.1982e+02,3.1973e+02,3.1965e+02,3.1958e+02,3.1951e+02,3.1946e+02,3.1942e+02,3.1938e+02,3.1935e+02,3.1932e+02,3.1931e+02,3.1930e+02,3.1929e+02,3.2419e+02,3.2419e+02,3.2419e+02,3.2419e+02,3.2418e+02,3.2418e+02,3.2417e+02,3.2416e+02,3.2415e+02,3.2414e+02,3.2413e+02,3.2411e+02,3.2409e+02,3.2407e+02,3.2405e+02,3.2402e+02,3.2399e+02,3.2395e+02,3.2390e+02,3.2385e+02,3.2378e+02,3.2370e+02,3.2361e+02,3.2348e+02,3.2333e+02,3.2317e+02,3.2305e+02,3.2295e+02,3.2287e+02,3.2280e+02,3.2274e+02,3.2269e+02,3.2264e+02,3.2261e+02,3.2257e+02,3.2254e+02,3.2251e+02,3.2248e+02,3.2245e+02,3.2243e+02,3.2240e+02,3.2238e+02,3.2235e+02,3.2233e+02,3.2231e+02,3.2228e+02,3.2226e+02,3.2224e+02,3.2222e+02,3.2220e+02,3.2218e+02,3.2217e+02,3.2216e+02,3.2215e+02,3.2216e+02,3.2218e+02,3.2222e+02,3.2229e+02,3.2235e+02,3.2238e+02,3.2240e+02,3.2239e+02,3.2237e+02,3.2235e+02,3.2232e+02,3.2228e+02,3.2223e+02,3.2219e+02,3.2214e+02,3.2208e+02,3.2202e+02,3.2195e+02,3.2188e+02,3.2180e+02,3.2172e+02,3.2163e+02,3.2152e+02,3.2141e+02,3.2128e+02,3.2113e+02,3.2096e+02,3.2075e+02,3.2051e+02,3.2031e+02,3.2014e+02,3.2000e+02,3.1987e+02,3.1977e+02,3.1968e+02,3.1960e+02,3.1953e+02,3.1948e+02,3.1943e+02,3.1938e+02,3.1935e+02,3.1932e+02,3.1930e+02,3.1928e+02,3.1927e+02,3.1926e+02,3.2420e+02,3.2420e+02,3.2420e+02,3.2420e+02,3.2419e+02,3.2418e+02,3.2418e+02,3.2417e+02,3.2416e+02,3.2414e+02,3.2413e+02,3.2411e+02,3.2409e+02,3.2407e+02,3.2404e+02,3.2401e+02,3.2398e+02,3.2394e+02,3.2389e+02,3.2383e+02,3.2376e+02,3.2368e+02,3.2358e+02,3.2345e+02,3.2329e+02,3.2313e+02,3.2300e+02,3.2289e+02,3.2280e+02,3.2273e+02,3.2267e+02,3.2262e+02,3.2257e+02,3.2253e+02,3.2249e+02,3.2245e+02,3.2242e+02,3.2239e+02,3.2236e+02,3.2234e+02,3.2231e+02,3.2228e+02,3.2226e+02,3.2223e+02,3.2221e+02,3.2218e+02,3.2216e+02,3.2214e+02,3.2211e+02,3.2209e+02,3.2207e+02,3.2205e+02,3.2204e+02,3.2203e+02,3.2203e+02,3.2204e+02,3.2207e+02,3.2213e+02,3.2219e+02,3.2221e+02,3.2222e+02,3.2221e+02,3.2219e+02,3.2216e+02,3.2213e+02,3.2209e+02,3.2204e+02,3.2200e+02,3.2194e+02,3.2189e+02,3.2183e+02,3.2177e+02,3.2170e+02,3.2162e+02,3.2154e+02,3.2145e+02,3.2136e+02,3.2125e+02,3.2112e+02,3.2098e+02,3.2082e+02,3.2063e+02,3.2040e+02,3.2021e+02,3.2006e+02,3.1993e+02,3.1981e+02,3.1971e+02,3.1963e+02,3.1956e+02,3.1949e+02,3.1944e+02,3.1939e+02,3.1935e+02,3.1932e+02,3.1929e+02,3.1927e+02,3.1925e+02,3.1924e+02,3.1923e+02,3.2421e+02,3.2421e+02,3.2420e+02,3.2420e+02,3.2419e+02,3.2419e+02,3.2418e+02,3.2417e+02,3.2416e+02,3.2414e+02,3.2413e+02,3.2411e+02,3.2409e+02,3.2406e+02,3.2404e+02,3.2400e+02,3.2397e+02,3.2392e+02,3.2387e+02,3.2381e+02,3.2374e+02,3.2365e+02,3.2354e+02,3.2341e+02,3.2324e+02,3.2307e+02,3.2294e+02,3.2282e+02,3.2273e+02,3.2266e+02,3.2259e+02,3.2253e+02,3.2248e+02,3.2244e+02,3.2240e+02,3.2236e+02,3.2233e+02,3.2229e+02,3.2226e+02,3.2223e+02,3.2221e+02,3.2218e+02,3.2215e+02,3.2213e+02,3.2210e+02,3.2207e+02,3.2205e+02,3.2202e+02,3.2200e+02,3.2197e+02,3.2195e+02,3.2193e+02,3.2191e+02,3.2190e+02,3.2189e+02,3.2189e+02,3.2191e+02,3.2196e+02,3.2200e+02,3.2201e+02,3.2201e+02,3.2199e+02,3.2197e+02,3.2194e+02,3.2190e+02,3.2186e+02,3.2182e+02,3.2177e+02,3.2172e+02,3.2166e+02,3.2160e+02,3.2154e+02,3.2148e+02,3.2140e+02,3.2133e+02,3.2124e+02,3.2115e+02,3.2105e+02,3.2094e+02,3.2081e+02,3.2066e+02,3.2049e+02,3.2028e+02,3.2011e+02,3.1997e+02,3.1985e+02,3.1975e+02,3.1966e+02,3.1958e+02,3.1951e+02,3.1945e+02,3.1940e+02,3.1935e+02,3.1932e+02,3.1928e+02,3.1926e+02,3.1924e+02,3.1922e+02,3.1921e+02,3.1921e+02,3.2421e+02,3.2421e+02,3.2421e+02,3.2420e+02,3.2420e+02,3.2419e+02,3.2418e+02,3.2417e+02,3.2416e+02,3.2414e+02,3.2413e+02,3.2411e+02,3.2408e+02,3.2406e+02,3.2403e+02,3.2399e+02,3.2395e+02,3.2391e+02,3.2385e+02,3.2379e+02,3.2371e+02,3.2362e+02,3.2350e+02,3.2336e+02,3.2319e+02,3.2301e+02,3.2287e+02,3.2275e+02,3.2265e+02,3.2257e+02,3.2250e+02,3.2244e+02,3.2239e+02,3.2234e+02,3.2230e+02,3.2226e+02,3.2222e+02,3.2219e+02,3.2216e+02,3.2213e+02,3.2210e+02,3.2207e+02,3.2204e+02,3.2201e+02,3.2198e+02,3.2196e+02,3.2193e+02,3.2190e+02,3.2187e+02,3.2185e+02,3.2182e+02,3.2180e+02,3.2178e+02,3.2176e+02,3.2174e+02,3.2174e+02,3.2174e+02,3.2175e+02,3.2177e+02,3.2176e+02,3.2175e+02,3.2173e+02,3.2170e+02,3.2167e+02,3.2163e+02,3.2159e+02,3.2154e+02,3.2149e+02,3.2144e+02,3.2139e+02,3.2133e+02,3.2127e+02,3.2121e+02,3.2114e+02,3.2107e+02,3.2099e+02,3.2090e+02,3.2081e+02,3.2071e+02,3.2059e+02,3.2046e+02,3.2032e+02,3.2015e+02,3.2001e+02,3.1989e+02,3.1978e+02,3.1968e+02,3.1960e+02,3.1953e+02,3.1946e+02,3.1941e+02,3.1936e+02,3.1932e+02,3.1928e+02,3.1925e+02,3.1923e+02,3.1921e+02,3.1919e+02,3.1918e+02,3.1918e+02,3.2421e+02,3.2421e+02,3.2421e+02,3.2420e+02,3.2420e+02,3.2419e+02,3.2418e+02,3.2417e+02,3.2415e+02,3.2414e+02,3.2412e+02,3.2410e+02,3.2407e+02,3.2405e+02,3.2402e+02,3.2398e+02,3.2394e+02,3.2389e+02,3.2383e+02,3.2376e+02,3.2368e+02,3.2358e+02,3.2346e+02,3.2331e+02,3.2313e+02,3.2295e+02,3.2280e+02,3.2267e+02,3.2257e+02,3.2248e+02,3.2241e+02,3.2235e+02,3.2229e+02,3.2224e+02,3.2219e+02,3.2215e+02,3.2212e+02,3.2208e+02,3.2205e+02,3.2201e+02,3.2198e+02,3.2195e+02,3.2192e+02,3.2189e+02,3.2186e+02,3.2184e+02,3.2181e+02,3.2178e+02,3.2175e+02,3.2172e+02,3.2169e+02,3.2166e+02,3.2164e+02,3.2161e+02,3.2159e+02,3.2158e+02,3.2156e+02,3.2155e+02,3.2154e+02,3.2152e+02,3.2150e+02,3.2147e+02,3.2144e+02,3.2140e+02,3.2136e+02,3.2132e+02,3.2127e+02,3.2123e+02,3.2118e+02,3.2112e+02,3.2107e+02,3.2101e+02,3.2095e+02,3.2089e+02,3.2082e+02,3.2074e+02,3.2066e+02,3.2058e+02,3.2048e+02,3.2038e+02,3.2027e+02,3.2015e+02,3.2002e+02,3.1990e+02,3.1980e+02,3.1970e+02,3.1962e+02,3.1954e+02,3.1948e+02,3.1942e+02,3.1937e+02,3.1932e+02,3.1928e+02,3.1925e+02,3.1922e+02,3.1920e+02,3.1918e+02,3.1917e+02,3.1916e+02,3.1915e+02,3.2420e+02,3.2420e+02,3.2420e+02,3.2419e+02,3.2419e+02,3.2418e+02,3.2417e+02,3.2416e+02,3.2414e+02,3.2413e+02,3.2411e+02,3.2409e+02,3.2406e+02,3.2403e+02,3.2400e+02,3.2396e+02,3.2391e+02,3.2386e+02,3.2380e+02,3.2373e+02,3.2364e+02,3.2354e+02,3.2341e+02,3.2326e+02,3.2307e+02,3.2288e+02,3.2273e+02,3.2260e+02,3.2249e+02,3.2240e+02,3.2232e+02,3.2225e+02,3.2219e+02,3.2214e+02,3.2209e+02,3.2205e+02,3.2201e+02,3.2197e+02,3.2194e+02,3.2190e+02,3.2187e+02,3.2184e+02,3.2181e+02,3.2178e+02,3.2175e+02,3.2172e+02,3.2169e+02,3.2166e+02,3.2163e+02,3.2160e+02,3.2157e+02,3.2154e+02,3.2151e+02,3.2148e+02,3.2145e+02,3.2142e+02,3.2140e+02,3.2137e+02,3.2135e+02,3.2132e+02,3.2129e+02,3.2126e+02,3.2122e+02,3.2118e+02,3.2114e+02,3.2110e+02,3.2105e+02,3.2100e+02,3.2096e+02,3.2090e+02,3.2085e+02,3.2079e+02,3.2074e+02,3.2067e+02,3.2061e+02,3.2054e+02,3.2047e+02,3.2039e+02,3.2030e+02,3.2021e+02,3.2012e+02,3.2001e+02,3.1991e+02,3.1981e+02,3.1972e+02,3.1963e+02,3.1956e+02,3.1949e+02,3.1943e+02,3.1937e+02,3.1933e+02,3.1928e+02,3.1925e+02,3.1922e+02,3.1919e+02,3.1917e+02,3.1915e+02,3.1914e+02,3.1913e+02,3.1913e+02,3.2419e+02,3.2419e+02,3.2418e+02,3.2418e+02,3.2417e+02,3.2416e+02,3.2415e+02,3.2414e+02,3.2413e+02,3.2411e+02,3.2409e+02,3.2407e+02,3.2404e+02,3.2401e+02,3.2397e+02,3.2393e+02,3.2389e+02,3.2383e+02,3.2377e+02,3.2369e+02,3.2360e+02,3.2349e+02,3.2336e+02,3.2321e+02,3.2301e+02,3.2282e+02,3.2266e+02,3.2252e+02,3.2241e+02,3.2232e+02,3.2224e+02,3.2217e+02,3.2210e+02,3.2205e+02,3.2200e+02,3.2195e+02,3.2191e+02,3.2187e+02,3.2184e+02,3.2180e+02,3.2177e+02,3.2173e+02,3.2170e+02,3.2167e+02,3.2164e+02,3.2161e+02,3.2157e+02,3.2154e+02,3.2151e+02,3.2148e+02,3.2145e+02,3.2141e+02,3.2138e+02,3.2135e+02,3.2132e+02,3.2128e+02,3.2125e+02,3.2122e+02,3.2118e+02,3.2115e+02,3.2111e+02,3.2108e+02,3.2104e+02,3.2100e+02,3.2095e+02,3.2091e+02,3.2086e+02,3.2082e+02,3.2077e+02,3.2072e+02,3.2067e+02,3.2061e+02,3.2056e+02,3.2050e+02,3.2044e+02,3.2037e+02,3.2030e+02,3.2023e+02,3.2016e+02,3.2007e+02,3.1999e+02,3.1990e+02,3.1981e+02,3.1972e+02,3.1964e+02,3.1956e+02,3.1950e+02,3.1944e+02,3.1938e+02,3.1933e+02,3.1929e+02,3.1925e+02,3.1921e+02,3.1919e+02,3.1916e+02,3.1914e+02,3.1912e+02,3.1911e+02,3.1910e+02,3.1910e+02,3.2417e+02,3.2417e+02,3.2416e+02,3.2416e+02,3.2415e+02,3.2414e+02,3.2413e+02,3.2412e+02,3.2410e+02,3.2409e+02,3.2407e+02,3.2404e+02,3.2401e+02,3.2398e+02,3.2395e+02,3.2390e+02,3.2385e+02,3.2380e+02,3.2373e+02,3.2365e+02,3.2356e+02,3.2345e+02,3.2331e+02,3.2315e+02,3.2296e+02,3.2276e+02,3.2259e+02,3.2245e+02,3.2234e+02,3.2224e+02,3.2216e+02,3.2208e+02,3.2202e+02,3.2196e+02,3.2191e+02,3.2186e+02,3.2182e+02,3.2178e+02,3.2174e+02,3.2170e+02,3.2167e+02,3.2164e+02,3.2160e+02,3.2157e+02,3.2154e+02,3.2150e+02,3.2147e+02,3.2144e+02,3.2140e+02,3.2137e+02,3.2134e+02,3.2130e+02,3.2127e+02,3.2123e+02,3.2119e+02,3.2116e+02,3.2112e+02,3.2108e+02,3.2104e+02,3.2100e+02,3.2096e+02,3.2092e+02,3.2088e+02,3.2084e+02,3.2079e+02,3.2075e+02,3.2070e+02,3.2066e+02,3.2061e+02,3.2056e+02,3.2051e+02,3.2046e+02,3.2040e+02,3.2035e+02,3.2029e+02,3.2023e+02,3.2017e+02,3.2010e+02,3.2003e+02,3.1996e+02,3.1988e+02,3.1980e+02,3.1972e+02,3.1964e+02,3.1957e+02,3.1950e+02,3.1944e+02,3.1939e+02,3.1934e+02,3.1929e+02,3.1925e+02,3.1921e+02,3.1918e+02,3.1916e+02,3.1913e+02,3.1911e+02,3.1910e+02,3.1909e+02,3.1908e+02,3.1908e+02,3.2415e+02,3.2414e+02,3.2414e+02,3.2413e+02,3.2413e+02,3.2412e+02,3.2411e+02,3.2409e+02,3.2408e+02,3.2406e+02,3.2404e+02,3.2401e+02,3.2398e+02,3.2395e+02,3.2391e+02,3.2387e+02,3.2382e+02,3.2376e+02,3.2369e+02,3.2361e+02,3.2352e+02,3.2340e+02,3.2327e+02,3.2310e+02,3.2290e+02,3.2270e+02,3.2253e+02,3.2239e+02,3.2227e+02,3.2217e+02,3.2208e+02,3.2201e+02,3.2194e+02,3.2188e+02,3.2183e+02,3.2178e+02,3.2174e+02,3.2170e+02,3.2166e+02,3.2162e+02,3.2158e+02,3.2155e+02,3.2151e+02,3.2148e+02,3.2145e+02,3.2141e+02,3.2138e+02,3.2134e+02,3.2131e+02,3.2127e+02,3.2124e+02,3.2120e+02,3.2116e+02,3.2112e+02,3.2109e+02,3.2105e+02,3.2100e+02,3.2096e+02,3.2092e+02,3.2087e+02,3.2083e+02,3.2079e+02,3.2074e+02,3.2070e+02,3.2066e+02,3.2061e+02,3.2056e+02,3.2052e+02,3.2047e+02,3.2042e+02,3.2037e+02,3.2032e+02,3.2027e+02,3.2022e+02,3.2016e+02,3.2011e+02,3.2005e+02,3.1999e+02,3.1992e+02,3.1986e+02,3.1979e+02,3.1971e+02,3.1964e+02,3.1957e+02,3.1950e+02,3.1944e+02,3.1939e+02,3.1934e+02,3.1929e+02,3.1925e+02,3.1921e+02,3.1918e+02,3.1915e+02,3.1913e+02,3.1911e+02,3.1909e+02,3.1907e+02,3.1906e+02,3.1906e+02,3.1905e+02,3.2411e+02,3.2411e+02,3.2411e+02,3.2410e+02,3.2410e+02,3.2409e+02,3.2408e+02,3.2406e+02,3.2405e+02,3.2403e+02,3.2400e+02,3.2398e+02,3.2395e+02,3.2392e+02,3.2388e+02,3.2383e+02,3.2378e+02,3.2372e+02,3.2365e+02,3.2357e+02,3.2347e+02,3.2336e+02,3.2322e+02,3.2305e+02,3.2285e+02,3.2264e+02,3.2247e+02,3.2233e+02,3.2221e+02,3.2211e+02,3.2202e+02,3.2194e+02,3.2187e+02,3.2181e+02,3.2176e+02,3.2171e+02,3.2166e+02,3.2162e+02,3.2158e+02,3.2154e+02,3.2150e+02,3.2147e+02,3.2143e+02,3.2140e+02,3.2136e+02,3.2133e+02,3.2129e+02,3.2126e+02,3.2122e+02,3.2119e+02,3.2115e+02,3.2111e+02,3.2107e+02,3.2103e+02,3.2099e+02,3.2095e+02,3.2090e+02,3.2085e+02,3.2081e+02,3.2076e+02,3.2072e+02,3.2067e+02,3.2063e+02,3.2058e+02,3.2054e+02,3.2049e+02,3.2044e+02,3.2040e+02,3.2035e+02,3.2030e+02,3.2026e+02,3.2021e+02,3.2016e+02,3.2011e+02,3.2006e+02,3.2000e+02,3.1995e+02,3.1989e+02,3.1983e+02,3.1977e+02,3.1971e+02,3.1964e+02,3.1957e+02,3.1951e+02,3.1945e+02,3.1939e+02,3.1934e+02,3.1930e+02,3.1925e+02,3.1922e+02,3.1918e+02,3.1915e+02,3.1912e+02,3.1910e+02,3.1908e+02,3.1906e+02,3.1905e+02,3.1904e+02,3.1903e+02,3.1903e+02,3.2408e+02,3.2408e+02,3.2407e+02,3.2407e+02,3.2406e+02,3.2405e+02,3.2404e+02,3.2402e+02,3.2401e+02,3.2399e+02,3.2397e+02,3.2394e+02,3.2391e+02,3.2388e+02,3.2384e+02,3.2379e+02,3.2374e+02,3.2368e+02,3.2361e+02,3.2352e+02,3.2343e+02,3.2331e+02,3.2317e+02,3.2300e+02,3.2280e+02,3.2259e+02,3.2242e+02,3.2227e+02,3.2215e+02,3.2205e+02,3.2196e+02,3.2188e+02,3.2181e+02,3.2175e+02,3.2170e+02,3.2165e+02,3.2160e+02,3.2156e+02,3.2151e+02,3.2148e+02,3.2144e+02,3.2140e+02,3.2137e+02,3.2133e+02,3.2129e+02,3.2126e+02,3.2122e+02,3.2119e+02,3.2115e+02,3.2111e+02,3.2107e+02,3.2103e+02,3.2099e+02,3.2095e+02,3.2090e+02,3.2086e+02,3.2081e+02,3.2076e+02,3.2071e+02,3.2066e+02,3.2062e+02,3.2057e+02,3.2052e+02,3.2048e+02,3.2043e+02,3.2038e+02,3.2034e+02,3.2029e+02,3.2025e+02,3.2020e+02,3.2016e+02,3.2011e+02,3.2006e+02,3.2001e+02,3.1996e+02,3.1991e+02,3.1986e+02,3.1981e+02,3.1975e+02,3.1969e+02,3.1964e+02,3.1957e+02,3.1951e+02,3.1945e+02,3.1940e+02,3.1934e+02,3.1930e+02,3.1926e+02,3.1922e+02,3.1918e+02,3.1915e+02,3.1912e+02,3.1910e+02,3.1908e+02,3.1906e+02,3.1904e+02,3.1903e+02,3.1902e+02,3.1901e+02,3.1901e+02,3.2404e+02,3.2404e+02,3.2403e+02,3.2403e+02,3.2402e+02,3.2401e+02,3.2400e+02,3.2398e+02,3.2397e+02,3.2395e+02,3.2392e+02,3.2390e+02,3.2387e+02,3.2383e+02,3.2379e+02,3.2375e+02,3.2369e+02,3.2363e+02,3.2356e+02,3.2348e+02,3.2338e+02,3.2326e+02,3.2312e+02,3.2295e+02,3.2275e+02,3.2254e+02,3.2237e+02,3.2222e+02,3.2210e+02,3.2200e+02,3.2191e+02,3.2183e+02,3.2176e+02,3.2170e+02,3.2164e+02,3.2159e+02,3.2154e+02,3.2150e+02,3.2146e+02,3.2142e+02,3.2138e+02,3.2134e+02,3.2131e+02,3.2127e+02,3.2123e+02,3.2120e+02,3.2116e+02,3.2112e+02,3.2109e+02,3.2105e+02,3.2101e+02,3.2096e+02,3.2092e+02,3.2088e+02,3.2083e+02,3.2078e+02,3.2073e+02,3.2068e+02,3.2063e+02,3.2058e+02,3.2053e+02,3.2048e+02,3.2043e+02,3.2039e+02,3.2034e+02,3.2029e+02,3.2025e+02,3.2020e+02,3.2016e+02,3.2011e+02,3.2007e+02,3.2002e+02,3.1997e+02,3.1993e+02,3.1988e+02,3.1983e+02,3.1978e+02,3.1973e+02,3.1968e+02,3.1963e+02,3.1957e+02,3.1952e+02,3.1945e+02,3.1940e+02,3.1935e+02,3.1930e+02,3.1926e+02,3.1922e+02,3.1918e+02,3.1915e+02,3.1912e+02,3.1910e+02,3.1907e+02,3.1905e+02,3.1903e+02,3.1902e+02,3.1901e+02,3.1900e+02,3.1900e+02,3.1899e+02,3.2399e+02,3.2399e+02,3.2398e+02,3.2398e+02,3.2397e+02,3.2396e+02,3.2395e+02,3.2393e+02,3.2392e+02,3.2390e+02,3.2387e+02,3.2385e+02,3.2382e+02,3.2378e+02,3.2374e+02,3.2370e+02,3.2364e+02,3.2358e+02,3.2351e+02,3.2343e+02,3.2333e+02,3.2321e+02,3.2307e+02,3.2290e+02,3.2270e+02,3.2249e+02,3.2232e+02,3.2218e+02,3.2206e+02,3.2195e+02,3.2186e+02,3.2178e+02,3.2172e+02,3.2165e+02,3.2160e+02,3.2155e+02,3.2150e+02,3.2145e+02,3.2141e+02,3.2137e+02,3.2133e+02,3.2129e+02,3.2126e+02,3.2122e+02,3.2118e+02,3.2115e+02,3.2111e+02,3.2107e+02,3.2103e+02,3.2099e+02,3.2095e+02,3.2091e+02,3.2086e+02,3.2082e+02,3.2077e+02,3.2072e+02,3.2067e+02,3.2061e+02,3.2056e+02,3.2051e+02,3.2045e+02,3.2040e+02,3.2035e+02,3.2031e+02,3.2026e+02,3.2021e+02,3.2017e+02,3.2012e+02,3.2008e+02,3.2003e+02,3.1999e+02,3.1994e+02,3.1990e+02,3.1985e+02,3.1981e+02,3.1976e+02,3.1972e+02,3.1967e+02,3.1962e+02,3.1957e+02,3.1952e+02,3.1946e+02,3.1941e+02,3.1935e+02,3.1931e+02,3.1926e+02,3.1922e+02,3.1919e+02,3.1915e+02,3.1912e+02,3.1910e+02,3.1907e+02,3.1905e+02,3.1903e+02,3.1901e+02,3.1900e+02,3.1899e+02,3.1898e+02,3.1898e+02,3.1898e+02,3.2394e+02,3.2393e+02,3.2393e+02,3.2392e+02,3.2392e+02,3.2391e+02,3.2389e+02,3.2388e+02,3.2386e+02,3.2384e+02,3.2382e+02,3.2379e+02,3.2376e+02,3.2373e+02,3.2369e+02,3.2364e+02,3.2359e+02,3.2353e+02,3.2346e+02,3.2338e+02,3.2328e+02,3.2316e+02,3.2302e+02,3.2286e+02,3.2265e+02,3.2245e+02,3.2228e+02,3.2214e+02,3.2202e+02,3.2191e+02,3.2182e+02,3.2175e+02,3.2168e+02,3.2161e+02,3.2156e+02,3.2151e+02,3.2146e+02,3.2141e+02,3.2137e+02,3.2133e+02,3.2129e+02,3.2125e+02,3.2122e+02,3.2118e+02,3.2114e+02,3.2110e+02,3.2107e+02,3.2103e+02,3.2099e+02,3.2095e+02,3.2090e+02,3.2086e+02,3.2081e+02,3.2076e+02,3.2071e+02,3.2066e+02,3.2061e+02,3.2055e+02,3.2050e+02,3.2044e+02,3.2039e+02,3.2033e+02,3.2028e+02,3.2023e+02,3.2019e+02,3.2014e+02,3.2009e+02,3.2005e+02,3.2000e+02,3.1996e+02,3.1992e+02,3.1987e+02,3.1983e+02,3.1979e+02,3.1975e+02,3.1970e+02,3.1966e+02,3.1961e+02,3.1957e+02,3.1952e+02,3.1947e+02,3.1942e+02,3.1936e+02,3.1931e+02,3.1927e+02,3.1923e+02,3.1919e+02,3.1916e+02,3.1913e+02,3.1910e+02,3.1907e+02,3.1905e+02,3.1903e+02,3.1901e+02,3.1900e+02,3.1898e+02,3.1897e+02,3.1897e+02,3.1896e+02,3.1896e+02,3.2387e+02,3.2387e+02,3.2387e+02,3.2386e+02,3.2386e+02,3.2385e+02,3.2383e+02,3.2382e+02,3.2380e+02,3.2378e+02,3.2376e+02,3.2373e+02,3.2370e+02,3.2367e+02,3.2363e+02,3.2359e+02,3.2353e+02,3.2347e+02,3.2340e+02,3.2332e+02,3.2322e+02,3.2311e+02,3.2297e+02,3.2281e+02,3.2261e+02,3.2240e+02,3.2224e+02,3.2210e+02,3.2198e+02,3.2187e+02,3.2179e+02,3.2171e+02,3.2164e+02,3.2158e+02,3.2152e+02,3.2147e+02,3.2143e+02,3.2138e+02,3.2134e+02,3.2130e+02,3.2126e+02,3.2122e+02,3.2118e+02,3.2115e+02,3.2111e+02,3.2107e+02,3.2103e+02,3.2099e+02,3.2095e+02,3.2091e+02,3.2086e+02,3.2082e+02,3.2077e+02,3.2072e+02,3.2067e+02,3.2061e+02,3.2056e+02,3.2050e+02,3.2044e+02,3.2038e+02,3.2033e+02,3.2027e+02,3.2022e+02,3.2017e+02,3.2012e+02,3.2008e+02,3.2003e+02,3.1999e+02,3.1994e+02,3.1990e+02,3.1986e+02,3.1981e+02,3.1977e+02,3.1973e+02,3.1969e+02,3.1965e+02,3.1961e+02,3.1956e+02,3.1952e+02,3.1947e+02,3.1943e+02,3.1938e+02,3.1933e+02,3.1928e+02,3.1924e+02,3.1920e+02,3.1916e+02,3.1913e+02,3.1910e+02,3.1908e+02,3.1905e+02,3.1903e+02,3.1901e+02,3.1900e+02,3.1898e+02,3.1897e+02,3.1896e+02,3.1895e+02,3.1895e+02,3.1895e+02,3.2381e+02,3.2380e+02,3.2380e+02,3.2379e+02,3.2379e+02,3.2378e+02,3.2377e+02,3.2375e+02,3.2373e+02,3.2372e+02,3.2369e+02,3.2367e+02,3.2364e+02,3.2360e+02,3.2357e+02,3.2352e+02,3.2347e+02,3.2341e+02,3.2334e+02,3.2326e+02,3.2317e+02,3.2305e+02,3.2292e+02,3.2276e+02,3.2256e+02,3.2236e+02,3.2219e+02,3.2205e+02,3.2194e+02,3.2184e+02,3.2175e+02,3.2168e+02,3.2161e+02,3.2155e+02,3.2149e+02,3.2144e+02,3.2139e+02,3.2135e+02,3.2131e+02,3.2127e+02,3.2123e+02,3.2119e+02,3.2115e+02,3.2112e+02,3.2108e+02,3.2104e+02,3.2100e+02,3.2096e+02,3.2092e+02,3.2088e+02,3.2083e+02,3.2078e+02,3.2073e+02,3.2068e+02,3.2063e+02,3.2057e+02,3.2051e+02,3.2045e+02,3.2039e+02,3.2033e+02,3.2027e+02,3.2022e+02,3.2017e+02,3.2012e+02,3.2007e+02,3.2002e+02,3.1997e+02,3.1993e+02,3.1989e+02,3.1984e+02,3.1980e+02,3.1976e+02,3.1972e+02,3.1968e+02,3.1964e+02,3.1960e+02,3.1956e+02,3.1952e+02,3.1948e+02,3.1943e+02,3.1939e+02,3.1934e+02,3.1929e+02,3.1925e+02,3.1921e+02,3.1917e+02,3.1914e+02,3.1911e+02,3.1908e+02,3.1906e+02,3.1903e+02,3.1901e+02,3.1900e+02,3.1898e+02,3.1897e+02,3.1896e+02,3.1895e+02,3.1894e+02,3.1894e+02,3.1894e+02,3.2373e+02,3.2373e+02,3.2372e+02,3.2372e+02,3.2371e+02,3.2370e+02,3.2369e+02,3.2368e+02,3.2366e+02,3.2364e+02,3.2362e+02,3.2359e+02,3.2356e+02,3.2353e+02,3.2349e+02,3.2345e+02,3.2340e+02,3.2334e+02,3.2327e+02,3.2320e+02,3.2310e+02,3.2299e+02,3.2286e+02,3.2270e+02,3.2251e+02,3.2231e+02,3.2215e+02,3.2201e+02,3.2190e+02,3.2180e+02,3.2171e+02,3.2164e+02,3.2157e+02,3.2151e+02,3.2146e+02,3.2141e+02,3.2136e+02,3.2132e+02,3.2128e+02,3.2124e+02,3.2120e+02,3.2116e+02,3.2112e+02,3.2109e+02,3.2105e+02,3.2101e+02,3.2097e+02,3.2093e+02,3.2089e+02,3.2084e+02,3.2080e+02,3.2075e+02,3.2070e+02,3.2065e+02,3.2059e+02,3.2053e+02,3.2047e+02,3.2041e+02,3.2035e+02,3.2029e+02,3.2023e+02,3.2017e+02,3.2012e+02,3.2007e+02,3.2002e+02,3.1997e+02,3.1992e+02,3.1988e+02,3.1984e+02,3.1979e+02,3.1975e+02,3.1971e+02,3.1967e+02,3.1964e+02,3.1960e+02,3.1956e+02,3.1952e+02,3.1948e+02,3.1944e+02,3.1940e+02,3.1936e+02,3.1931e+02,3.1926e+02,3.1922e+02,3.1918e+02,3.1915e+02,3.1912e+02,3.1909e+02,3.1906e+02,3.1904e+02,3.1902e+02,3.1900e+02,3.1898e+02,3.1897e+02,3.1896e+02,3.1895e+02,3.1894e+02,3.1893e+02,3.1893e+02,3.1893e+02,3.2364e+02,3.2364e+02,3.2364e+02,3.2363e+02,3.2362e+02,3.2362e+02,3.2360e+02,3.2359e+02,3.2357e+02,3.2356e+02,3.2353e+02,3.2351e+02,3.2348e+02,3.2345e+02,3.2341e+02,3.2337e+02,3.2332e+02,3.2327e+02,3.2320e+02,3.2312e+02,3.2303e+02,3.2293e+02,3.2280e+02,3.2264e+02,3.2245e+02,3.2225e+02,3.2209e+02,3.2196e+02,3.2185e+02,3.2175e+02,3.2167e+02,3.2160e+02,3.2154e+02,3.2148e+02,3.2142e+02,3.2138e+02,3.2133e+02,3.2129e+02,3.2125e+02,3.2121e+02,3.2117e+02,3.2113e+02,3.2109e+02,3.2106e+02,3.2102e+02,3.2098e+02,3.2094e+02,3.2090e+02,3.2086e+02,3.2081e+02,3.2077e+02,3.2072e+02,3.2067e+02,3.2061e+02,3.2056e+02,3.2050e+02,3.2043e+02,3.2037e+02,3.2031e+02,3.2024e+02,3.2018e+02,3.2013e+02,3.2007e+02,3.2002e+02,3.1997e+02,3.1992e+02,3.1988e+02,3.1983e+02,3.1979e+02,3.1975e+02,3.1971e+02,3.1967e+02,3.1963e+02,3.1960e+02,3.1956e+02,3.1952e+02,3.1948e+02,3.1945e+02,3.1941e+02,3.1937e+02,3.1933e+02,3.1929e+02,3.1924e+02,3.1920e+02,3.1916e+02,3.1913e+02,3.1910e+02,3.1907e+02,3.1905e+02,3.1903e+02,3.1901e+02,3.1899e+02,3.1897e+02,3.1896e+02,3.1895e+02,3.1894e+02,3.1893e+02,3.1893e+02,3.1892e+02,3.1892e+02,3.2355e+02,3.2354e+02,3.2354e+02,3.2354e+02,3.2353e+02,3.2352e+02,3.2351e+02,3.2349e+02,3.2348e+02,3.2346e+02,3.2344e+02,3.2342e+02,3.2339e+02,3.2336e+02,3.2332e+02,3.2328e+02,3.2323e+02,3.2318e+02,3.2312e+02,3.2304e+02,3.2295e+02,3.2285e+02,3.2272e+02,3.2257e+02,3.2238e+02,3.2219e+02,3.2204e+02,3.2191e+02,3.2180e+02,3.2170e+02,3.2162e+02,3.2155e+02,3.2149e+02,3.2144e+02,3.2138e+02,3.2134e+02,3.2129e+02,3.2125e+02,3.2121e+02,3.2117e+02,3.2113e+02,3.2110e+02,3.2106e+02,3.2102e+02,3.2098e+02,3.2095e+02,3.2091e+02,3.2087e+02,3.2082e+02,3.2078e+02,3.2073e+02,3.2068e+02,3.2063e+02,3.2058e+02,3.2052e+02,3.2046e+02,3.2040e+02,3.2033e+02,3.2027e+02,3.2020e+02,3.2014e+02,3.2008e+02,3.2003e+02,3.1998e+02,3.1993e+02,3.1988e+02,3.1984e+02,3.1979e+02,3.1975e+02,3.1971e+02,3.1967e+02,3.1963e+02,3.1960e+02,3.1956e+02,3.1952e+02,3.1949e+02,3.1945e+02,3.1942e+02,3.1938e+02,3.1934e+02,3.1930e+02,3.1926e+02,3.1922e+02,3.1918e+02,3.1915e+02,3.1911e+02,3.1909e+02,3.1906e+02,3.1904e+02,3.1902e+02,3.1900e+02,3.1898e+02,3.1897e+02,3.1895e+02,3.1894e+02,3.1893e+02,3.1893e+02,3.1892e+02,3.1892e+02,3.1892e+02,3.2344e+02,3.2344e+02,3.2343e+02,3.2343e+02,3.2342e+02,3.2341e+02,3.2340e+02,3.2339e+02,3.2337e+02,3.2335e+02,3.2333e+02,3.2331e+02,3.2329e+02,3.2326e+02,3.2322e+02,3.2318e+02,3.2314e+02,3.2308e+02,3.2302e+02,3.2295e+02,3.2287e+02,3.2277e+02,3.2264e+02,3.2249e+02,3.2231e+02,3.2212e+02,3.2197e+02,3.2184e+02,3.2174e+02,3.2165e+02,3.2157e+02,3.2150e+02,3.2144e+02,3.2139e+02,3.2134e+02,3.2129e+02,3.2125e+02,3.2121e+02,3.2117e+02,3.2113e+02,3.2109e+02,3.2106e+02,3.2102e+02,3.2098e+02,3.2095e+02,3.2091e+02,3.2087e+02,3.2083e+02,3.2079e+02,3.2074e+02,3.2070e+02,3.2065e+02,3.2060e+02,3.2054e+02,3.2048e+02,3.2042e+02,3.2036e+02,3.2029e+02,3.2023e+02,3.2016e+02,3.2010e+02,3.2004e+02,3.1999e+02,3.1994e+02,3.1989e+02,3.1984e+02,3.1980e+02,3.1975e+02,3.1971e+02,3.1968e+02,3.1964e+02,3.1960e+02,3.1957e+02,3.1953e+02,3.1950e+02,3.1946e+02,3.1943e+02,3.1939e+02,3.1936e+02,3.1932e+02,3.1928e+02,3.1924e+02,3.1920e+02,3.1916e+02,3.1913e+02,3.1910e+02,3.1907e+02,3.1905e+02,3.1903e+02,3.1901e+02,3.1899e+02,3.1898e+02,3.1896e+02,3.1895e+02,3.1894e+02,3.1893e+02,3.1893e+02,3.1892e+02,3.1892e+02,3.1892e+02,3.2331e+02,3.2331e+02,3.2331e+02,3.2330e+02,3.2330e+02,3.2329e+02,3.2328e+02,3.2327e+02,3.2325e+02,3.2324e+02,3.2322e+02,3.2319e+02,3.2317e+02,3.2314e+02,3.2311e+02,3.2307e+02,3.2303e+02,3.2298e+02,3.2292e+02,3.2285e+02,3.2277e+02,3.2267e+02,3.2255e+02,3.2240e+02,3.2222e+02,3.2204e+02,3.2189e+02,3.2177e+02,3.2167e+02,3.2158e+02,3.2151e+02,3.2144e+02,3.2138e+02,3.2133e+02,3.2128e+02,3.2124e+02,3.2120e+02,3.2116e+02,3.2112e+02,3.2108e+02,3.2105e+02,3.2101e+02,3.2097e+02,3.2094e+02,3.2090e+02,3.2086e+02,3.2083e+02,3.2079e+02,3.2074e+02,3.2070e+02,3.2065e+02,3.2061e+02,3.2055e+02,3.2050e+02,3.2044e+02,3.2038e+02,3.2032e+02,3.2025e+02,3.2019e+02,3.2012e+02,3.2006e+02,3.2001e+02,3.1995e+02,3.1990e+02,3.1985e+02,3.1981e+02,3.1976e+02,3.1972e+02,3.1968e+02,3.1964e+02,3.1961e+02,3.1957e+02,3.1954e+02,3.1950e+02,3.1947e+02,3.1944e+02,3.1940e+02,3.1937e+02,3.1934e+02,3.1930e+02,3.1927e+02,3.1923e+02,3.1919e+02,3.1915e+02,3.1912e+02,3.1909e+02,3.1907e+02,3.1904e+02,3.1902e+02,3.1901e+02,3.1899e+02,3.1897e+02,3.1896e+02,3.1895e+02,3.1894e+02,3.1893e+02,3.1893e+02,3.1892e+02,3.1892e+02,3.1892e+02,3.2318e+02,3.2317e+02,3.2317e+02,3.2317e+02,3.2316e+02,3.2315e+02,3.2314e+02,3.2313e+02,3.2312e+02,3.2310e+02,3.2308e+02,3.2306e+02,3.2304e+02,3.2301e+02,3.2298e+02,3.2294e+02,3.2290e+02,3.2285e+02,3.2280e+02,3.2273e+02,3.2265e+02,3.2256e+02,3.2244e+02,3.2230e+02,3.2213e+02,3.2195e+02,3.2181e+02,3.2169e+02,3.2159e+02,3.2151e+02,3.2144e+02,3.2137e+02,3.2132e+02,3.2127e+02,3.2122e+02,3.2118e+02,3.2114e+02,3.2110e+02,3.2106e+02,3.2103e+02,3.2099e+02,3.2096e+02,3.2092e+02,3.2089e+02,3.2085e+02,3.2081e+02,3.2078e+02,3.2074e+02,3.2070e+02,3.2065e+02,3.2061e+02,3.2056e+02,3.2051e+02,3.2046e+02,3.2040e+02,3.2034e+02,3.2028e+02,3.2021e+02,3.2015e+02,3.2009e+02,3.2003e+02,3.1997e+02,3.1992e+02,3.1987e+02,3.1982e+02,3.1977e+02,3.1973e+02,3.1969e+02,3.1965e+02,3.1961e+02,3.1958e+02,3.1955e+02,3.1951e+02,3.1948e+02,3.1945e+02,3.1942e+02,3.1938e+02,3.1935e+02,3.1932e+02,3.1929e+02,3.1925e+02,3.1922e+02,3.1918e+02,3.1914e+02,3.1911e+02,3.1909e+02,3.1906e+02,3.1904e+02,3.1902e+02,3.1900e+02,3.1899e+02,3.1898e+02,3.1896e+02,3.1895e+02,3.1894e+02,3.1894e+02,3.1893e+02,3.1893e+02,3.1892e+02,3.1892e+02,3.2302e+02,3.2302e+02,3.2301e+02,3.2301e+02,3.2300e+02,3.2299e+02,3.2298e+02,3.2297e+02,3.2296e+02,3.2294e+02,3.2293e+02,3.2291e+02,3.2288e+02,3.2286e+02,3.2283e+02,3.2279e+02,3.2275e+02,3.2271e+02,3.2266e+02,3.2259e+02,3.2252e+02,3.2243e+02,3.2232e+02,3.2219e+02,3.2202e+02,3.2185e+02,3.2171e+02,3.2160e+02,3.2150e+02,3.2143e+02,3.2136e+02,3.2130e+02,3.2125e+02,3.2120e+02,3.2115e+02,3.2111e+02,3.2107e+02,3.2104e+02,3.2100e+02,3.2097e+02,3.2093e+02,3.2090e+02,3.2086e+02,3.2083e+02,3.2079e+02,3.2076e+02,3.2072e+02,3.2068e+02,3.2064e+02,3.2060e+02,3.2056e+02,3.2051e+02,3.2046e+02,3.2041e+02,3.2035e+02,3.2029e+02,3.2023e+02,3.2017e+02,3.2011e+02,3.2005e+02,3.1999e+02,3.1993e+02,3.1988e+02,3.1983e+02,3.1979e+02,3.1974e+02,3.1970e+02,3.1966e+02,3.1962e+02,3.1959e+02,3.1955e+02,3.1952e+02,3.1949e+02,3.1946e+02,3.1943e+02,3.1940e+02,3.1937e+02,3.1934e+02,3.1931e+02,3.1928e+02,3.1924e+02,3.1921e+02,3.1917e+02,3.1914e+02,3.1911e+02,3.1908e+02,3.1906e+02,3.1904e+02,3.1902e+02,3.1901e+02,3.1899e+02,3.1898e+02,3.1897e+02,3.1896e+02,3.1895e+02,3.1894e+02,3.1894e+02,3.1893e+02,3.1893e+02,3.1893e+02,3.2283e+02,3.2283e+02,3.2283e+02,3.2283e+02,3.2282e+02,3.2281e+02,3.2280e+02,3.2279e+02,3.2278e+02,3.2277e+02,3.2275e+02,3.2273e+02,3.2271e+02,3.2268e+02,3.2266e+02,3.2262e+02,3.2259e+02,3.2254e+02,3.2249e+02,3.2244e+02,3.2237e+02,3.2228e+02,3.2218e+02,3.2205e+02,3.2189e+02,3.2173e+02,3.2160e+02,3.2149e+02,3.2141e+02,3.2133e+02,3.2127e+02,3.2121e+02,3.2116e+02,3.2112e+02,3.2108e+02,3.2104e+02,3.2100e+02,3.2097e+02,3.2093e+02,3.2090e+02,3.2086e+02,3.2083e+02,3.2080e+02,3.2077e+02,3.2073e+02,3.2070e+02,3.2066e+02,3.2062e+02,3.2058e+02,3.2054e+02,3.2050e+02,3.2045e+02,3.2041e+02,3.2036e+02,3.2030e+02,3.2025e+02,3.2019e+02,3.2013e+02,3.2007e+02,3.2001e+02,3.1995e+02,3.1990e+02,3.1985e+02,3.1980e+02,3.1976e+02,3.1971e+02,3.1967e+02,3.1964e+02,3.1960e+02,3.1957e+02,3.1953e+02,3.1950e+02,3.1947e+02,3.1944e+02,3.1941e+02,3.1938e+02,3.1935e+02,3.1933e+02,3.1930e+02,3.1927e+02,3.1924e+02,3.1920e+02,3.1917e+02,3.1914e+02,3.1911e+02,3.1909e+02,3.1906e+02,3.1905e+02,3.1903e+02,3.1901e+02,3.1900e+02,3.1899e+02,3.1898e+02,3.1897e+02,3.1896e+02,3.1895e+02,3.1895e+02,3.1894e+02,3.1894e+02,3.1894e+02,3.2262e+02,3.2262e+02,3.2262e+02,3.2262e+02,3.2261e+02,3.2260e+02,3.2259e+02,3.2258e+02,3.2257e+02,3.2256e+02,3.2254e+02,3.2252e+02,3.2250e+02,3.2248e+02,3.2245e+02,3.2242e+02,3.2239e+02,3.2235e+02,3.2230e+02,3.2225e+02,3.2219e+02,3.2211e+02,3.2202e+02,3.2190e+02,3.2175e+02,3.2160e+02,3.2148e+02,3.2138e+02,3.2130e+02,3.2123e+02,3.2117e+02,3.2112e+02,3.2107e+02,3.2103e+02,3.2099e+02,3.2096e+02,3.2092e+02,3.2089e+02,3.2085e+02,3.2082e+02,3.2079e+02,3.2076e+02,3.2073e+02,3.2069e+02,3.2066e+02,3.2063e+02,3.2059e+02,3.2056e+02,3.2052e+02,3.2048e+02,3.2044e+02,3.2039e+02,3.2035e+02,3.2030e+02,3.2025e+02,3.2019e+02,3.2014e+02,3.2008e+02,3.2002e+02,3.1997e+02,3.1991e+02,3.1986e+02,3.1981e+02,3.1977e+02,3.1973e+02,3.1969e+02,3.1965e+02,3.1961e+02,3.1958e+02,3.1954e+02,3.1951e+02,3.1948e+02,3.1945e+02,3.1942e+02,3.1940e+02,3.1937e+02,3.1934e+02,3.1931e+02,3.1929e+02,3.1926e+02,3.1923e+02,3.1920e+02,3.1917e+02,3.1914e+02,3.1911e+02,3.1909e+02,3.1907e+02,3.1905e+02,3.1904e+02,3.1902e+02,3.1901e+02,3.1900e+02,3.1899e+02,3.1898e+02,3.1897e+02,3.1897e+02,3.1896e+02,3.1896e+02,3.1896e+02,3.1895e+02,3.2238e+02,3.2237e+02,3.2237e+02,3.2237e+02,3.2236e+02,3.2236e+02,3.2235e+02,3.2234e+02,3.2233e+02,3.2231e+02,3.2230e+02,3.2228e+02,3.2226e+02,3.2224e+02,3.2222e+02,3.2219e+02,3.2216e+02,3.2212e+02,3.2208e+02,3.2203e+02,3.2197e+02,3.2190e+02,3.2182e+02,3.2172e+02,3.2158e+02,3.2145e+02,3.2134e+02,3.2126e+02,3.2118e+02,3.2112e+02,3.2107e+02,3.2102e+02,3.2098e+02,3.2094e+02,3.2090e+02,3.2087e+02,3.2083e+02,3.2080e+02,3.2077e+02,3.2074e+02,3.2071e+02,3.2068e+02,3.2065e+02,3.2061e+02,3.2058e+02,3.2055e+02,3.2052e+02,3.2048e+02,3.2045e+02,3.2041e+02,3.2037e+02,3.2033e+02,3.2028e+02,3.2024e+02,3.2019e+02,3.2014e+02,3.2009e+02,3.2003e+02,3.1998e+02,3.1992e+02,3.1987e+02,3.1983e+02,3.1978e+02,3.1974e+02,3.1970e+02,3.1966e+02,3.1962e+02,3.1959e+02,3.1956e+02,3.1952e+02,3.1949e+02,3.1946e+02,3.1944e+02,3.1941e+02,3.1938e+02,3.1936e+02,3.1933e+02,3.1931e+02,3.1928e+02,3.1925e+02,3.1923e+02,3.1920e+02,3.1917e+02,3.1914e+02,3.1912e+02,3.1910e+02,3.1908e+02,3.1906e+02,3.1905e+02,3.1904e+02,3.1902e+02,3.1901e+02,3.1900e+02,3.1900e+02,3.1899e+02,3.1898e+02,3.1898e+02,3.1898e+02,3.1897e+02,3.1897e+02,3.2208e+02,3.2208e+02,3.2208e+02,3.2207e+02,3.2207e+02,3.2206e+02,3.2205e+02,3.2204e+02,3.2203e+02,3.2202e+02,3.2201e+02,3.2199e+02,3.2197e+02,3.2195e+02,3.2193e+02,3.2191e+02,3.2188e+02,3.2184e+02,3.2181e+02,3.2176e+02,3.2171e+02,3.2165e+02,3.2158e+02,3.2150e+02,3.2139e+02,3.2128e+02,3.2120e+02,3.2112e+02,3.2106e+02,3.2101e+02,3.2096e+02,3.2091e+02,3.2087e+02,3.2084e+02,3.2080e+02,3.2077e+02,3.2074e+02,3.2071e+02,3.2068e+02,3.2065e+02,3.2062e+02,3.2059e+02,3.2056e+02,3.2053e+02,3.2050e+02,3.2047e+02,3.2044e+02,3.2040e+02,3.2037e+02,3.2033e+02,3.2030e+02,3.2026e+02,3.2021e+02,3.2017e+02,3.2013e+02,3.2008e+02,3.2003e+02,3.1998e+02,3.1993e+02,3.1988e+02,3.1984e+02,3.1979e+02,3.1975e+02,3.1971e+02,3.1967e+02,3.1963e+02,3.1960e+02,3.1957e+02,3.1953e+02,3.1950e+02,3.1948e+02,3.1945e+02,3.1942e+02,3.1940e+02,3.1937e+02,3.1935e+02,3.1932e+02,3.1930e+02,3.1927e+02,3.1925e+02,3.1923e+02,3.1920e+02,3.1918e+02,3.1915e+02,3.1913e+02,3.1911e+02,3.1910e+02,3.1908e+02,3.1907e+02,3.1905e+02,3.1904e+02,3.1903e+02,3.1902e+02,3.1902e+02,3.1901e+02,3.1901e+02,3.1900e+02,3.1900e+02,3.1900e+02,3.1899e+02,3.2177e+02,3.2177e+02,3.2177e+02,3.2176e+02,3.2176e+02,3.2175e+02,3.2174e+02,3.2174e+02,3.2173e+02,3.2171e+02,3.2170e+02,3.2169e+02,3.2167e+02,3.2165e+02,3.2163e+02,3.2161e+02,3.2158e+02,3.2155e+02,3.2152e+02,3.2148e+02,3.2144e+02,3.2139e+02,3.2133e+02,3.2126e+02,3.2119e+02,3.2112e+02,3.2105e+02,3.2099e+02,3.2093e+02,3.2089e+02,3.2084e+02,3.2080e+02,3.2077e+02,3.2073e+02,3.2070e+02,3.2067e+02,3.2064e+02,3.2061e+02,3.2058e+02,3.2056e+02,3.2053e+02,3.2050e+02,3.2047e+02,3.2044e+02,3.2041e+02,3.2038e+02,3.2035e+02,3.2032e+02,3.2029e+02,3.2026e+02,3.2022e+02,3.2018e+02,3.2014e+02,3.2010e+02,3.2006e+02,3.2002e+02,3.1997e+02,3.1993e+02,3.1988e+02,3.1984e+02,3.1980e+02,3.1976e+02,3.1972e+02,3.1968e+02,3.1964e+02,3.1961e+02,3.1957e+02,3.1954e+02,3.1951e+02,3.1949e+02,3.1946e+02,3.1943e+02,3.1941e+02,3.1938e+02,3.1936e+02,3.1934e+02,3.1931e+02,3.1929e+02,3.1927e+02,3.1925e+02,3.1923e+02,3.1920e+02,3.1918e+02,3.1916e+02,3.1914e+02,3.1913e+02,3.1911e+02,3.1910e+02,3.1908e+02,3.1907e+02,3.1906e+02,3.1905e+02,3.1905e+02,3.1904e+02,3.1903e+02,3.1903e+02,3.1902e+02,3.1902e+02,3.1902e+02,3.1902e+02,3.2151e+02,3.2151e+02,3.2151e+02,3.2150e+02,3.2150e+02,3.2149e+02,3.2149e+02,3.2148e+02,3.2147e+02,3.2146e+02,3.2145e+02,3.2143e+02,3.2142e+02,3.2140e+02,3.2138e+02,3.2136e+02,3.2134e+02,3.2131e+02,3.2128e+02,3.2125e+02,3.2121e+02,3.2117e+02,3.2112e+02,3.2107e+02,3.2102e+02,3.2096e+02,3.2091e+02,3.2086e+02,3.2081e+02,3.2077e+02,3.2073e+02,3.2070e+02,3.2067e+02,3.2063e+02,3.2060e+02,3.2058e+02,3.2055e+02,3.2052e+02,3.2049e+02,3.2047e+02,3.2044e+02,3.2041e+02,3.2039e+02,3.2036e+02,3.2033e+02,3.2030e+02,3.2028e+02,3.2025e+02,3.2021e+02,3.2018e+02,3.2015e+02,3.2011e+02,3.2008e+02,3.2004e+02,3.2000e+02,3.1996e+02,3.1992e+02,3.1988e+02,3.1984e+02,3.1980e+02,3.1976e+02,3.1972e+02,3.1969e+02,3.1965e+02,3.1962e+02,3.1958e+02,3.1955e+02,3.1952e+02,3.1950e+02,3.1947e+02,3.1944e+02,3.1942e+02,3.1939e+02,3.1937e+02,3.1935e+02,3.1933e+02,3.1931e+02,3.1929e+02,3.1927e+02,3.1925e+02,3.1923e+02,3.1921e+02,3.1919e+02,3.1917e+02,3.1916e+02,3.1914e+02,3.1913e+02,3.1911e+02,3.1910e+02,3.1909e+02,3.1908e+02,3.1907e+02,3.1907e+02,3.1906e+02,3.1905e+02,3.1905e+02,3.1905e+02,3.1904e+02,3.1904e+02,3.1904e+02,3.2129e+02,3.2129e+02,3.2129e+02,3.2129e+02,3.2128e+02,3.2128e+02,3.2127e+02,3.2126e+02,3.2125e+02,3.2124e+02,3.2123e+02,3.2122e+02,3.2121e+02,3.2119e+02,3.2117e+02,3.2115e+02,3.2113e+02,3.2111e+02,3.2108e+02,3.2105e+02,3.2102e+02,3.2099e+02,3.2095e+02,3.2091e+02,3.2086e+02,3.2082e+02,3.2078e+02,3.2074e+02,3.2070e+02,3.2066e+02,3.2063e+02,3.2060e+02,3.2057e+02,3.2054e+02,3.2051e+02,3.2049e+02,3.2046e+02,3.2043e+02,3.2041e+02,3.2038e+02,3.2036e+02,3.2033e+02,3.2031e+02,3.2028e+02,3.2026e+02,3.2023e+02,3.2020e+02,3.2017e+02,3.2014e+02,3.2011e+02,3.2008e+02,3.2005e+02,3.2002e+02,3.1998e+02,3.1995e+02,3.1991e+02,3.1987e+02,3.1984e+02,3.1980e+02,3.1976e+02,3.1973e+02,3.1969e+02,3.1966e+02,3.1962e+02,3.1959e+02,3.1956e+02,3.1953e+02,3.1951e+02,3.1948e+02,3.1946e+02,3.1943e+02,3.1941e+02,3.1939e+02,3.1936e+02,3.1934e+02,3.1932e+02,3.1930e+02,3.1928e+02,3.1927e+02,3.1925e+02,3.1923e+02,3.1921e+02,3.1920e+02,3.1918e+02,3.1916e+02,3.1915e+02,3.1914e+02,3.1913e+02,3.1912e+02,3.1911e+02,3.1910e+02,3.1909e+02,3.1908e+02,3.1908e+02,3.1907e+02,3.1907e+02,3.1906e+02,3.1906e+02,3.1906e+02,3.1906e+02,3.2110e+02,3.2110e+02,3.2110e+02,3.2110e+02,3.2109e+02,3.2109e+02,3.2108e+02,3.2108e+02,3.2107e+02,3.2106e+02,3.2105e+02,3.2104e+02,3.2102e+02,3.2101e+02,3.2099e+02,3.2098e+02,3.2096e+02,3.2094e+02,3.2091e+02,3.2089e+02,3.2086e+02,3.2083e+02,3.2080e+02,3.2076e+02,3.2073e+02,3.2069e+02,3.2066e+02,3.2063e+02,3.2059e+02,3.2056e+02,3.2053e+02,3.2050e+02,3.2048e+02,3.2045e+02,3.2043e+02,3.2040e+02,3.2038e+02,3.2035e+02,3.2033e+02,3.2031e+02,3.2028e+02,3.2026e+02,3.2023e+02,3.2021e+02,3.2018e+02,3.2016e+02,3.2013e+02,3.2011e+02,3.2008e+02,3.2005e+02,3.2002e+02,3.1999e+02,3.1996e+02,3.1993e+02,3.1990e+02,3.1986e+02,3.1983e+02,3.1979e+02,3.1976e+02,3.1973e+02,3.1969e+02,3.1966e+02,3.1963e+02,3.1960e+02,3.1957e+02,3.1954e+02,3.1952e+02,3.1949e+02,3.1947e+02,3.1944e+02,3.1942e+02,3.1940e+02,3.1938e+02,3.1936e+02,3.1934e+02,3.1932e+02,3.1930e+02,3.1928e+02,3.1926e+02,3.1925e+02,3.1923e+02,3.1922e+02,3.1920e+02,3.1919e+02,3.1917e+02,3.1916e+02,3.1915e+02,3.1914e+02,3.1913e+02,3.1912e+02,3.1911e+02,3.1910e+02,3.1910e+02,3.1909e+02,3.1909e+02,3.1908e+02,3.1908e+02,3.1908e+02,3.1908e+02,3.1908e+02,3.2094e+02,3.2094e+02,3.2094e+02,3.2094e+02,3.2093e+02,3.2093e+02,3.2092e+02,3.2092e+02,3.2091e+02,3.2090e+02,3.2089e+02,3.2088e+02,3.2087e+02,3.2085e+02,3.2084e+02,3.2082e+02,3.2081e+02,3.2079e+02,3.2077e+02,3.2074e+02,3.2072e+02,3.2070e+02,3.2067e+02,3.2064e+02,3.2061e+02,3.2058e+02,3.2055e+02,3.2052e+02,3.2050e+02,3.2047e+02,3.2044e+02,3.2042e+02,3.2039e+02,3.2037e+02,3.2034e+02,3.2032e+02,3.2030e+02,3.2028e+02,3.2025e+02,3.2023e+02,3.2021e+02,3.2019e+02,3.2016e+02,3.2014e+02,3.2012e+02,3.2009e+02,3.2007e+02,3.2004e+02,3.2002e+02,3.1999e+02,3.1996e+02,3.1994e+02,3.1991e+02,3.1988e+02,3.1985e+02,3.1982e+02,3.1979e+02,3.1976e+02,3.1972e+02,3.1969e+02,3.1966e+02,3.1963e+02,3.1961e+02,3.1958e+02,3.1955e+02,3.1953e+02,3.1950e+02,3.1948e+02,3.1945e+02,3.1943e+02,3.1941e+02,3.1939e+02,3.1937e+02,3.1935e+02,3.1933e+02,3.1931e+02,3.1930e+02,3.1928e+02,3.1926e+02,3.1925e+02,3.1923e+02,3.1922e+02,3.1921e+02,3.1919e+02,3.1918e+02,3.1917e+02,3.1916e+02,3.1915e+02,3.1914e+02,3.1913e+02,3.1912e+02,3.1912e+02,3.1911e+02,3.1911e+02,3.1910e+02,3.1910e+02,3.1909e+02,3.1909e+02,3.1909e+02,3.1909e+02,3.2080e+02,3.2080e+02,3.2080e+02,3.2080e+02,3.2079e+02,3.2079e+02,3.2078e+02,3.2078e+02,3.2077e+02,3.2076e+02,3.2075e+02,3.2074e+02,3.2073e+02,3.2072e+02,3.2071e+02,3.2069e+02,3.2068e+02,3.2066e+02,3.2064e+02,3.2062e+02,3.2060e+02,3.2058e+02,3.2056e+02,3.2053e+02,3.2051e+02,3.2048e+02,3.2046e+02,3.2043e+02,3.2041e+02,3.2038e+02,3.2036e+02,3.2034e+02,3.2031e+02,3.2029e+02,3.2027e+02,3.2025e+02,3.2023e+02,3.2021e+02,3.2019e+02,3.2016e+02,3.2014e+02,3.2012e+02,3.2010e+02,3.2008e+02,3.2006e+02,3.2003e+02,3.2001e+02,3.1999e+02,3.1996e+02,3.1994e+02,3.1991e+02,3.1989e+02,3.1986e+02,3.1983e+02,3.1981e+02,3.1978e+02,3.1975e+02,3.1972e+02,3.1969e+02,3.1966e+02,3.1964e+02,3.1961e+02,3.1958e+02,3.1956e+02,3.1953e+02,3.1951e+02,3.1949e+02,3.1946e+02,3.1944e+02,3.1942e+02,3.1940e+02,3.1938e+02,3.1936e+02,3.1934e+02,3.1933e+02,3.1931e+02,3.1929e+02,3.1928e+02,3.1926e+02,3.1925e+02,3.1924e+02,3.1922e+02,3.1921e+02,3.1920e+02,3.1919e+02,3.1918e+02,3.1917e+02,3.1916e+02,3.1915e+02,3.1914e+02,3.1913e+02,3.1913e+02,3.1912e+02,3.1912e+02,3.1911e+02,3.1911e+02,3.1911e+02,3.1911e+02,3.1910e+02,3.1910e+02,3.2068e+02,3.2068e+02,3.2067e+02,3.2067e+02,3.2067e+02,3.2066e+02,3.2066e+02,3.2065e+02,3.2065e+02,3.2064e+02,3.2063e+02,3.2062e+02,3.2061e+02,3.2060e+02,3.2059e+02,3.2058e+02,3.2056e+02,3.2055e+02,3.2053e+02,3.2051e+02,3.2049e+02,3.2048e+02,3.2046e+02,3.2043e+02,3.2041e+02,3.2039e+02,3.2037e+02,3.2035e+02,3.2033e+02,3.2030e+02,3.2028e+02,3.2026e+02,3.2024e+02,3.2022e+02,3.2020e+02,3.2018e+02,3.2016e+02,3.2014e+02,3.2012e+02,3.2010e+02,3.2008e+02,3.2006e+02,3.2004e+02,3.2002e+02,3.2000e+02,3.1998e+02,3.1996e+02,3.1994e+02,3.1991e+02,3.1989e+02,3.1987e+02,3.1984e+02,3.1982e+02,3.1979e+02,3.1977e+02,3.1974e+02,3.1971e+02,3.1969e+02,3.1966e+02,3.1964e+02,3.1961e+02,3.1959e+02,3.1956e+02,3.1954e+02,3.1952e+02,3.1949e+02,3.1947e+02,3.1945e+02,3.1943e+02,3.1941e+02,3.1939e+02,3.1937e+02,3.1936e+02,3.1934e+02,3.1932e+02,3.1931e+02,3.1929e+02,3.1928e+02,3.1926e+02,3.1925e+02,3.1924e+02,3.1923e+02,3.1921e+02,3.1920e+02,3.1919e+02,3.1918e+02,3.1917e+02,3.1917e+02,3.1916e+02,3.1915e+02,3.1914e+02,3.1914e+02,3.1913e+02,3.1913e+02,3.1912e+02,3.1912e+02,3.1912e+02,3.1912e+02,3.1912e+02,3.1912e+02,3.2057e+02,3.2057e+02,3.2057e+02,3.2056e+02,3.2056e+02,3.2056e+02,3.2055e+02,3.2055e+02,3.2054e+02,3.2053e+02,3.2053e+02,3.2052e+02,3.2051e+02,3.2050e+02,3.2049e+02,3.2047e+02,3.2046e+02,3.2045e+02,3.2043e+02,3.2042e+02,3.2040e+02,3.2038e+02,3.2037e+02,3.2035e+02,3.2033e+02,3.2031e+02,3.2029e+02,3.2027e+02,3.2025e+02,3.2023e+02,3.2021e+02,3.2019e+02,3.2018e+02,3.2016e+02,3.2014e+02,3.2012e+02,3.2010e+02,3.2008e+02,3.2006e+02,3.2005e+02,3.2003e+02,3.2001e+02,3.1999e+02,3.1997e+02,3.1995e+02,3.1993e+02,3.1991e+02,3.1989e+02,3.1987e+02,3.1984e+02,3.1982e+02,3.1980e+02,3.1978e+02,3.1975e+02,3.1973e+02,3.1971e+02,3.1968e+02,3.1966e+02,3.1964e+02,3.1961e+02,3.1959e+02,3.1957e+02,3.1954e+02,3.1952e+02,3.1950e+02,3.1948e+02,3.1946e+02,3.1944e+02,3.1942e+02,3.1940e+02,3.1938e+02,3.1937e+02,3.1935e+02,3.1934e+02,3.1932e+02,3.1931e+02,3.1929e+02,3.1928e+02,3.1927e+02,3.1925e+02,3.1924e+02,3.1923e+02,3.1922e+02,3.1921e+02,3.1920e+02,3.1919e+02,3.1918e+02,3.1917e+02,3.1917e+02,3.1916e+02,3.1915e+02,3.1915e+02,3.1914e+02,3.1914e+02,3.1913e+02,3.1913e+02,3.1913e+02,3.1913e+02,3.1913e+02,3.1913e+02,3.2047e+02,3.2047e+02,3.2047e+02,3.2047e+02,3.2046e+02,3.2046e+02,3.2046e+02,3.2045e+02,3.2045e+02,3.2044e+02,3.2043e+02,3.2042e+02,3.2042e+02,3.2041e+02,3.2040e+02,3.2039e+02,3.2037e+02,3.2036e+02,3.2035e+02,3.2033e+02,3.2032e+02,3.2030e+02,3.2029e+02,3.2027e+02,3.2026e+02,3.2024e+02,3.2022e+02,3.2020e+02,3.2019e+02,3.2017e+02,3.2015e+02,3.2013e+02,3.2012e+02,3.2010e+02,3.2008e+02,3.2006e+02,3.2005e+02,3.2003e+02,3.2001e+02,3.1999e+02,3.1998e+02,3.1996e+02,3.1994e+02,3.1992e+02,3.1990e+02,3.1988e+02,3.1986e+02,3.1984e+02,3.1982e+02,3.1980e+02,3.1978e+02,3.1976e+02,3.1974e+02,3.1972e+02,3.1970e+02,3.1968e+02,3.1965e+02,3.1963e+02,3.1961e+02,3.1959e+02,3.1957e+02,3.1955e+02,3.1952e+02,3.1950e+02,3.1948e+02,3.1947e+02,3.1945e+02,3.1943e+02,3.1941e+02,3.1939e+02,3.1938e+02,3.1936e+02,3.1935e+02,3.1933e+02,3.1932e+02,3.1930e+02,3.1929e+02,3.1928e+02,3.1927e+02,3.1925e+02,3.1924e+02,3.1923e+02,3.1922e+02,3.1921e+02,3.1920e+02,3.1919e+02,3.1919e+02,3.1918e+02,3.1917e+02,3.1917e+02,3.1916e+02,3.1916e+02,3.1915e+02,3.1915e+02,3.1914e+02,3.1914e+02,3.1914e+02,3.1914e+02,3.1914e+02,3.1914e+02,3.2039e+02,3.2039e+02,3.2038e+02,3.2038e+02,3.2038e+02,3.2038e+02,3.2037e+02,3.2037e+02,3.2036e+02,3.2036e+02,3.2035e+02,3.2034e+02,3.2034e+02,3.2033e+02,3.2032e+02,3.2031e+02,3.2030e+02,3.2029e+02,3.2027e+02,3.2026e+02,3.2025e+02,3.2023e+02,3.2022e+02,3.2020e+02,3.2019e+02,3.2017e+02,3.2016e+02,3.2014e+02,3.2013e+02,3.2011e+02,3.2009e+02,3.2008e+02,3.2006e+02,3.2004e+02,3.2003e+02,3.2001e+02,3.2000e+02,3.1998e+02,3.1996e+02,3.1995e+02,3.1993e+02,3.1991e+02,3.1990e+02,3.1988e+02,3.1986e+02,3.1984e+02,3.1982e+02,3.1981e+02,3.1979e+02,3.1977e+02,3.1975e+02,3.1973e+02,3.1971e+02,3.1969e+02,3.1967e+02,3.1965e+02,3.1963e+02,3.1961e+02,3.1959e+02,3.1957e+02,3.1955e+02,3.1953e+02,3.1951e+02,3.1949e+02,3.1947e+02,3.1945e+02,3.1944e+02,3.1942e+02,3.1940e+02,3.1939e+02,3.1937e+02,3.1936e+02,3.1934e+02,3.1933e+02,3.1931e+02,3.1930e+02,3.1929e+02,3.1928e+02,3.1927e+02,3.1925e+02,3.1924e+02,3.1923e+02,3.1922e+02,3.1922e+02,3.1921e+02,3.1920e+02,3.1919e+02,3.1918e+02,3.1918e+02,3.1917e+02,3.1917e+02,3.1916e+02,3.1916e+02,3.1915e+02,3.1915e+02,3.1915e+02,3.1915e+02,3.1914e+02,3.1914e+02,3.1914e+02,3.2031e+02,3.2031e+02,3.2031e+02,3.2031e+02,3.2031e+02,3.2030e+02,3.2030e+02,3.2030e+02,3.2029e+02,3.2028e+02,3.2028e+02,3.2027e+02,3.2026e+02,3.2026e+02,3.2025e+02,3.2024e+02,3.2023e+02,3.2022e+02,3.2021e+02,3.2020e+02,3.2018e+02,3.2017e+02,3.2016e+02,3.2014e+02,3.2013e+02,3.2012e+02,3.2010e+02,3.2009e+02,3.2007e+02,3.2006e+02,3.2004e+02,3.2003e+02,3.2001e+02,3.2000e+02,3.1998e+02,3.1997e+02,3.1995e+02,3.1994e+02,3.1992e+02,3.1990e+02,3.1989e+02,3.1987e+02,3.1986e+02,3.1984e+02,3.1982e+02,3.1981e+02,3.1979e+02,3.1977e+02,3.1975e+02,3.1974e+02,3.1972e+02,3.1970e+02,3.1968e+02,3.1966e+02,3.1964e+02,3.1962e+02,3.1961e+02,3.1959e+02,3.1957e+02,3.1955e+02,3.1953e+02,3.1951e+02,3.1949e+02,3.1948e+02,3.1946e+02,3.1944e+02,3.1943e+02,3.1941e+02,3.1939e+02,3.1938e+02,3.1936e+02,3.1935e+02,3.1934e+02,3.1932e+02,3.1931e+02,3.1930e+02,3.1929e+02,3.1928e+02,3.1927e+02,3.1926e+02,3.1925e+02,3.1924e+02,3.1923e+02,3.1922e+02,3.1921e+02,3.1920e+02,3.1920e+02,3.1919e+02,3.1918e+02,3.1918e+02,3.1917e+02,3.1917e+02,3.1916e+02,3.1916e+02,3.1916e+02,3.1916e+02,3.1915e+02,3.1915e+02,3.1915e+02,3.1915e+02,3.2025e+02,3.2025e+02,3.2025e+02,3.2024e+02,3.2024e+02,3.2024e+02,3.2023e+02,3.2023e+02,3.2023e+02,3.2022e+02,3.2022e+02,3.2021e+02,3.2020e+02,3.2019e+02,3.2019e+02,3.2018e+02,3.2017e+02,3.2016e+02,3.2015e+02,3.2014e+02,3.2013e+02,3.2012e+02,3.2010e+02,3.2009e+02,3.2008e+02,3.2006e+02,3.2005e+02,3.2004e+02,3.2002e+02,3.2001e+02,3.2000e+02,3.1998e+02,3.1997e+02,3.1995e+02,3.1994e+02,3.1993e+02,3.1991e+02,3.1990e+02,3.1988e+02,3.1987e+02,3.1985e+02,3.1984e+02,3.1982e+02,3.1981e+02,3.1979e+02,3.1977e+02,3.1976e+02,3.1974e+02,3.1972e+02,3.1971e+02,3.1969e+02,3.1967e+02,3.1966e+02,3.1964e+02,3.1962e+02,3.1960e+02,3.1958e+02,3.1957e+02,3.1955e+02,3.1953e+02,3.1951e+02,3.1950e+02,3.1948e+02,3.1946e+02,3.1945e+02,3.1943e+02,3.1942e+02,3.1940e+02,3.1939e+02,3.1937e+02,3.1936e+02,3.1935e+02,3.1933e+02,3.1932e+02,3.1931e+02,3.1930e+02,3.1929e+02,3.1928e+02,3.1927e+02,3.1926e+02,3.1925e+02,3.1924e+02,3.1923e+02,3.1922e+02,3.1921e+02,3.1921e+02,3.1920e+02,3.1919e+02,3.1919e+02,3.1918e+02,3.1918e+02,3.1917e+02,3.1917e+02,3.1917e+02,3.1916e+02,3.1916e+02,3.1916e+02,3.1916e+02,3.1916e+02,3.1916e+02,3.2019e+02,3.2019e+02,3.2019e+02,3.2019e+02,3.2018e+02,3.2018e+02,3.2018e+02,3.2017e+02,3.2017e+02,3.2017e+02,3.2016e+02,3.2015e+02,3.2015e+02,3.2014e+02,3.2013e+02,3.2012e+02,3.2012e+02,3.2011e+02,3.2010e+02,3.2009e+02,3.2008e+02,3.2007e+02,3.2006e+02,3.2004e+02,3.2003e+02,3.2002e+02,3.2001e+02,3.2000e+02,3.1998e+02,3.1997e+02,3.1996e+02,3.1994e+02,3.1993e+02,3.1992e+02,3.1990e+02,3.1989e+02,3.1988e+02,3.1986e+02,3.1985e+02,3.1983e+02,3.1982e+02,3.1980e+02,3.1979e+02,3.1977e+02,3.1976e+02,3.1974e+02,3.1973e+02,3.1971e+02,3.1970e+02,3.1968e+02,3.1967e+02,3.1965e+02,3.1963e+02,3.1962e+02,3.1960e+02,3.1958e+02,3.1957e+02,3.1955e+02,3.1953e+02,3.1952e+02,3.1950e+02,3.1948e+02,3.1947e+02,3.1945e+02,3.1944e+02,3.1942e+02,3.1941e+02,3.1939e+02,3.1938e+02,3.1937e+02,3.1935e+02,3.1934e+02,3.1933e+02,3.1932e+02,3.1931e+02,3.1930e+02,3.1929e+02,3.1928e+02,3.1927e+02,3.1926e+02,3.1925e+02,3.1924e+02,3.1923e+02,3.1922e+02,3.1922e+02,3.1921e+02,3.1920e+02,3.1920e+02,3.1919e+02,3.1919e+02,3.1918e+02,3.1918e+02,3.1918e+02,3.1917e+02,3.1917e+02,3.1917e+02,3.1917e+02,3.1916e+02,3.1916e+02,3.1916e+02,3.2014e+02,3.2014e+02,3.2014e+02,3.2014e+02,3.2014e+02,3.2013e+02,3.2013e+02,3.2013e+02,3.2012e+02,3.2012e+02,3.2011e+02,3.2011e+02,3.2010e+02,3.2009e+02,3.2009e+02,3.2008e+02,3.2007e+02,3.2006e+02,3.2005e+02,3.2004e+02,3.2003e+02,3.2002e+02,3.2001e+02,3.2000e+02,3.1999e+02,3.1998e+02,3.1997e+02,3.1996e+02,3.1995e+02,3.1993e+02,3.1992e+02,3.1991e+02,3.1990e+02,3.1988e+02,3.1987e+02,3.1986e+02,3.1984e+02,3.1983e+02,3.1982e+02,3.1980e+02,3.1979e+02,3.1978e+02,3.1976e+02,3.1975e+02,3.1973e+02,3.1972e+02,3.1970e+02,3.1969e+02,3.1967e+02,3.1966e+02,3.1964e+02,3.1963e+02,3.1961e+02,3.1960e+02,3.1958e+02,3.1957e+02,3.1955e+02,3.1954e+02,3.1952e+02,3.1950e+02,3.1949e+02,3.1947e+02,3.1946e+02,3.1944e+02,3.1943e+02,3.1942e+02,3.1940e+02,3.1939e+02,3.1938e+02,3.1936e+02,3.1935e+02,3.1934e+02,3.1933e+02,3.1932e+02,3.1930e+02,3.1929e+02,3.1928e+02,3.1927e+02,3.1927e+02,3.1926e+02,3.1925e+02,3.1924e+02,3.1923e+02,3.1923e+02,3.1922e+02,3.1921e+02,3.1921e+02,3.1920e+02,3.1920e+02,3.1919e+02,3.1919e+02,3.1918e+02,3.1918e+02,3.1918e+02,3.1917e+02,3.1917e+02,3.1917e+02,3.1917e+02,3.1917e+02,3.1917e+02,3.2010e+02,3.2010e+02,3.2010e+02,3.2010e+02,3.2009e+02,3.2009e+02,3.2009e+02,3.2008e+02,3.2008e+02,3.2008e+02,3.2007e+02,3.2007e+02,3.2006e+02,3.2005e+02,3.2005e+02,3.2004e+02,3.2003e+02,3.2002e+02,3.2002e+02,3.2001e+02,3.2000e+02,3.1999e+02,3.1998e+02,3.1997e+02,3.1996e+02,3.1995e+02,3.1994e+02,3.1993e+02,3.1991e+02,3.1990e+02,3.1989e+02,3.1988e+02,3.1987e+02,3.1985e+02,3.1984e+02,3.1983e+02,3.1982e+02,3.1980e+02,3.1979e+02,3.1978e+02,3.1977e+02,3.1975e+02,3.1974e+02,3.1973e+02,3.1971e+02,3.1970e+02,3.1968e+02,3.1967e+02,3.1966e+02,3.1964e+02,3.1963e+02,3.1961e+02,3.1960e+02,3.1958e+02,3.1957e+02,3.1955e+02,3.1954e+02,3.1952e+02,3.1951e+02,3.1949e+02,3.1948e+02,3.1946e+02,3.1945e+02,3.1944e+02,3.1942e+02,3.1941e+02,3.1940e+02,3.1938e+02,3.1937e+02,3.1936e+02,3.1935e+02,3.1933e+02,3.1932e+02,3.1931e+02,3.1930e+02,3.1929e+02,3.1928e+02,3.1927e+02,3.1927e+02,3.1926e+02,3.1925e+02,3.1924e+02,3.1923e+02,3.1923e+02,3.1922e+02,3.1921e+02,3.1921e+02,3.1920e+02,3.1920e+02,3.1919e+02,3.1919e+02,3.1919e+02,3.1918e+02,3.1918e+02,3.1918e+02,3.1918e+02,3.1917e+02,3.1917e+02,3.1917e+02,3.1917e+02,3.2006e+02,3.2006e+02,3.2006e+02,3.2006e+02,3.2006e+02,3.2006e+02,3.2005e+02,3.2005e+02,3.2005e+02,3.2004e+02,3.2004e+02,3.2003e+02,3.2003e+02,3.2002e+02,3.2001e+02,3.2001e+02,3.2000e+02,3.1999e+02,3.1998e+02,3.1998e+02,3.1997e+02,3.1996e+02,3.1995e+02,3.1994e+02,3.1993e+02,3.1992e+02,3.1991e+02,3.1990e+02,3.1989e+02,3.1988e+02,3.1987e+02,3.1985e+02,3.1984e+02,3.1983e+02,3.1982e+02,3.1981e+02,3.1979e+02,3.1978e+02,3.1977e+02,3.1976e+02,3.1974e+02,3.1973e+02,3.1972e+02,3.1971e+02,3.1969e+02,3.1968e+02,3.1967e+02,3.1965e+02,3.1964e+02,3.1962e+02,3.1961e+02,3.1960e+02,3.1958e+02,3.1957e+02,3.1955e+02,3.1954e+02,3.1953e+02,3.1951e+02,3.1950e+02,3.1948e+02,3.1947e+02,3.1946e+02,3.1944e+02,3.1943e+02,3.1942e+02,3.1940e+02,3.1939e+02,3.1938e+02,3.1937e+02,3.1935e+02,3.1934e+02,3.1933e+02,3.1932e+02,3.1931e+02,3.1930e+02,3.1929e+02,3.1928e+02,3.1927e+02,3.1927e+02,3.1926e+02,3.1925e+02,3.1924e+02,3.1923e+02,3.1923e+02,3.1922e+02,3.1922e+02,3.1921e+02,3.1921e+02,3.1920e+02,3.1920e+02,3.1919e+02,3.1919e+02,3.1919e+02,3.1918e+02,3.1918e+02,3.1918e+02,3.1918e+02,3.1918e+02,3.1917e+02,3.1917e+02,3.2003e+02,3.2003e+02,3.2003e+02,3.2003e+02,3.2003e+02,3.2003e+02,3.2002e+02,3.2002e+02,3.2002e+02,3.2001e+02,3.2001e+02,3.2000e+02,3.2000e+02,3.1999e+02,3.1999e+02,3.1998e+02,3.1997e+02,3.1997e+02,3.1996e+02,3.1995e+02,3.1994e+02,3.1993e+02,3.1992e+02,3.1992e+02,3.1991e+02,3.1990e+02,3.1989e+02,3.1988e+02,3.1987e+02,3.1985e+02,3.1984e+02,3.1983e+02,3.1982e+02,3.1981e+02,3.1980e+02,3.1979e+02,3.1978e+02,3.1976e+02,3.1975e+02,3.1974e+02,3.1973e+02,3.1972e+02,3.1970e+02,3.1969e+02,3.1968e+02,3.1966e+02,3.1965e+02,3.1964e+02,3.1962e+02,3.1961e+02,3.1960e+02,3.1958e+02,3.1957e+02,3.1956e+02,3.1954e+02,3.1953e+02,3.1952e+02,3.1950e+02,3.1949e+02,3.1948e+02,3.1946e+02,3.1945e+02,3.1944e+02,3.1942e+02,3.1941e+02,3.1940e+02,3.1939e+02,3.1937e+02,3.1936e+02,3.1935e+02,3.1934e+02,3.1933e+02,3.1932e+02,3.1931e+02,3.1930e+02,3.1929e+02,3.1928e+02,3.1927e+02,3.1926e+02,3.1926e+02,3.1925e+02,3.1924e+02,3.1924e+02,3.1923e+02,3.1922e+02,3.1922e+02,3.1921e+02,3.1921e+02,3.1920e+02,3.1920e+02,3.1919e+02,3.1919e+02,3.1919e+02,3.1919e+02,3.1918e+02,3.1918e+02,3.1918e+02,3.1918e+02,3.1918e+02,3.1918e+02,3.2001e+02,3.2001e+02,3.2001e+02,3.2001e+02,3.2001e+02,3.2000e+02,3.2000e+02,3.2000e+02,3.1999e+02,3.1999e+02,3.1999e+02,3.1998e+02,3.1998e+02,3.1997e+02,3.1997e+02,3.1996e+02,3.1995e+02,3.1995e+02,3.1994e+02,3.1993e+02,3.1992e+02,3.1991e+02,3.1991e+02,3.1990e+02,3.1989e+02,3.1988e+02,3.1987e+02,3.1986e+02,3.1985e+02,3.1984e+02,3.1983e+02,3.1982e+02,3.1981e+02,3.1979e+02,3.1978e+02,3.1977e+02,3.1976e+02,3.1975e+02,3.1974e+02,3.1973e+02,3.1971e+02,3.1970e+02,3.1969e+02,3.1968e+02,3.1966e+02,3.1965e+02,3.1964e+02,3.1963e+02,3.1961e+02,3.1960e+02,3.1959e+02,3.1957e+02,3.1956e+02,3.1955e+02,3.1953e+02,3.1952e+02,3.1951e+02,3.1950e+02,3.1948e+02,3.1947e+02,3.1946e+02,3.1944e+02,3.1943e+02,3.1942e+02,3.1941e+02,3.1939e+02,3.1938e+02,3.1937e+02,3.1936e+02,3.1935e+02,3.1934e+02,3.1933e+02,3.1932e+02,3.1931e+02,3.1930e+02,3.1929e+02,3.1928e+02,3.1927e+02,3.1926e+02,3.1926e+02,3.1925e+02,3.1924e+02,3.1924e+02,3.1923e+02,3.1922e+02,3.1922e+02,3.1921e+02,3.1921e+02,3.1920e+02,3.1920e+02,3.1920e+02,3.1919e+02,3.1919e+02,3.1919e+02,3.1919e+02,3.1918e+02,3.1918e+02,3.1918e+02,3.1918e+02,3.1918e+02,3.1999e+02,3.1999e+02,3.1999e+02,3.1999e+02,3.1999e+02,3.1999e+02,3.1998e+02,3.1998e+02,3.1998e+02,3.1997e+02,3.1997e+02,3.1997e+02,3.1996e+02,3.1996e+02,3.1995e+02,3.1994e+02,3.1994e+02,3.1993e+02,3.1992e+02,3.1992e+02,3.1991e+02,3.1990e+02,3.1989e+02,3.1988e+02,3.1987e+02,3.1986e+02,3.1985e+02,3.1984e+02,3.1983e+02,3.1982e+02,3.1981e+02,3.1980e+02,3.1979e+02,3.1978e+02,3.1977e+02,3.1976e+02,3.1975e+02,3.1974e+02,3.1973e+02,3.1972e+02,3.1970e+02,3.1969e+02,3.1968e+02,3.1967e+02,3.1966e+02,3.1964e+02,3.1963e+02,3.1962e+02,3.1961e+02,3.1959e+02,3.1958e+02,3.1957e+02,3.1955e+02,3.1954e+02,3.1953e+02,3.1952e+02,3.1950e+02,3.1949e+02,3.1948e+02,3.1946e+02,3.1945e+02,3.1944e+02,3.1943e+02,3.1941e+02,3.1940e+02,3.1939e+02,3.1938e+02,3.1937e+02,3.1936e+02,3.1935e+02,3.1934e+02,3.1933e+02,3.1932e+02,3.1931e+02,3.1930e+02,3.1929e+02,3.1928e+02,3.1927e+02,3.1926e+02,3.1926e+02,3.1925e+02,3.1924e+02,3.1924e+02,3.1923e+02,3.1922e+02,3.1922e+02,3.1921e+02,3.1921e+02,3.1921e+02,3.1920e+02,3.1920e+02,3.1919e+02,3.1919e+02,3.1919e+02,3.1919e+02,3.1918e+02,3.1918e+02,3.1918e+02,3.1918e+02,3.1918e+02,3.1998e+02,3.1998e+02,3.1998e+02,3.1998e+02,3.1998e+02,3.1998e+02,3.1997e+02,3.1997e+02,3.1997e+02,3.1996e+02,3.1996e+02,3.1995e+02,3.1995e+02,3.1994e+02,3.1994e+02,3.1993e+02,3.1993e+02,3.1992e+02,3.1991e+02,3.1991e+02,3.1990e+02,3.1989e+02,3.1988e+02,3.1987e+02,3.1986e+02,3.1985e+02,3.1985e+02,3.1984e+02,3.1983e+02,3.1982e+02,3.1981e+02,3.1980e+02,3.1979e+02,3.1978e+02,3.1976e+02,3.1975e+02,3.1974e+02,3.1973e+02,3.1972e+02,3.1971e+02,3.1970e+02,3.1969e+02,3.1967e+02,3.1966e+02,3.1965e+02,3.1964e+02,3.1963e+02,3.1961e+02,3.1960e+02,3.1959e+02,3.1958e+02,3.1956e+02,3.1955e+02,3.1954e+02,3.1952e+02,3.1951e+02,3.1950e+02,3.1949e+02,3.1947e+02,3.1946e+02,3.1945e+02,3.1944e+02,3.1942e+02,3.1941e+02,3.1940e+02,3.1939e+02,3.1938e+02,3.1937e+02,3.1936e+02,3.1935e+02,3.1934e+02,3.1933e+02,3.1932e+02,3.1931e+02,3.1930e+02,3.1929e+02,3.1928e+02,3.1927e+02,3.1926e+02,3.1926e+02,3.1925e+02,3.1924e+02,3.1924e+02,3.1923e+02,3.1923e+02,3.1922e+02,3.1921e+02,3.1921e+02,3.1921e+02,3.1920e+02,3.1920e+02,3.1920e+02,3.1919e+02,3.1919e+02,3.1919e+02,3.1919e+02,3.1918e+02,3.1918e+02,3.1918e+02,3.1918e+02,3.1998e+02,3.1998e+02,3.1998e+02,3.1997e+02,3.1997e+02,3.1997e+02,3.1997e+02,3.1996e+02,3.1996e+02,3.1996e+02,3.1995e+02,3.1995e+02,3.1994e+02,3.1994e+02,3.1993e+02,3.1993e+02,3.1992e+02,3.1991e+02,3.1991e+02,3.1990e+02,3.1989e+02,3.1988e+02,3.1988e+02,3.1987e+02,3.1986e+02,3.1985e+02,3.1984e+02,3.1983e+02,3.1982e+02,3.1981e+02,3.1980e+02,3.1979e+02,3.1978e+02,3.1977e+02,3.1976e+02,3.1975e+02,3.1974e+02,3.1973e+02,3.1972e+02,3.1971e+02,3.1969e+02,3.1968e+02,3.1967e+02,3.1966e+02,3.1965e+02,3.1963e+02,3.1962e+02,3.1961e+02,3.1960e+02,3.1959e+02,3.1957e+02,3.1956e+02,3.1955e+02,3.1953e+02,3.1952e+02,3.1951e+02,3.1950e+02,3.1948e+02,3.1947e+02,3.1946e+02,3.1945e+02,3.1944e+02,3.1942e+02,3.1941e+02,3.1940e+02,3.1939e+02,3.1938e+02,3.1937e+02,3.1936e+02,3.1935e+02,3.1933e+02,3.1933e+02,3.1932e+02,3.1931e+02,3.1930e+02,3.1929e+02,3.1928e+02,3.1927e+02,3.1926e+02,3.1926e+02,3.1925e+02,3.1924e+02,3.1924e+02,3.1923e+02,3.1923e+02,3.1922e+02,3.1922e+02,3.1921e+02,3.1921e+02,3.1920e+02,3.1920e+02,3.1920e+02,3.1919e+02,3.1919e+02,3.1919e+02,3.1919e+02,3.1918e+02,3.1918e+02,3.1918e+02,3.1918e+02,3.2000e+02,3.2000e+02,3.2001e+02,3.2001e+02,3.2001e+02,3.2001e+02,3.2002e+02,3.2002e+02,3.2003e+02,3.2003e+02,3.2004e+02,3.2005e+02,3.2005e+02,3.2006e+02,3.2007e+02,3.2008e+02,3.2009e+02,3.2010e+02,3.2011e+02,3.2012e+02,3.2013e+02,3.2014e+02,3.2015e+02,3.2016e+02,3.2017e+02,3.2018e+02,3.2019e+02,3.2020e+02,3.2021e+02,3.2022e+02,3.2023e+02,3.2024e+02,3.2025e+02,3.2026e+02,3.2027e+02,3.2027e+02,3.2028e+02,3.2028e+02,3.2029e+02,3.2029e+02,3.2030e+02,3.2030e+02,3.2030e+02,3.2030e+02,3.2030e+02,3.2030e+02,3.2030e+02,3.2030e+02,3.2029e+02,3.2029e+02,3.2029e+02,3.2028e+02,3.2028e+02,3.2027e+02,3.2026e+02,3.2026e+02,3.2025e+02,3.2024e+02,3.2023e+02,3.2022e+02,3.2021e+02,3.2020e+02,3.2019e+02,3.2018e+02,3.2017e+02,3.2015e+02,3.2014e+02,3.2013e+02,3.2012e+02,3.2010e+02,3.2009e+02,3.2008e+02,3.2006e+02,3.2005e+02,3.2004e+02,3.2002e+02,3.2001e+02,3.2000e+02,3.1998e+02,3.1997e+02,3.1996e+02,3.1994e+02,3.1993e+02,3.1992e+02,3.1991e+02,3.1990e+02,3.1989e+02,3.1988e+02,3.1987e+02,3.1986e+02,3.1985e+02,3.1985e+02,3.1984e+02,3.1983e+02,3.1983e+02,3.1982e+02,3.1982e+02,3.1982e+02,3.1982e+02,3.1982e+02,3.2000e+02,3.2000e+02,3.2001e+02,3.2001e+02,3.2001e+02,3.2001e+02,3.2002e+02,3.2002e+02,3.2003e+02,3.2003e+02,3.2004e+02,3.2005e+02,3.2006e+02,3.2006e+02,3.2007e+02,3.2008e+02,3.2009e+02,3.2010e+02,3.2011e+02,3.2012e+02,3.2013e+02,3.2014e+02,3.2015e+02,3.2016e+02,3.2017e+02,3.2019e+02,3.2020e+02,3.2021e+02,3.2022e+02,3.2023e+02,3.2024e+02,3.2025e+02,3.2025e+02,3.2026e+02,3.2027e+02,3.2028e+02,3.2028e+02,3.2029e+02,3.2029e+02,3.2030e+02,3.2030e+02,3.2030e+02,3.2030e+02,3.2030e+02,3.2030e+02,3.2030e+02,3.2030e+02,3.2030e+02,3.2030e+02,3.2029e+02,3.2029e+02,3.2029e+02,3.2028e+02,3.2027e+02,3.2027e+02,3.2026e+02,3.2025e+02,3.2024e+02,3.2023e+02,3.2022e+02,3.2021e+02,3.2020e+02,3.2019e+02,3.2018e+02,3.2017e+02,3.2016e+02,3.2014e+02,3.2013e+02,3.2012e+02,3.2011e+02,3.2009e+02,3.2008e+02,3.2007e+02,3.2005e+02,3.2004e+02,3.2002e+02,3.2001e+02,3.2000e+02,3.1998e+02,3.1997e+02,3.1996e+02,3.1995e+02,3.1993e+02,3.1992e+02,3.1991e+02,3.1990e+02,3.1989e+02,3.1988e+02,3.1987e+02,3.1986e+02,3.1985e+02,3.1985e+02,3.1984e+02,3.1983e+02,3.1983e+02,3.1982e+02,3.1982e+02,3.1982e+02,3.1982e+02,3.1982e+02,3.2001e+02,3.2001e+02,3.2001e+02,3.2001e+02,3.2001e+02,3.2002e+02,3.2002e+02,3.2002e+02,3.2003e+02,3.2004e+02,3.2004e+02,3.2005e+02,3.2006e+02,3.2007e+02,3.2007e+02,3.2008e+02,3.2009e+02,3.2010e+02,3.2011e+02,3.2012e+02,3.2014e+02,3.2015e+02,3.2016e+02,3.2017e+02,3.2018e+02,3.2019e+02,3.2020e+02,3.2021e+02,3.2022e+02,3.2023e+02,3.2024e+02,3.2025e+02,3.2026e+02,3.2027e+02,3.2028e+02,3.2028e+02,3.2029e+02,3.2029e+02,3.2030e+02,3.2030e+02,3.2031e+02,3.2031e+02,3.2031e+02,3.2031e+02,3.2031e+02,3.2031e+02,3.2031e+02,3.2031e+02,3.2031e+02,3.2030e+02,3.2030e+02,3.2029e+02,3.2029e+02,3.2028e+02,3.2027e+02,3.2027e+02,3.2026e+02,3.2025e+02,3.2024e+02,3.2023e+02,3.2022e+02,3.2021e+02,3.2020e+02,3.2019e+02,3.2017e+02,3.2016e+02,3.2015e+02,3.2014e+02,3.2012e+02,3.2011e+02,3.2010e+02,3.2008e+02,3.2007e+02,3.2005e+02,3.2004e+02,3.2003e+02,3.2001e+02,3.2000e+02,3.1999e+02,3.1997e+02,3.1996e+02,3.1995e+02,3.1993e+02,3.1992e+02,3.1991e+02,3.1990e+02,3.1989e+02,3.1988e+02,3.1987e+02,3.1986e+02,3.1985e+02,3.1984e+02,3.1984e+02,3.1983e+02,3.1983e+02,3.1982e+02,3.1982e+02,3.1982e+02,3.1981e+02,3.1981e+02,3.2001e+02,3.2001e+02,3.2001e+02,3.2001e+02,3.2001e+02,3.2002e+02,3.2002e+02,3.2003e+02,3.2003e+02,3.2004e+02,3.2004e+02,3.2005e+02,3.2006e+02,3.2007e+02,3.2008e+02,3.2009e+02,3.2010e+02,3.2011e+02,3.2012e+02,3.2013e+02,3.2014e+02,3.2015e+02,3.2016e+02,3.2017e+02,3.2019e+02,3.2020e+02,3.2021e+02,3.2022e+02,3.2023e+02,3.2024e+02,3.2025e+02,3.2026e+02,3.2027e+02,3.2028e+02,3.2029e+02,3.2029e+02,3.2030e+02,3.2030e+02,3.2031e+02,3.2031e+02,3.2032e+02,3.2032e+02,3.2032e+02,3.2032e+02,3.2032e+02,3.2032e+02,3.2032e+02,3.2032e+02,3.2032e+02,3.2031e+02,3.2031e+02,3.2030e+02,3.2030e+02,3.2029e+02,3.2028e+02,3.2028e+02,3.2027e+02,3.2026e+02,3.2025e+02,3.2024e+02,3.2023e+02,3.2022e+02,3.2021e+02,3.2019e+02,3.2018e+02,3.2017e+02,3.2016e+02,3.2014e+02,3.2013e+02,3.2012e+02,3.2010e+02,3.2009e+02,3.2007e+02,3.2006e+02,3.2005e+02,3.2003e+02,3.2002e+02,3.2000e+02,3.1999e+02,3.1998e+02,3.1996e+02,3.1995e+02,3.1994e+02,3.1992e+02,3.1991e+02,3.1990e+02,3.1989e+02,3.1988e+02,3.1987e+02,3.1986e+02,3.1985e+02,3.1984e+02,3.1984e+02,3.1983e+02,3.1982e+02,3.1982e+02,3.1982e+02,3.1981e+02,3.1981e+02,3.1981e+02,3.2001e+02,3.2001e+02,3.2001e+02,3.2001e+02,3.2002e+02,3.2002e+02,3.2002e+02,3.2003e+02,3.2003e+02,3.2004e+02,3.2005e+02,3.2006e+02,3.2006e+02,3.2007e+02,3.2008e+02,3.2009e+02,3.2010e+02,3.2011e+02,3.2012e+02,3.2014e+02,3.2015e+02,3.2016e+02,3.2017e+02,3.2018e+02,3.2020e+02,3.2021e+02,3.2022e+02,3.2023e+02,3.2024e+02,3.2025e+02,3.2026e+02,3.2027e+02,3.2028e+02,3.2029e+02,3.2030e+02,3.2031e+02,3.2031e+02,3.2032e+02,3.2032e+02,3.2033e+02,3.2033e+02,3.2034e+02,3.2034e+02,3.2034e+02,3.2034e+02,3.2034e+02,3.2034e+02,3.2033e+02,3.2033e+02,3.2033e+02,3.2032e+02,3.2032e+02,3.2031e+02,3.2031e+02,3.2030e+02,3.2029e+02,3.2028e+02,3.2027e+02,3.2026e+02,3.2025e+02,3.2024e+02,3.2023e+02,3.2022e+02,3.2021e+02,3.2019e+02,3.2018e+02,3.2017e+02,3.2015e+02,3.2014e+02,3.2013e+02,3.2011e+02,3.2010e+02,3.2008e+02,3.2007e+02,3.2005e+02,3.2004e+02,3.2002e+02,3.2001e+02,3.1999e+02,3.1998e+02,3.1997e+02,3.1995e+02,3.1994e+02,3.1992e+02,3.1991e+02,3.1990e+02,3.1989e+02,3.1988e+02,3.1987e+02,3.1986e+02,3.1985e+02,3.1984e+02,3.1983e+02,3.1983e+02,3.1982e+02,3.1982e+02,3.1981e+02,3.1981e+02,3.1981e+02,3.1981e+02,3.2001e+02,3.2001e+02,3.2001e+02,3.2002e+02,3.2002e+02,3.2002e+02,3.2003e+02,3.2003e+02,3.2004e+02,3.2004e+02,3.2005e+02,3.2006e+02,3.2007e+02,3.2008e+02,3.2009e+02,3.2010e+02,3.2011e+02,3.2012e+02,3.2013e+02,3.2014e+02,3.2016e+02,3.2017e+02,3.2018e+02,3.2019e+02,3.2021e+02,3.2022e+02,3.2023e+02,3.2024e+02,3.2026e+02,3.2027e+02,3.2028e+02,3.2029e+02,3.2030e+02,3.2031e+02,3.2032e+02,3.2032e+02,3.2033e+02,3.2034e+02,3.2034e+02,3.2035e+02,3.2035e+02,3.2035e+02,3.2036e+02,3.2036e+02,3.2036e+02,3.2036e+02,3.2036e+02,3.2035e+02,3.2035e+02,3.2035e+02,3.2034e+02,3.2034e+02,3.2033e+02,3.2032e+02,3.2032e+02,3.2031e+02,3.2030e+02,3.2029e+02,3.2028e+02,3.2027e+02,3.2026e+02,3.2024e+02,3.2023e+02,3.2022e+02,3.2021e+02,3.2019e+02,3.2018e+02,3.2017e+02,3.2015e+02,3.2014e+02,3.2012e+02,3.2011e+02,3.2009e+02,3.2008e+02,3.2006e+02,3.2005e+02,3.2003e+02,3.2001e+02,3.2000e+02,3.1998e+02,3.1997e+02,3.1995e+02,3.1994e+02,3.1993e+02,3.1991e+02,3.1990e+02,3.1989e+02,3.1988e+02,3.1987e+02,3.1986e+02,3.1985e+02,3.1984e+02,3.1983e+02,3.1982e+02,3.1982e+02,3.1981e+02,3.1981e+02,3.1981e+02,3.1980e+02,3.1980e+02,3.2001e+02,3.2002e+02,3.2002e+02,3.2002e+02,3.2002e+02,3.2003e+02,3.2003e+02,3.2004e+02,3.2004e+02,3.2005e+02,3.2006e+02,3.2007e+02,3.2007e+02,3.2008e+02,3.2009e+02,3.2011e+02,3.2012e+02,3.2013e+02,3.2014e+02,3.2015e+02,3.2017e+02,3.2018e+02,3.2019e+02,3.2021e+02,3.2022e+02,3.2023e+02,3.2025e+02,3.2026e+02,3.2027e+02,3.2028e+02,3.2030e+02,3.2031e+02,3.2032e+02,3.2033e+02,3.2034e+02,3.2034e+02,3.2035e+02,3.2036e+02,3.2036e+02,3.2037e+02,3.2037e+02,3.2038e+02,3.2038e+02,3.2038e+02,3.2038e+02,3.2038e+02,3.2038e+02,3.2038e+02,3.2037e+02,3.2037e+02,3.2036e+02,3.2036e+02,3.2035e+02,3.2034e+02,3.2034e+02,3.2033e+02,3.2032e+02,3.2031e+02,3.2030e+02,3.2029e+02,3.2028e+02,3.2026e+02,3.2025e+02,3.2024e+02,3.2022e+02,3.2021e+02,3.2020e+02,3.2018e+02,3.2017e+02,3.2015e+02,3.2013e+02,3.2012e+02,3.2010e+02,3.2009e+02,3.2007e+02,3.2005e+02,3.2004e+02,3.2002e+02,3.2001e+02,3.1999e+02,3.1997e+02,3.1996e+02,3.1994e+02,3.1993e+02,3.1992e+02,3.1990e+02,3.1989e+02,3.1988e+02,3.1986e+02,3.1985e+02,3.1984e+02,3.1984e+02,3.1983e+02,3.1982e+02,3.1981e+02,3.1981e+02,3.1980e+02,3.1980e+02,3.1980e+02,3.1980e+02,3.2002e+02,3.2002e+02,3.2002e+02,3.2002e+02,3.2003e+02,3.2003e+02,3.2004e+02,3.2004e+02,3.2005e+02,3.2005e+02,3.2006e+02,3.2007e+02,3.2008e+02,3.2009e+02,3.2010e+02,3.2011e+02,3.2013e+02,3.2014e+02,3.2015e+02,3.2017e+02,3.2018e+02,3.2019e+02,3.2021e+02,3.2022e+02,3.2024e+02,3.2025e+02,3.2026e+02,3.2028e+02,3.2029e+02,3.2030e+02,3.2032e+02,3.2033e+02,3.2034e+02,3.2035e+02,3.2036e+02,3.2037e+02,3.2038e+02,3.2038e+02,3.2039e+02,3.2039e+02,3.2040e+02,3.2040e+02,3.2040e+02,3.2041e+02,3.2041e+02,3.2041e+02,3.2040e+02,3.2040e+02,3.2040e+02,3.2039e+02,3.2039e+02,3.2038e+02,3.2038e+02,3.2037e+02,3.2036e+02,3.2035e+02,3.2034e+02,3.2033e+02,3.2032e+02,3.2031e+02,3.2030e+02,3.2029e+02,3.2027e+02,3.2026e+02,3.2024e+02,3.2023e+02,3.2021e+02,3.2020e+02,3.2018e+02,3.2017e+02,3.2015e+02,3.2013e+02,3.2012e+02,3.2010e+02,3.2008e+02,3.2007e+02,3.2005e+02,3.2003e+02,3.2001e+02,3.2000e+02,3.1998e+02,3.1996e+02,3.1995e+02,3.1993e+02,3.1992e+02,3.1990e+02,3.1989e+02,3.1988e+02,3.1986e+02,3.1985e+02,3.1984e+02,3.1983e+02,3.1982e+02,3.1981e+02,3.1981e+02,3.1980e+02,3.1980e+02,3.1979e+02,3.1979e+02,3.1979e+02,3.2002e+02,3.2002e+02,3.2002e+02,3.2003e+02,3.2003e+02,3.2004e+02,3.2004e+02,3.2005e+02,3.2005e+02,3.2006e+02,3.2007e+02,3.2008e+02,3.2009e+02,3.2010e+02,3.2011e+02,3.2012e+02,3.2014e+02,3.2015e+02,3.2016e+02,3.2018e+02,3.2019e+02,3.2021e+02,3.2022e+02,3.2024e+02,3.2025e+02,3.2027e+02,3.2028e+02,3.2030e+02,3.2031e+02,3.2033e+02,3.2034e+02,3.2035e+02,3.2037e+02,3.2038e+02,3.2039e+02,3.2040e+02,3.2040e+02,3.2041e+02,3.2042e+02,3.2042e+02,3.2043e+02,3.2043e+02,3.2044e+02,3.2044e+02,3.2044e+02,3.2044e+02,3.2044e+02,3.2043e+02,3.2043e+02,3.2042e+02,3.2042e+02,3.2041e+02,3.2041e+02,3.2040e+02,3.2039e+02,3.2038e+02,3.2037e+02,3.2036e+02,3.2035e+02,3.2034e+02,3.2032e+02,3.2031e+02,3.2030e+02,3.2028e+02,3.2027e+02,3.2025e+02,3.2024e+02,3.2022e+02,3.2020e+02,3.2019e+02,3.2017e+02,3.2015e+02,3.2013e+02,3.2012e+02,3.2010e+02,3.2008e+02,3.2006e+02,3.2004e+02,3.2002e+02,3.2001e+02,3.1999e+02,3.1997e+02,3.1995e+02,3.1994e+02,3.1992e+02,3.1990e+02,3.1989e+02,3.1987e+02,3.1986e+02,3.1985e+02,3.1984e+02,3.1983e+02,3.1982e+02,3.1981e+02,3.1980e+02,3.1980e+02,3.1979e+02,3.1979e+02,3.1979e+02,3.1978e+02,3.2003e+02,3.2003e+02,3.2003e+02,3.2003e+02,3.2004e+02,3.2004e+02,3.2005e+02,3.2005e+02,3.2006e+02,3.2007e+02,3.2008e+02,3.2009e+02,3.2010e+02,3.2011e+02,3.2012e+02,3.2013e+02,3.2015e+02,3.2016e+02,3.2018e+02,3.2019e+02,3.2021e+02,3.2023e+02,3.2024e+02,3.2026e+02,3.2027e+02,3.2029e+02,3.2031e+02,3.2032e+02,3.2034e+02,3.2035e+02,3.2037e+02,3.2038e+02,3.2039e+02,3.2041e+02,3.2042e+02,3.2043e+02,3.2044e+02,3.2044e+02,3.2045e+02,3.2046e+02,3.2046e+02,3.2047e+02,3.2047e+02,3.2047e+02,3.2047e+02,3.2047e+02,3.2047e+02,3.2047e+02,3.2046e+02,3.2046e+02,3.2045e+02,3.2045e+02,3.2044e+02,3.2043e+02,3.2042e+02,3.2041e+02,3.2040e+02,3.2039e+02,3.2038e+02,3.2037e+02,3.2035e+02,3.2034e+02,3.2032e+02,3.2031e+02,3.2029e+02,3.2028e+02,3.2026e+02,3.2024e+02,3.2023e+02,3.2021e+02,3.2019e+02,3.2017e+02,3.2015e+02,3.2013e+02,3.2011e+02,3.2009e+02,3.2007e+02,3.2005e+02,3.2003e+02,3.2002e+02,3.2000e+02,3.1998e+02,3.1996e+02,3.1994e+02,3.1992e+02,3.1990e+02,3.1989e+02,3.1987e+02,3.1986e+02,3.1984e+02,3.1983e+02,3.1982e+02,3.1981e+02,3.1980e+02,3.1979e+02,3.1979e+02,3.1978e+02,3.1978e+02,3.1978e+02,3.1977e+02,3.2003e+02,3.2003e+02,3.2004e+02,3.2004e+02,3.2004e+02,3.2005e+02,3.2005e+02,3.2006e+02,3.2007e+02,3.2008e+02,3.2009e+02,3.2010e+02,3.2011e+02,3.2012e+02,3.2013e+02,3.2015e+02,3.2016e+02,3.2018e+02,3.2019e+02,3.2021e+02,3.2023e+02,3.2024e+02,3.2026e+02,3.2028e+02,3.2030e+02,3.2032e+02,3.2033e+02,3.2035e+02,3.2037e+02,3.2038e+02,3.2040e+02,3.2041e+02,3.2043e+02,3.2044e+02,3.2045e+02,3.2046e+02,3.2047e+02,3.2048e+02,3.2049e+02,3.2049e+02,3.2050e+02,3.2050e+02,3.2051e+02,3.2051e+02,3.2051e+02,3.2051e+02,3.2051e+02,3.2050e+02,3.2050e+02,3.2050e+02,3.2049e+02,3.2048e+02,3.2048e+02,3.2047e+02,3.2046e+02,3.2045e+02,3.2044e+02,3.2043e+02,3.2041e+02,3.2040e+02,3.2039e+02,3.2037e+02,3.2036e+02,3.2034e+02,3.2032e+02,3.2031e+02,3.2029e+02,3.2027e+02,3.2025e+02,3.2023e+02,3.2021e+02,3.2019e+02,3.2017e+02,3.2015e+02,3.2013e+02,3.2011e+02,3.2009e+02,3.2007e+02,3.2005e+02,3.2003e+02,3.2000e+02,3.1998e+02,3.1996e+02,3.1994e+02,3.1992e+02,3.1991e+02,3.1989e+02,3.1987e+02,3.1986e+02,3.1984e+02,3.1983e+02,3.1981e+02,3.1980e+02,3.1979e+02,3.1979e+02,3.1978e+02,3.1977e+02,3.1977e+02,3.1977e+02,3.1976e+02,3.2004e+02,3.2004e+02,3.2004e+02,3.2004e+02,3.2005e+02,3.2005e+02,3.2006e+02,3.2007e+02,3.2008e+02,3.2008e+02,3.2009e+02,3.2011e+02,3.2012e+02,3.2013e+02,3.2015e+02,3.2016e+02,3.2018e+02,3.2019e+02,3.2021e+02,3.2023e+02,3.2025e+02,3.2027e+02,3.2028e+02,3.2030e+02,3.2032e+02,3.2034e+02,3.2036e+02,3.2038e+02,3.2040e+02,3.2042e+02,3.2043e+02,3.2045e+02,3.2046e+02,3.2048e+02,3.2049e+02,3.2050e+02,3.2051e+02,3.2052e+02,3.2053e+02,3.2054e+02,3.2054e+02,3.2055e+02,3.2055e+02,3.2055e+02,3.2055e+02,3.2055e+02,3.2055e+02,3.2055e+02,3.2054e+02,3.2054e+02,3.2053e+02,3.2053e+02,3.2052e+02,3.2051e+02,3.2050e+02,3.2049e+02,3.2048e+02,3.2046e+02,3.2045e+02,3.2044e+02,3.2042e+02,3.2041e+02,3.2039e+02,3.2038e+02,3.2036e+02,3.2034e+02,3.2032e+02,3.2030e+02,3.2028e+02,3.2026e+02,3.2024e+02,3.2022e+02,3.2020e+02,3.2018e+02,3.2015e+02,3.2013e+02,3.2011e+02,3.2009e+02,3.2006e+02,3.2004e+02,3.2002e+02,3.1999e+02,3.1997e+02,3.1995e+02,3.1993e+02,3.1991e+02,3.1989e+02,3.1987e+02,3.1985e+02,3.1984e+02,3.1982e+02,3.1981e+02,3.1980e+02,3.1978e+02,3.1978e+02,3.1977e+02,3.1976e+02,3.1976e+02,3.1975e+02,3.1975e+02,3.2005e+02,3.2005e+02,3.2005e+02,3.2005e+02,3.2006e+02,3.2006e+02,3.2007e+02,3.2008e+02,3.2008e+02,3.2009e+02,3.2010e+02,3.2012e+02,3.2013e+02,3.2014e+02,3.2016e+02,3.2017e+02,3.2019e+02,3.2021e+02,3.2023e+02,3.2025e+02,3.2027e+02,3.2029e+02,3.2031e+02,3.2033e+02,3.2035e+02,3.2037e+02,3.2039e+02,3.2041e+02,3.2043e+02,3.2045e+02,3.2047e+02,3.2049e+02,3.2050e+02,3.2052e+02,3.2053e+02,3.2054e+02,3.2055e+02,3.2056e+02,3.2057e+02,3.2058e+02,3.2059e+02,3.2059e+02,3.2059e+02,3.2060e+02,3.2060e+02,3.2060e+02,3.2060e+02,3.2059e+02,3.2059e+02,3.2058e+02,3.2058e+02,3.2057e+02,3.2056e+02,3.2055e+02,3.2054e+02,3.2053e+02,3.2052e+02,3.2051e+02,3.2049e+02,3.2048e+02,3.2046e+02,3.2045e+02,3.2043e+02,3.2041e+02,3.2040e+02,3.2038e+02,3.2036e+02,3.2034e+02,3.2032e+02,3.2030e+02,3.2027e+02,3.2025e+02,3.2023e+02,3.2020e+02,3.2018e+02,3.2016e+02,3.2013e+02,3.2010e+02,3.2008e+02,3.2005e+02,3.2003e+02,3.2000e+02,3.1998e+02,3.1995e+02,3.1993e+02,3.1991e+02,3.1989e+02,3.1987e+02,3.1985e+02,3.1983e+02,3.1981e+02,3.1980e+02,3.1979e+02,3.1977e+02,3.1976e+02,3.1976e+02,3.1975e+02,3.1974e+02,3.1974e+02,3.1974e+02,3.2005e+02,3.2005e+02,3.2006e+02,3.2006e+02,3.2006e+02,3.2007e+02,3.2008e+02,3.2008e+02,3.2009e+02,3.2010e+02,3.2012e+02,3.2013e+02,3.2014e+02,3.2016e+02,3.2017e+02,3.2019e+02,3.2021e+02,3.2023e+02,3.2025e+02,3.2027e+02,3.2029e+02,3.2031e+02,3.2033e+02,3.2036e+02,3.2038e+02,3.2040e+02,3.2042e+02,3.2045e+02,3.2047e+02,3.2049e+02,3.2051e+02,3.2053e+02,3.2054e+02,3.2056e+02,3.2057e+02,3.2059e+02,3.2060e+02,3.2061e+02,3.2062e+02,3.2063e+02,3.2063e+02,3.2064e+02,3.2064e+02,3.2065e+02,3.2065e+02,3.2065e+02,3.2064e+02,3.2064e+02,3.2064e+02,3.2063e+02,3.2063e+02,3.2062e+02,3.2061e+02,3.2060e+02,3.2059e+02,3.2058e+02,3.2057e+02,3.2055e+02,3.2054e+02,3.2053e+02,3.2051e+02,3.2049e+02,3.2048e+02,3.2046e+02,3.2044e+02,3.2042e+02,3.2040e+02,3.2038e+02,3.2036e+02,3.2033e+02,3.2031e+02,3.2028e+02,3.2026e+02,3.2023e+02,3.2021e+02,3.2018e+02,3.2015e+02,3.2013e+02,3.2010e+02,3.2007e+02,3.2004e+02,3.2001e+02,3.1999e+02,3.1996e+02,3.1993e+02,3.1991e+02,3.1989e+02,3.1986e+02,3.1984e+02,3.1982e+02,3.1981e+02,3.1979e+02,3.1978e+02,3.1976e+02,3.1975e+02,3.1974e+02,3.1974e+02,3.1973e+02,3.1973e+02,3.1972e+02,3.2006e+02,3.2006e+02,3.2007e+02,3.2007e+02,3.2007e+02,3.2008e+02,3.2009e+02,3.2010e+02,3.2010e+02,3.2012e+02,3.2013e+02,3.2014e+02,3.2016e+02,3.2017e+02,3.2019e+02,3.2021e+02,3.2023e+02,3.2025e+02,3.2027e+02,3.2029e+02,3.2031e+02,3.2034e+02,3.2036e+02,3.2039e+02,3.2041e+02,3.2044e+02,3.2046e+02,3.2048e+02,3.2051e+02,3.2053e+02,3.2055e+02,3.2057e+02,3.2059e+02,3.2061e+02,3.2062e+02,3.2064e+02,3.2065e+02,3.2066e+02,3.2067e+02,3.2068e+02,3.2069e+02,3.2069e+02,3.2069e+02,3.2070e+02,3.2070e+02,3.2070e+02,3.2070e+02,3.2069e+02,3.2069e+02,3.2068e+02,3.2068e+02,3.2067e+02,3.2066e+02,3.2065e+02,3.2064e+02,3.2063e+02,3.2062e+02,3.2061e+02,3.2059e+02,3.2058e+02,3.2056e+02,3.2054e+02,3.2052e+02,3.2051e+02,3.2049e+02,3.2047e+02,3.2044e+02,3.2042e+02,3.2040e+02,3.2037e+02,3.2035e+02,3.2032e+02,3.2030e+02,3.2027e+02,3.2024e+02,3.2021e+02,3.2018e+02,3.2015e+02,3.2012e+02,3.2009e+02,3.2006e+02,3.2003e+02,3.2000e+02,3.1997e+02,3.1994e+02,3.1991e+02,3.1989e+02,3.1986e+02,3.1984e+02,3.1982e+02,3.1980e+02,3.1978e+02,3.1976e+02,3.1975e+02,3.1974e+02,3.1973e+02,3.1972e+02,3.1971e+02,3.1971e+02,3.1971e+02,3.2007e+02,3.2007e+02,3.2008e+02,3.2008e+02,3.2008e+02,3.2009e+02,3.2010e+02,3.2011e+02,3.2012e+02,3.2013e+02,3.2014e+02,3.2016e+02,3.2017e+02,3.2019e+02,3.2021e+02,3.2022e+02,3.2025e+02,3.2027e+02,3.2029e+02,3.2031e+02,3.2034e+02,3.2037e+02,3.2039e+02,3.2042e+02,3.2044e+02,3.2047e+02,3.2050e+02,3.2052e+02,3.2055e+02,3.2057e+02,3.2059e+02,3.2062e+02,3.2064e+02,3.2065e+02,3.2067e+02,3.2069e+02,3.2070e+02,3.2071e+02,3.2072e+02,3.2073e+02,3.2074e+02,3.2075e+02,3.2075e+02,3.2075e+02,3.2075e+02,3.2075e+02,3.2075e+02,3.2075e+02,3.2074e+02,3.2074e+02,3.2073e+02,3.2073e+02,3.2072e+02,3.2071e+02,3.2070e+02,3.2069e+02,3.2067e+02,3.2066e+02,3.2065e+02,3.2063e+02,3.2061e+02,3.2060e+02,3.2058e+02,3.2056e+02,3.2054e+02,3.2052e+02,3.2049e+02,3.2047e+02,3.2044e+02,3.2042e+02,3.2039e+02,3.2036e+02,3.2034e+02,3.2031e+02,3.2028e+02,3.2024e+02,3.2021e+02,3.2018e+02,3.2015e+02,3.2011e+02,3.2008e+02,3.2004e+02,3.2001e+02,3.1998e+02,3.1994e+02,3.1991e+02,3.1988e+02,3.1986e+02,3.1983e+02,3.1981e+02,3.1979e+02,3.1977e+02,3.1975e+02,3.1973e+02,3.1972e+02,3.1971e+02,3.1970e+02,3.1970e+02,3.1969e+02,3.1969e+02,3.2008e+02,3.2008e+02,3.2009e+02,3.2009e+02,3.2010e+02,3.2010e+02,3.2011e+02,3.2012e+02,3.2013e+02,3.2014e+02,3.2016e+02,3.2017e+02,3.2019e+02,3.2020e+02,3.2022e+02,3.2024e+02,3.2027e+02,3.2029e+02,3.2031e+02,3.2034e+02,3.2037e+02,3.2039e+02,3.2042e+02,3.2045e+02,3.2048e+02,3.2051e+02,3.2054e+02,3.2056e+02,3.2059e+02,3.2062e+02,3.2064e+02,3.2066e+02,3.2069e+02,3.2071e+02,3.2072e+02,3.2074e+02,3.2075e+02,3.2077e+02,3.2078e+02,3.2079e+02,3.2080e+02,3.2080e+02,3.2081e+02,3.2081e+02,3.2081e+02,3.2081e+02,3.2081e+02,3.2081e+02,3.2080e+02,3.2080e+02,3.2079e+02,3.2078e+02,3.2077e+02,3.2076e+02,3.2075e+02,3.2074e+02,3.2073e+02,3.2072e+02,3.2070e+02,3.2069e+02,3.2067e+02,3.2065e+02,3.2064e+02,3.2062e+02,3.2059e+02,3.2057e+02,3.2055e+02,3.2052e+02,3.2050e+02,3.2047e+02,3.2044e+02,3.2041e+02,3.2038e+02,3.2035e+02,3.2032e+02,3.2028e+02,3.2025e+02,3.2021e+02,3.2017e+02,3.2014e+02,3.2010e+02,3.2006e+02,3.2002e+02,3.1998e+02,3.1995e+02,3.1991e+02,3.1988e+02,3.1985e+02,3.1982e+02,3.1980e+02,3.1977e+02,3.1975e+02,3.1973e+02,3.1972e+02,3.1970e+02,3.1969e+02,3.1968e+02,3.1968e+02,3.1967e+02,3.1967e+02,3.2010e+02,3.2010e+02,3.2010e+02,3.2010e+02,3.2011e+02,3.2012e+02,3.2012e+02,3.2013e+02,3.2015e+02,3.2016e+02,3.2017e+02,3.2019e+02,3.2020e+02,3.2022e+02,3.2024e+02,3.2026e+02,3.2029e+02,3.2031e+02,3.2034e+02,3.2037e+02,3.2039e+02,3.2042e+02,3.2045e+02,3.2049e+02,3.2052e+02,3.2055e+02,3.2058e+02,3.2061e+02,3.2064e+02,3.2066e+02,3.2069e+02,3.2071e+02,3.2074e+02,3.2076e+02,3.2078e+02,3.2079e+02,3.2081e+02,3.2082e+02,3.2083e+02,3.2084e+02,3.2085e+02,3.2086e+02,3.2086e+02,3.2087e+02,3.2087e+02,3.2087e+02,3.2087e+02,3.2086e+02,3.2086e+02,3.2086e+02,3.2085e+02,3.2084e+02,3.2083e+02,3.2082e+02,3.2081e+02,3.2080e+02,3.2079e+02,3.2078e+02,3.2077e+02,3.2075e+02,3.2073e+02,3.2072e+02,3.2070e+02,3.2068e+02,3.2066e+02,3.2063e+02,3.2061e+02,3.2058e+02,3.2055e+02,3.2053e+02,3.2050e+02,3.2046e+02,3.2043e+02,3.2040e+02,3.2036e+02,3.2032e+02,3.2029e+02,3.2025e+02,3.2021e+02,3.2016e+02,3.2012e+02,3.2008e+02,3.2004e+02,3.1999e+02,3.1995e+02,3.1992e+02,3.1988e+02,3.1985e+02,3.1982e+02,3.1979e+02,3.1976e+02,3.1974e+02,3.1972e+02,3.1970e+02,3.1968e+02,3.1967e+02,3.1966e+02,3.1965e+02,3.1965e+02,3.1965e+02,3.2011e+02,3.2011e+02,3.2012e+02,3.2012e+02,3.2013e+02,3.2013e+02,3.2014e+02,3.2015e+02,3.2016e+02,3.2018e+02,3.2019e+02,3.2021e+02,3.2022e+02,3.2024e+02,3.2026e+02,3.2029e+02,3.2031e+02,3.2034e+02,3.2036e+02,3.2039e+02,3.2042e+02,3.2046e+02,3.2049e+02,3.2052e+02,3.2055e+02,3.2059e+02,3.2062e+02,3.2065e+02,3.2068e+02,3.2071e+02,3.2074e+02,3.2076e+02,3.2079e+02,3.2081e+02,3.2083e+02,3.2085e+02,3.2087e+02,3.2088e+02,3.2089e+02,3.2090e+02,3.2091e+02,3.2092e+02,3.2092e+02,3.2093e+02,3.2093e+02,3.2093e+02,3.2093e+02,3.2092e+02,3.2092e+02,3.2091e+02,3.2091e+02,3.2090e+02,3.2089e+02,3.2088e+02,3.2088e+02,3.2087e+02,3.2086e+02,3.2084e+02,3.2083e+02,3.2082e+02,3.2080e+02,3.2078e+02,3.2077e+02,3.2074e+02,3.2072e+02,3.2070e+02,3.2067e+02,3.2065e+02,3.2062e+02,3.2059e+02,3.2055e+02,3.2052e+02,3.2049e+02,3.2045e+02,3.2041e+02,3.2037e+02,3.2033e+02,3.2029e+02,3.2024e+02,3.2019e+02,3.2015e+02,3.2010e+02,3.2005e+02,3.2001e+02,3.1996e+02,3.1992e+02,3.1988e+02,3.1984e+02,3.1981e+02,3.1977e+02,3.1975e+02,3.1972e+02,3.1970e+02,3.1968e+02,3.1966e+02,3.1965e+02,3.1964e+02,3.1963e+02,3.1962e+02,3.1962e+02,3.2013e+02,3.2013e+02,3.2013e+02,3.2014e+02,3.2014e+02,3.2015e+02,3.2016e+02,3.2017e+02,3.2018e+02,3.2019e+02,3.2021e+02,3.2023e+02,3.2024e+02,3.2026e+02,3.2029e+02,3.2031e+02,3.2034e+02,3.2036e+02,3.2039e+02,3.2042e+02,3.2045e+02,3.2049e+02,3.2052e+02,3.2056e+02,3.2059e+02,3.2063e+02,3.2066e+02,3.2070e+02,3.2073e+02,3.2076e+02,3.2079e+02,3.2082e+02,3.2084e+02,3.2086e+02,3.2088e+02,3.2090e+02,3.2092e+02,3.2094e+02,3.2095e+02,3.2096e+02,3.2097e+02,3.2097e+02,3.2098e+02,3.2098e+02,3.2099e+02,3.2099e+02,3.2098e+02,3.2098e+02,3.2098e+02,3.2097e+02,3.2097e+02,3.2096e+02,3.2095e+02,3.2095e+02,3.2094e+02,3.2093e+02,3.2092e+02,3.2091e+02,3.2090e+02,3.2089e+02,3.2087e+02,3.2086e+02,3.2084e+02,3.2082e+02,3.2079e+02,3.2077e+02,3.2074e+02,3.2071e+02,3.2068e+02,3.2065e+02,3.2062e+02,3.2058e+02,3.2055e+02,3.2051e+02,3.2047e+02,3.2042e+02,3.2038e+02,3.2033e+02,3.2028e+02,3.2023e+02,3.2018e+02,3.2012e+02,3.2007e+02,3.2002e+02,3.1997e+02,3.1992e+02,3.1987e+02,3.1983e+02,3.1980e+02,3.1976e+02,3.1973e+02,3.1970e+02,3.1968e+02,3.1966e+02,3.1964e+02,3.1963e+02,3.1961e+02,3.1960e+02,3.1960e+02,3.1960e+02,3.2015e+02,3.2015e+02,3.2016e+02,3.2016e+02,3.2017e+02,3.2017e+02,3.2018e+02,3.2019e+02,3.2020e+02,3.2022e+02,3.2023e+02,3.2025e+02,3.2027e+02,3.2029e+02,3.2031e+02,3.2034e+02,3.2036e+02,3.2039e+02,3.2042e+02,3.2045e+02,3.2049e+02,3.2052e+02,3.2056e+02,3.2059e+02,3.2063e+02,3.2067e+02,3.2070e+02,3.2074e+02,3.2077e+02,3.2081e+02,3.2084e+02,3.2087e+02,3.2089e+02,3.2092e+02,3.2094e+02,3.2096e+02,3.2097e+02,3.2099e+02,3.2100e+02,3.2101e+02,3.2102e+02,3.2103e+02,3.2104e+02,3.2104e+02,3.2104e+02,3.2104e+02,3.2104e+02,3.2104e+02,3.2103e+02,3.2103e+02,3.2102e+02,3.2102e+02,3.2101e+02,3.2101e+02,3.2100e+02,3.2099e+02,3.2098e+02,3.2098e+02,3.2097e+02,3.2096e+02,3.2095e+02,3.2093e+02,3.2091e+02,3.2089e+02,3.2087e+02,3.2084e+02,3.2082e+02,3.2079e+02,3.2076e+02,3.2072e+02,3.2069e+02,3.2065e+02,3.2061e+02,3.2057e+02,3.2053e+02,3.2048e+02,3.2043e+02,3.2038e+02,3.2033e+02,3.2027e+02,3.2021e+02,3.2015e+02,3.2009e+02,3.2003e+02,3.1997e+02,3.1992e+02,3.1987e+02,3.1982e+02,3.1978e+02,3.1975e+02,3.1971e+02,3.1968e+02,3.1966e+02,3.1963e+02,3.1962e+02,3.1960e+02,3.1959e+02,3.1958e+02,3.1957e+02,3.1957e+02,3.2018e+02,3.2018e+02,3.2018e+02,3.2019e+02,3.2019e+02,3.2020e+02,3.2021e+02,3.2022e+02,3.2023e+02,3.2024e+02,3.2026e+02,3.2028e+02,3.2030e+02,3.2032e+02,3.2034e+02,3.2036e+02,3.2039e+02,3.2042e+02,3.2045e+02,3.2048e+02,3.2052e+02,3.2055e+02,3.2059e+02,3.2063e+02,3.2067e+02,3.2071e+02,3.2075e+02,3.2078e+02,3.2082e+02,3.2085e+02,3.2088e+02,3.2091e+02,3.2094e+02,3.2096e+02,3.2099e+02,3.2101e+02,3.2102e+02,3.2104e+02,3.2105e+02,3.2106e+02,3.2107e+02,3.2108e+02,3.2109e+02,3.2109e+02,3.2109e+02,3.2109e+02,3.2109e+02,3.2109e+02,3.2109e+02,3.2108e+02,3.2108e+02,3.2107e+02,3.2107e+02,3.2106e+02,3.2106e+02,3.2105e+02,3.2105e+02,3.2104e+02,3.2104e+02,3.2103e+02,3.2102e+02,3.2100e+02,3.2099e+02,3.2097e+02,3.2094e+02,3.2092e+02,3.2089e+02,3.2086e+02,3.2083e+02,3.2079e+02,3.2076e+02,3.2072e+02,3.2068e+02,3.2063e+02,3.2059e+02,3.2054e+02,3.2048e+02,3.2043e+02,3.2037e+02,3.2031e+02,3.2024e+02,3.2017e+02,3.2010e+02,3.2004e+02,3.1998e+02,3.1992e+02,3.1986e+02,3.1982e+02,3.1977e+02,3.1973e+02,3.1970e+02,3.1966e+02,3.1964e+02,3.1961e+02,3.1959e+02,3.1957e+02,3.1956e+02,3.1955e+02,3.1954e+02,3.1954e+02,3.2021e+02,3.2021e+02,3.2021e+02,3.2022e+02,3.2022e+02,3.2023e+02,3.2024e+02,3.2025e+02,3.2026e+02,3.2027e+02,3.2029e+02,3.2031e+02,3.2033e+02,3.2035e+02,3.2037e+02,3.2040e+02,3.2042e+02,3.2045e+02,3.2048e+02,3.2052e+02,3.2055e+02,3.2059e+02,3.2063e+02,3.2067e+02,3.2071e+02,3.2075e+02,3.2079e+02,3.2082e+02,3.2086e+02,3.2089e+02,3.2093e+02,3.2096e+02,3.2098e+02,3.2101e+02,3.2103e+02,3.2105e+02,3.2107e+02,3.2109e+02,3.2110e+02,3.2111e+02,3.2112e+02,3.2113e+02,3.2113e+02,3.2114e+02,3.2114e+02,3.2114e+02,3.2114e+02,3.2114e+02,3.2114e+02,3.2113e+02,3.2113e+02,3.2112e+02,3.2112e+02,3.2111e+02,3.2111e+02,3.2111e+02,3.2110e+02,3.2110e+02,3.2110e+02,3.2109e+02,3.2108e+02,3.2107e+02,3.2105e+02,3.2103e+02,3.2101e+02,3.2098e+02,3.2096e+02,3.2093e+02,3.2089e+02,3.2086e+02,3.2082e+02,3.2078e+02,3.2073e+02,3.2069e+02,3.2064e+02,3.2059e+02,3.2053e+02,3.2047e+02,3.2041e+02,3.2034e+02,3.2027e+02,3.2020e+02,3.2012e+02,3.2005e+02,3.1998e+02,3.1992e+02,3.1986e+02,3.1981e+02,3.1976e+02,3.1972e+02,3.1968e+02,3.1964e+02,3.1961e+02,3.1959e+02,3.1957e+02,3.1955e+02,3.1953e+02,3.1952e+02,3.1952e+02,3.1951e+02,3.2024e+02,3.2024e+02,3.2025e+02,3.2025e+02,3.2026e+02,3.2026e+02,3.2027e+02,3.2028e+02,3.2030e+02,3.2031e+02,3.2033e+02,3.2034e+02,3.2036e+02,3.2038e+02,3.2041e+02,3.2043e+02,3.2046e+02,3.2049e+02,3.2052e+02,3.2055e+02,3.2059e+02,3.2063e+02,3.2066e+02,3.2070e+02,3.2074e+02,3.2079e+02,3.2083e+02,3.2086e+02,3.2090e+02,3.2093e+02,3.2097e+02,3.2100e+02,3.2102e+02,3.2105e+02,3.2107e+02,3.2109e+02,3.2111e+02,3.2112e+02,3.2114e+02,3.2115e+02,3.2116e+02,3.2117e+02,3.2117e+02,3.2118e+02,3.2118e+02,3.2118e+02,3.2118e+02,3.2118e+02,3.2118e+02,3.2117e+02,3.2117e+02,3.2117e+02,3.2116e+02,3.2116e+02,3.2116e+02,3.2115e+02,3.2115e+02,3.2115e+02,3.2115e+02,3.2115e+02,3.2114e+02,3.2113e+02,3.2111e+02,3.2109e+02,3.2107e+02,3.2104e+02,3.2102e+02,3.2098e+02,3.2095e+02,3.2091e+02,3.2087e+02,3.2083e+02,3.2079e+02,3.2074e+02,3.2069e+02,3.2063e+02,3.2057e+02,3.2051e+02,3.2044e+02,3.2037e+02,3.2030e+02,3.2022e+02,3.2013e+02,3.2006e+02,3.1998e+02,3.1992e+02,3.1986e+02,3.1980e+02,3.1975e+02,3.1970e+02,3.1966e+02,3.1963e+02,3.1959e+02,3.1957e+02,3.1954e+02,3.1952e+02,3.1951e+02,3.1950e+02,3.1949e+02,3.1949e+02,3.2029e+02,3.2029e+02,3.2029e+02,3.2029e+02,3.2030e+02,3.2031e+02,3.2032e+02,3.2033e+02,3.2034e+02,3.2035e+02,3.2037e+02,3.2038e+02,3.2040e+02,3.2042e+02,3.2045e+02,3.2047e+02,3.2050e+02,3.2053e+02,3.2056e+02,3.2059e+02,3.2063e+02,3.2066e+02,3.2070e+02,3.2074e+02,3.2078e+02,3.2082e+02,3.2086e+02,3.2090e+02,3.2093e+02,3.2097e+02,3.2100e+02,3.2103e+02,3.2106e+02,3.2108e+02,3.2110e+02,3.2112e+02,3.2114e+02,3.2116e+02,3.2117e+02,3.2118e+02,3.2119e+02,3.2120e+02,3.2120e+02,3.2121e+02,3.2121e+02,3.2121e+02,3.2121e+02,3.2121e+02,3.2121e+02,3.2121e+02,3.2120e+02,3.2120e+02,3.2120e+02,3.2120e+02,3.2119e+02,3.2119e+02,3.2120e+02,3.2120e+02,3.2120e+02,3.2120e+02,3.2119e+02,3.2118e+02,3.2116e+02,3.2114e+02,3.2112e+02,3.2110e+02,3.2107e+02,3.2103e+02,3.2100e+02,3.2096e+02,3.2092e+02,3.2088e+02,3.2083e+02,3.2078e+02,3.2073e+02,3.2067e+02,3.2061e+02,3.2054e+02,3.2047e+02,3.2040e+02,3.2032e+02,3.2023e+02,3.2015e+02,3.2006e+02,3.1999e+02,3.1992e+02,3.1985e+02,3.1979e+02,3.1974e+02,3.1969e+02,3.1965e+02,3.1961e+02,3.1957e+02,3.1955e+02,3.1952e+02,3.1950e+02,3.1949e+02,3.1947e+02,3.1947e+02,3.1946e+02,3.2034e+02,3.2034e+02,3.2034e+02,3.2034e+02,3.2035e+02,3.2036e+02,3.2036e+02,3.2037e+02,3.2039e+02,3.2040e+02,3.2041e+02,3.2043e+02,3.2045e+02,3.2047e+02,3.2049e+02,3.2052e+02,3.2054e+02,3.2057e+02,3.2060e+02,3.2063e+02,3.2067e+02,3.2070e+02,3.2074e+02,3.2078e+02,3.2082e+02,3.2086e+02,3.2089e+02,3.2093e+02,3.2097e+02,3.2100e+02,3.2103e+02,3.2106e+02,3.2108e+02,3.2111e+02,3.2113e+02,3.2115e+02,3.2117e+02,3.2118e+02,3.2119e+02,3.2120e+02,3.2121e+02,3.2122e+02,3.2123e+02,3.2123e+02,3.2123e+02,3.2124e+02,3.2124e+02,3.2124e+02,3.2123e+02,3.2123e+02,3.2123e+02,3.2123e+02,3.2123e+02,3.2123e+02,3.2123e+02,3.2123e+02,3.2123e+02,3.2124e+02,3.2124e+02,3.2124e+02,3.2123e+02,3.2122e+02,3.2121e+02,3.2119e+02,3.2116e+02,3.2114e+02,3.2111e+02,3.2108e+02,3.2104e+02,3.2101e+02,3.2096e+02,3.2092e+02,3.2087e+02,3.2082e+02,3.2076e+02,3.2070e+02,3.2064e+02,3.2057e+02,3.2049e+02,3.2042e+02,3.2033e+02,3.2024e+02,3.2015e+02,3.2007e+02,3.1999e+02,3.1991e+02,3.1984e+02,3.1978e+02,3.1973e+02,3.1968e+02,3.1963e+02,3.1959e+02,3.1956e+02,3.1953e+02,3.1950e+02,3.1948e+02,3.1946e+02,3.1945e+02,3.1944e+02,3.1944e+02,3.2039e+02,3.2039e+02,3.2040e+02,3.2040e+02,3.2041e+02,3.2041e+02,3.2042e+02,3.2043e+02,3.2044e+02,3.2045e+02,3.2047e+02,3.2048e+02,3.2050e+02,3.2052e+02,3.2054e+02,3.2056e+02,3.2059e+02,3.2062e+02,3.2065e+02,3.2068e+02,3.2071e+02,3.2074e+02,3.2078e+02,3.2081e+02,3.2085e+02,3.2089e+02,3.2092e+02,3.2096e+02,3.2099e+02,3.2102e+02,3.2105e+02,3.2108e+02,3.2110e+02,3.2113e+02,3.2115e+02,3.2117e+02,3.2118e+02,3.2120e+02,3.2121e+02,3.2122e+02,3.2123e+02,3.2124e+02,3.2124e+02,3.2125e+02,3.2125e+02,3.2125e+02,3.2125e+02,3.2125e+02,3.2125e+02,3.2125e+02,3.2125e+02,3.2125e+02,3.2125e+02,3.2125e+02,3.2125e+02,3.2125e+02,3.2126e+02,3.2126e+02,3.2127e+02,3.2127e+02,3.2126e+02,3.2125e+02,3.2124e+02,3.2122e+02,3.2120e+02,3.2118e+02,3.2115e+02,3.2111e+02,3.2108e+02,3.2104e+02,3.2100e+02,3.2095e+02,3.2090e+02,3.2085e+02,3.2079e+02,3.2073e+02,3.2066e+02,3.2059e+02,3.2051e+02,3.2043e+02,3.2035e+02,3.2025e+02,3.2016e+02,3.2007e+02,3.1999e+02,3.1991e+02,3.1984e+02,3.1977e+02,3.1972e+02,3.1966e+02,3.1962e+02,3.1957e+02,3.1954e+02,3.1951e+02,3.1948e+02,3.1946e+02,3.1944e+02,3.1943e+02,3.1942e+02,3.1942e+02,3.2046e+02,3.2046e+02,3.2046e+02,3.2046e+02,3.2047e+02,3.2048e+02,3.2048e+02,3.2049e+02,3.2050e+02,3.2052e+02,3.2053e+02,3.2054e+02,3.2056e+02,3.2058e+02,3.2060e+02,3.2062e+02,3.2064e+02,3.2067e+02,3.2070e+02,3.2072e+02,3.2075e+02,3.2078e+02,3.2082e+02,3.2085e+02,3.2089e+02,3.2092e+02,3.2095e+02,3.2098e+02,3.2101e+02,3.2104e+02,3.2107e+02,3.2110e+02,3.2112e+02,3.2114e+02,3.2116e+02,3.2118e+02,3.2119e+02,3.2121e+02,3.2122e+02,3.2123e+02,3.2124e+02,3.2124e+02,3.2125e+02,3.2125e+02,3.2125e+02,3.2126e+02,3.2126e+02,3.2126e+02,3.2126e+02,3.2126e+02,3.2126e+02,3.2126e+02,3.2126e+02,3.2126e+02,3.2126e+02,3.2127e+02,3.2127e+02,3.2128e+02,3.2129e+02,3.2129e+02,3.2129e+02,3.2128e+02,3.2127e+02,3.2125e+02,3.2123e+02,3.2120e+02,3.2118e+02,3.2114e+02,3.2111e+02,3.2107e+02,3.2103e+02,3.2098e+02,3.2093e+02,3.2087e+02,3.2081e+02,3.2075e+02,3.2068e+02,3.2061e+02,3.2053e+02,3.2044e+02,3.2035e+02,3.2026e+02,3.2016e+02,3.2007e+02,3.1999e+02,3.1991e+02,3.1983e+02,3.1977e+02,3.1970e+02,3.1965e+02,3.1960e+02,3.1956e+02,3.1952e+02,3.1949e+02,3.1946e+02,3.1944e+02,3.1942e+02,3.1941e+02,3.1940e+02,3.1939e+02,3.2053e+02,3.2053e+02,3.2053e+02,3.2054e+02,3.2054e+02,3.2055e+02,3.2055e+02,3.2056e+02,3.2057e+02,3.2058e+02,3.2060e+02,3.2061e+02,3.2063e+02,3.2064e+02,3.2066e+02,3.2068e+02,3.2070e+02,3.2073e+02,3.2075e+02,3.2078e+02,3.2080e+02,3.2083e+02,3.2086e+02,3.2089e+02,3.2092e+02,3.2095e+02,3.2098e+02,3.2101e+02,3.2103e+02,3.2106e+02,3.2108e+02,3.2111e+02,3.2113e+02,3.2115e+02,3.2116e+02,3.2118e+02,3.2119e+02,3.2120e+02,3.2122e+02,3.2122e+02,3.2123e+02,3.2124e+02,3.2124e+02,3.2125e+02,3.2125e+02,3.2125e+02,3.2125e+02,3.2126e+02,3.2126e+02,3.2126e+02,3.2126e+02,3.2126e+02,3.2126e+02,3.2126e+02,3.2127e+02,3.2128e+02,3.2128e+02,3.2129e+02,3.2130e+02,3.2131e+02,3.2130e+02,3.2130e+02,3.2129e+02,3.2127e+02,3.2125e+02,3.2123e+02,3.2120e+02,3.2117e+02,3.2113e+02,3.2109e+02,3.2105e+02,3.2100e+02,3.2095e+02,3.2089e+02,3.2083e+02,3.2077e+02,3.2070e+02,3.2062e+02,3.2054e+02,3.2045e+02,3.2036e+02,3.2027e+02,3.2017e+02,3.2007e+02,3.1998e+02,3.1990e+02,3.1983e+02,3.1976e+02,3.1969e+02,3.1964e+02,3.1959e+02,3.1954e+02,3.1950e+02,3.1947e+02,3.1944e+02,3.1942e+02,3.1940e+02,3.1939e+02,3.1938e+02,3.1937e+02,3.2061e+02,3.2061e+02,3.2061e+02,3.2062e+02,3.2062e+02,3.2063e+02,3.2063e+02,3.2064e+02,3.2065e+02,3.2066e+02,3.2067e+02,3.2069e+02,3.2070e+02,3.2071e+02,3.2073e+02,3.2075e+02,3.2077e+02,3.2079e+02,3.2081e+02,3.2083e+02,3.2085e+02,3.2088e+02,3.2090e+02,3.2093e+02,3.2095e+02,3.2098e+02,3.2100e+02,3.2102e+02,3.2105e+02,3.2107e+02,3.2109e+02,3.2111e+02,3.2113e+02,3.2114e+02,3.2116e+02,3.2117e+02,3.2119e+02,3.2120e+02,3.2121e+02,3.2122e+02,3.2122e+02,3.2123e+02,3.2123e+02,3.2124e+02,3.2124e+02,3.2124e+02,3.2124e+02,3.2125e+02,3.2125e+02,3.2125e+02,3.2125e+02,3.2125e+02,3.2126e+02,3.2126e+02,3.2127e+02,3.2128e+02,3.2129e+02,3.2130e+02,3.2131e+02,3.2131e+02,3.2131e+02,3.2131e+02,3.2130e+02,3.2129e+02,3.2127e+02,3.2124e+02,3.2122e+02,3.2118e+02,3.2115e+02,3.2111e+02,3.2106e+02,3.2102e+02,3.2096e+02,3.2091e+02,3.2085e+02,3.2078e+02,3.2071e+02,3.2063e+02,3.2055e+02,3.2046e+02,3.2037e+02,3.2027e+02,3.2017e+02,3.2007e+02,3.1998e+02,3.1990e+02,3.1982e+02,3.1975e+02,3.1968e+02,3.1963e+02,3.1957e+02,3.1953e+02,3.1949e+02,3.1945e+02,3.1943e+02,3.1940e+02,3.1938e+02,3.1937e+02,3.1936e+02,3.1935e+02,3.2070e+02,3.2070e+02,3.2070e+02,3.2071e+02,3.2071e+02,3.2072e+02,3.2072e+02,3.2073e+02,3.2074e+02,3.2075e+02,3.2076e+02,3.2077e+02,3.2078e+02,3.2079e+02,3.2081e+02,3.2082e+02,3.2084e+02,3.2086e+02,3.2087e+02,3.2089e+02,3.2091e+02,3.2093e+02,3.2095e+02,3.2097e+02,3.2099e+02,3.2100e+02,3.2102e+02,3.2104e+02,3.2106e+02,3.2108e+02,3.2109e+02,3.2111e+02,3.2112e+02,3.2114e+02,3.2115e+02,3.2116e+02,3.2117e+02,3.2118e+02,3.2119e+02,3.2120e+02,3.2121e+02,3.2121e+02,3.2122e+02,3.2122e+02,3.2122e+02,3.2122e+02,3.2123e+02,3.2123e+02,3.2123e+02,3.2123e+02,3.2124e+02,3.2124e+02,3.2124e+02,3.2125e+02,3.2126e+02,3.2127e+02,3.2128e+02,3.2130e+02,3.2131e+02,3.2132e+02,3.2132e+02,3.2132e+02,3.2131e+02,3.2129e+02,3.2128e+02,3.2125e+02,3.2123e+02,3.2120e+02,3.2116e+02,3.2112e+02,3.2108e+02,3.2103e+02,3.2098e+02,3.2092e+02,3.2085e+02,3.2079e+02,3.2071e+02,3.2064e+02,3.2055e+02,3.2046e+02,3.2037e+02,3.2027e+02,3.2016e+02,3.2007e+02,3.1997e+02,3.1989e+02,3.1981e+02,3.1974e+02,3.1967e+02,3.1961e+02,3.1956e+02,3.1951e+02,3.1947e+02,3.1944e+02,3.1941e+02,3.1938e+02,3.1936e+02,3.1935e+02,3.1934e+02,3.1934e+02,3.2080e+02,3.2080e+02,3.2080e+02,3.2080e+02,3.2081e+02,3.2081e+02,3.2082e+02,3.2082e+02,3.2083e+02,3.2084e+02,3.2085e+02,3.2086e+02,3.2087e+02,3.2088e+02,3.2089e+02,3.2090e+02,3.2092e+02,3.2093e+02,3.2094e+02,3.2096e+02,3.2097e+02,3.2098e+02,3.2100e+02,3.2101e+02,3.2102e+02,3.2103e+02,3.2104e+02,3.2105e+02,3.2107e+02,3.2108e+02,3.2109e+02,3.2110e+02,3.2112e+02,3.2113e+02,3.2114e+02,3.2115e+02,3.2116e+02,3.2116e+02,3.2117e+02,3.2118e+02,3.2118e+02,3.2119e+02,3.2119e+02,3.2119e+02,3.2120e+02,3.2120e+02,3.2120e+02,3.2120e+02,3.2121e+02,3.2121e+02,3.2121e+02,3.2122e+02,3.2123e+02,3.2123e+02,3.2124e+02,3.2126e+02,3.2127e+02,3.2129e+02,3.2130e+02,3.2131e+02,3.2132e+02,3.2132e+02,3.2131e+02,3.2130e+02,3.2128e+02,3.2126e+02,3.2123e+02,3.2120e+02,3.2117e+02,3.2113e+02,3.2108e+02,3.2103e+02,3.2098e+02,3.2092e+02,3.2086e+02,3.2079e+02,3.2072e+02,3.2064e+02,3.2055e+02,3.2046e+02,3.2037e+02,3.2026e+02,3.2016e+02,3.2006e+02,3.1997e+02,3.1988e+02,3.1980e+02,3.1973e+02,3.1966e+02,3.1960e+02,3.1955e+02,3.1950e+02,3.1946e+02,3.1942e+02,3.1939e+02,3.1937e+02,3.1935e+02,3.1933e+02,3.1932e+02,3.1932e+02,3.2090e+02,3.2090e+02,3.2090e+02,3.2090e+02,3.2091e+02,3.2091e+02,3.2092e+02,3.2092e+02,3.2093e+02,3.2093e+02,3.2094e+02,3.2095e+02,3.2096e+02,3.2097e+02,3.2098e+02,3.2099e+02,3.2100e+02,3.2101e+02,3.2102e+02,3.2103e+02,3.2104e+02,3.2104e+02,3.2105e+02,3.2105e+02,3.2106e+02,3.2106e+02,3.2106e+02,3.2107e+02,3.2107e+02,3.2108e+02,3.2109e+02,3.2110e+02,3.2110e+02,3.2111e+02,3.2112e+02,3.2113e+02,3.2113e+02,3.2114e+02,3.2115e+02,3.2115e+02,3.2116e+02,3.2116e+02,3.2116e+02,3.2117e+02,3.2117e+02,3.2117e+02,3.2117e+02,3.2118e+02,3.2118e+02,3.2118e+02,3.2119e+02,3.2120e+02,3.2120e+02,3.2121e+02,3.2122e+02,3.2124e+02,3.2126e+02,3.2128e+02,3.2129e+02,3.2130e+02,3.2131e+02,3.2131e+02,3.2131e+02,3.2130e+02,3.2128e+02,3.2126e+02,3.2123e+02,3.2120e+02,3.2117e+02,3.2113e+02,3.2109e+02,3.2104e+02,3.2098e+02,3.2093e+02,3.2086e+02,3.2079e+02,3.2072e+02,3.2064e+02,3.2055e+02,3.2046e+02,3.2036e+02,3.2026e+02,3.2015e+02,3.2005e+02,3.1996e+02,3.1987e+02,3.1979e+02,3.1972e+02,3.1965e+02,3.1959e+02,3.1953e+02,3.1949e+02,3.1944e+02,3.1941e+02,3.1938e+02,3.1935e+02,3.1933e+02,3.1932e+02,3.1931e+02,3.1930e+02,3.2100e+02,3.2100e+02,3.2100e+02,3.2100e+02,3.2101e+02,3.2101e+02,3.2101e+02,3.2102e+02,3.2102e+02,3.2103e+02,3.2104e+02,3.2104e+02,3.2105e+02,3.2106e+02,3.2106e+02,3.2107e+02,3.2108e+02,3.2108e+02,3.2109e+02,3.2109e+02,3.2110e+02,3.2110e+02,3.2110e+02,3.2109e+02,3.2109e+02,3.2108e+02,3.2108e+02,3.2108e+02,3.2108e+02,3.2108e+02,3.2108e+02,3.2109e+02,3.2109e+02,3.2110e+02,3.2110e+02,3.2111e+02,3.2111e+02,3.2112e+02,3.2112e+02,3.2112e+02,3.2113e+02,3.2113e+02,3.2113e+02,3.2114e+02,3.2114e+02,3.2114e+02,3.2114e+02,3.2115e+02,3.2115e+02,3.2115e+02,3.2116e+02,3.2117e+02,3.2118e+02,3.2119e+02,3.2120e+02,3.2122e+02,3.2124e+02,3.2126e+02,3.2128e+02,3.2129e+02,3.2130e+02,3.2130e+02,3.2130e+02,3.2129e+02,3.2128e+02,3.2126e+02,3.2123e+02,3.2120e+02,3.2117e+02,3.2113e+02,3.2109e+02,3.2104e+02,3.2098e+02,3.2092e+02,3.2086e+02,3.2079e+02,3.2071e+02,3.2063e+02,3.2055e+02,3.2045e+02,3.2036e+02,3.2025e+02,3.2015e+02,3.2005e+02,3.1995e+02,3.1986e+02,3.1978e+02,3.1970e+02,3.1964e+02,3.1957e+02,3.1952e+02,3.1947e+02,3.1943e+02,3.1939e+02,3.1936e+02,3.1933e+02,3.1931e+02,3.1930e+02,3.1929e+02,3.1928e+02,3.2109e+02,3.2110e+02,3.2110e+02,3.2110e+02,3.2110e+02,3.2110e+02,3.2111e+02,3.2111e+02,3.2111e+02,3.2112e+02,3.2112e+02,3.2113e+02,3.2113e+02,3.2114e+02,3.2114e+02,3.2115e+02,3.2115e+02,3.2115e+02,3.2116e+02,3.2116e+02,3.2115e+02,3.2115e+02,3.2114e+02,3.2113e+02,3.2112e+02,3.2111e+02,3.2109e+02,3.2109e+02,3.2108e+02,3.2108e+02,3.2108e+02,3.2108e+02,3.2108e+02,3.2108e+02,3.2108e+02,3.2109e+02,3.2109e+02,3.2109e+02,3.2109e+02,3.2110e+02,3.2110e+02,3.2110e+02,3.2110e+02,3.2110e+02,3.2111e+02,3.2111e+02,3.2111e+02,3.2111e+02,3.2112e+02,3.2112e+02,3.2113e+02,3.2114e+02,3.2115e+02,3.2116e+02,3.2118e+02,3.2120e+02,3.2122e+02,3.2124e+02,3.2126e+02,3.2128e+02,3.2129e+02,3.2129e+02,3.2129e+02,3.2128e+02,3.2127e+02,3.2125e+02,3.2123e+02,3.2120e+02,3.2116e+02,3.2112e+02,3.2108e+02,3.2103e+02,3.2098e+02,3.2092e+02,3.2085e+02,3.2078e+02,3.2071e+02,3.2063e+02,3.2054e+02,3.2045e+02,3.2035e+02,3.2024e+02,3.2014e+02,3.2004e+02,3.1994e+02,3.1985e+02,3.1977e+02,3.1969e+02,3.1962e+02,3.1956e+02,3.1951e+02,3.1946e+02,3.1941e+02,3.1938e+02,3.1934e+02,3.1932e+02,3.1930e+02,3.1928e+02,3.1927e+02,3.1927e+02,3.2118e+02,3.2118e+02,3.2118e+02,3.2119e+02,3.2119e+02,3.2119e+02,3.2119e+02,3.2120e+02,3.2120e+02,3.2120e+02,3.2120e+02,3.2121e+02,3.2121e+02,3.2121e+02,3.2122e+02,3.2122e+02,3.2122e+02,3.2122e+02,3.2122e+02,3.2121e+02,3.2121e+02,3.2120e+02,3.2118e+02,3.2117e+02,3.2115e+02,3.2113e+02,3.2111e+02,3.2110e+02,3.2109e+02,3.2108e+02,3.2107e+02,3.2107e+02,3.2107e+02,3.2107e+02,3.2106e+02,3.2107e+02,3.2107e+02,3.2107e+02,3.2107e+02,3.2107e+02,3.2107e+02,3.2107e+02,3.2107e+02,3.2107e+02,3.2108e+02,3.2108e+02,3.2108e+02,3.2108e+02,3.2109e+02,3.2109e+02,3.2110e+02,3.2111e+02,3.2112e+02,3.2114e+02,3.2115e+02,3.2117e+02,3.2120e+02,3.2122e+02,3.2124e+02,3.2126e+02,3.2127e+02,3.2128e+02,3.2128e+02,3.2127e+02,3.2126e+02,3.2124e+02,3.2122e+02,3.2119e+02,3.2115e+02,3.2112e+02,3.2107e+02,3.2102e+02,3.2097e+02,3.2091e+02,3.2085e+02,3.2078e+02,3.2070e+02,3.2062e+02,3.2053e+02,3.2044e+02,3.2034e+02,3.2023e+02,3.2013e+02,3.2002e+02,3.1993e+02,3.1984e+02,3.1975e+02,3.1968e+02,3.1961e+02,3.1955e+02,3.1949e+02,3.1944e+02,3.1940e+02,3.1936e+02,3.1933e+02,3.1930e+02,3.1928e+02,3.1927e+02,3.1926e+02,3.1925e+02,3.2126e+02,3.2127e+02,3.2127e+02,3.2127e+02,3.2127e+02,3.2127e+02,3.2127e+02,3.2127e+02,3.2128e+02,3.2128e+02,3.2128e+02,3.2128e+02,3.2128e+02,3.2128e+02,3.2128e+02,3.2128e+02,3.2128e+02,3.2128e+02,3.2127e+02,3.2126e+02,3.2125e+02,3.2124e+02,3.2122e+02,3.2120e+02,3.2117e+02,3.2115e+02,3.2113e+02,3.2111e+02,3.2109e+02,3.2108e+02,3.2107e+02,3.2106e+02,3.2106e+02,3.2105e+02,3.2105e+02,3.2105e+02,3.2105e+02,3.2104e+02,3.2104e+02,3.2104e+02,3.2104e+02,3.2104e+02,3.2105e+02,3.2105e+02,3.2105e+02,3.2105e+02,3.2105e+02,3.2106e+02,3.2106e+02,3.2107e+02,3.2107e+02,3.2108e+02,3.2110e+02,3.2111e+02,3.2113e+02,3.2115e+02,3.2117e+02,3.2120e+02,3.2122e+02,3.2124e+02,3.2125e+02,3.2126e+02,3.2126e+02,3.2125e+02,3.2124e+02,3.2123e+02,3.2120e+02,3.2118e+02,3.2114e+02,3.2110e+02,3.2106e+02,3.2101e+02,3.2096e+02,3.2090e+02,3.2084e+02,3.2077e+02,3.2069e+02,3.2061e+02,3.2052e+02,3.2043e+02,3.2033e+02,3.2022e+02,3.2011e+02,3.2001e+02,3.1991e+02,3.1982e+02,3.1974e+02,3.1966e+02,3.1960e+02,3.1953e+02,3.1948e+02,3.1943e+02,3.1938e+02,3.1935e+02,3.1931e+02,3.1929e+02,3.1927e+02,3.1925e+02,3.1924e+02,3.1924e+02,3.2134e+02,3.2134e+02,3.2134e+02,3.2134e+02,3.2134e+02,3.2134e+02,3.2134e+02,3.2134e+02,3.2135e+02,3.2135e+02,3.2135e+02,3.2135e+02,3.2135e+02,3.2135e+02,3.2134e+02,3.2134e+02,3.2134e+02,3.2133e+02,3.2132e+02,3.2131e+02,3.2129e+02,3.2127e+02,3.2125e+02,3.2123e+02,3.2120e+02,3.2117e+02,3.2114e+02,3.2112e+02,3.2110e+02,3.2108e+02,3.2107e+02,3.2106e+02,3.2105e+02,3.2104e+02,3.2104e+02,3.2103e+02,3.2103e+02,3.2103e+02,3.2102e+02,3.2102e+02,3.2102e+02,3.2102e+02,3.2102e+02,3.2102e+02,3.2102e+02,3.2102e+02,3.2103e+02,3.2103e+02,3.2103e+02,3.2104e+02,3.2105e+02,3.2106e+02,3.2107e+02,3.2109e+02,3.2110e+02,3.2113e+02,3.2115e+02,3.2118e+02,3.2120e+02,3.2122e+02,3.2123e+02,3.2124e+02,3.2124e+02,3.2124e+02,3.2123e+02,3.2121e+02,3.2119e+02,3.2116e+02,3.2113e+02,3.2109e+02,3.2105e+02,3.2100e+02,3.2095e+02,3.2089e+02,3.2082e+02,3.2075e+02,3.2068e+02,3.2059e+02,3.2051e+02,3.2041e+02,3.2031e+02,3.2021e+02,3.2010e+02,3.2000e+02,3.1990e+02,3.1981e+02,3.1973e+02,3.1965e+02,3.1958e+02,3.1952e+02,3.1946e+02,3.1941e+02,3.1937e+02,3.1933e+02,3.1930e+02,3.1927e+02,3.1925e+02,3.1923e+02,3.1922e+02,3.1922e+02,3.2141e+02,3.2141e+02,3.2141e+02,3.2141e+02,3.2141e+02,3.2141e+02,3.2141e+02,3.2141e+02,3.2141e+02,3.2141e+02,3.2141e+02,3.2141e+02,3.2141e+02,3.2140e+02,3.2140e+02,3.2139e+02,3.2139e+02,3.2138e+02,3.2136e+02,3.2135e+02,3.2133e+02,3.2131e+02,3.2128e+02,3.2125e+02,3.2122e+02,3.2119e+02,3.2115e+02,3.2113e+02,3.2110e+02,3.2109e+02,3.2107e+02,3.2106e+02,3.2104e+02,3.2103e+02,3.2103e+02,3.2102e+02,3.2101e+02,3.2101e+02,3.2101e+02,3.2100e+02,3.2100e+02,3.2100e+02,3.2100e+02,3.2100e+02,3.2100e+02,3.2100e+02,3.2100e+02,3.2100e+02,3.2101e+02,3.2102e+02,3.2102e+02,3.2103e+02,3.2105e+02,3.2106e+02,3.2108e+02,3.2110e+02,3.2113e+02,3.2115e+02,3.2118e+02,3.2120e+02,3.2121e+02,3.2122e+02,3.2122e+02,3.2122e+02,3.2121e+02,3.2119e+02,3.2117e+02,3.2114e+02,3.2111e+02,3.2107e+02,3.2103e+02,3.2098e+02,3.2093e+02,3.2087e+02,3.2081e+02,3.2074e+02,3.2066e+02,3.2058e+02,3.2049e+02,3.2040e+02,3.2030e+02,3.2019e+02,3.2008e+02,3.1998e+02,3.1988e+02,3.1979e+02,3.1971e+02,3.1963e+02,3.1956e+02,3.1950e+02,3.1944e+02,3.1940e+02,3.1935e+02,3.1931e+02,3.1928e+02,3.1926e+02,3.1923e+02,3.1922e+02,3.1921e+02,3.1920e+02,3.2147e+02,3.2147e+02,3.2147e+02,3.2147e+02,3.2147e+02,3.2147e+02,3.2147e+02,3.2147e+02,3.2147e+02,3.2147e+02,3.2146e+02,3.2146e+02,3.2146e+02,3.2145e+02,3.2145e+02,3.2144e+02,3.2143e+02,3.2142e+02,3.2140e+02,3.2139e+02,3.2137e+02,3.2134e+02,3.2131e+02,3.2128e+02,3.2124e+02,3.2120e+02,3.2117e+02,3.2114e+02,3.2111e+02,3.2109e+02,3.2107e+02,3.2106e+02,3.2104e+02,3.2103e+02,3.2102e+02,3.2101e+02,3.2100e+02,3.2100e+02,3.2099e+02,3.2099e+02,3.2099e+02,3.2098e+02,3.2098e+02,3.2098e+02,3.2098e+02,3.2098e+02,3.2098e+02,3.2098e+02,3.2099e+02,3.2099e+02,3.2100e+02,3.2101e+02,3.2102e+02,3.2104e+02,3.2106e+02,3.2108e+02,3.2111e+02,3.2113e+02,3.2116e+02,3.2118e+02,3.2119e+02,3.2120e+02,3.2120e+02,3.2120e+02,3.2119e+02,3.2117e+02,3.2115e+02,3.2112e+02,3.2109e+02,3.2105e+02,3.2101e+02,3.2096e+02,3.2091e+02,3.2085e+02,3.2079e+02,3.2072e+02,3.2064e+02,3.2056e+02,3.2047e+02,3.2038e+02,3.2028e+02,3.2017e+02,3.2007e+02,3.1996e+02,3.1987e+02,3.1978e+02,3.1969e+02,3.1962e+02,3.1955e+02,3.1948e+02,3.1943e+02,3.1938e+02,3.1933e+02,3.1930e+02,3.1927e+02,3.1924e+02,3.1922e+02,3.1920e+02,3.1919e+02,3.1919e+02,3.2153e+02,3.2153e+02,3.2152e+02,3.2152e+02,3.2152e+02,3.2152e+02,3.2152e+02,3.2152e+02,3.2152e+02,3.2152e+02,3.2151e+02,3.2151e+02,3.2151e+02,3.2150e+02,3.2149e+02,3.2148e+02,3.2147e+02,3.2146e+02,3.2144e+02,3.2142e+02,3.2140e+02,3.2137e+02,3.2134e+02,3.2130e+02,3.2126e+02,3.2122e+02,3.2118e+02,3.2115e+02,3.2112e+02,3.2110e+02,3.2108e+02,3.2106e+02,3.2104e+02,3.2103e+02,3.2102e+02,3.2101e+02,3.2100e+02,3.2099e+02,3.2098e+02,3.2098e+02,3.2097e+02,3.2097e+02,3.2097e+02,3.2096e+02,3.2096e+02,3.2096e+02,3.2096e+02,3.2097e+02,3.2097e+02,3.2097e+02,3.2098e+02,3.2099e+02,3.2100e+02,3.2102e+02,3.2104e+02,3.2106e+02,3.2108e+02,3.2111e+02,3.2114e+02,3.2115e+02,3.2117e+02,3.2118e+02,3.2118e+02,3.2117e+02,3.2116e+02,3.2115e+02,3.2113e+02,3.2110e+02,3.2107e+02,3.2103e+02,3.2099e+02,3.2094e+02,3.2089e+02,3.2083e+02,3.2077e+02,3.2070e+02,3.2062e+02,3.2054e+02,3.2045e+02,3.2036e+02,3.2026e+02,3.2015e+02,3.2005e+02,3.1994e+02,3.1985e+02,3.1976e+02,3.1967e+02,3.1960e+02,3.1953e+02,3.1947e+02,3.1941e+02,3.1936e+02,3.1932e+02,3.1928e+02,3.1925e+02,3.1922e+02,3.1920e+02,3.1919e+02,3.1918e+02,3.1917e+02,3.2158e+02,3.2158e+02,3.2157e+02,3.2157e+02,3.2157e+02,3.2157e+02,3.2157e+02,3.2157e+02,3.2157e+02,3.2156e+02,3.2156e+02,3.2155e+02,3.2155e+02,3.2154e+02,3.2153e+02,3.2152e+02,3.2151e+02,3.2149e+02,3.2147e+02,3.2145e+02,3.2142e+02,3.2139e+02,3.2136e+02,3.2132e+02,3.2128e+02,3.2124e+02,3.2120e+02,3.2116e+02,3.2113e+02,3.2111e+02,3.2108e+02,3.2106e+02,3.2104e+02,3.2103e+02,3.2101e+02,3.2100e+02,3.2099e+02,3.2098e+02,3.2098e+02,3.2097e+02,3.2096e+02,3.2096e+02,3.2095e+02,3.2095e+02,3.2095e+02,3.2095e+02,3.2095e+02,3.2095e+02,3.2095e+02,3.2096e+02,3.2096e+02,3.2097e+02,3.2098e+02,3.2100e+02,3.2102e+02,3.2104e+02,3.2106e+02,3.2109e+02,3.2111e+02,3.2113e+02,3.2114e+02,3.2115e+02,3.2115e+02,3.2115e+02,3.2114e+02,3.2112e+02,3.2110e+02,3.2107e+02,3.2104e+02,3.2100e+02,3.2096e+02,3.2091e+02,3.2086e+02,3.2080e+02,3.2074e+02,3.2067e+02,3.2060e+02,3.2051e+02,3.2043e+02,3.2033e+02,3.2024e+02,3.2013e+02,3.2003e+02,3.1992e+02,3.1983e+02,3.1974e+02,3.1966e+02,3.1958e+02,3.1951e+02,3.1945e+02,3.1939e+02,3.1934e+02,3.1930e+02,3.1926e+02,3.1923e+02,3.1921e+02,3.1918e+02,3.1917e+02,3.1916e+02,3.1915e+02,3.2162e+02,3.2162e+02,3.2162e+02,3.2162e+02,3.2162e+02,3.2162e+02,3.2161e+02,3.2161e+02,3.2161e+02,3.2160e+02,3.2160e+02,3.2159e+02,3.2158e+02,3.2158e+02,3.2157e+02,3.2155e+02,3.2154e+02,3.2152e+02,3.2150e+02,3.2148e+02,3.2145e+02,3.2142e+02,3.2138e+02,3.2134e+02,3.2130e+02,3.2125e+02,3.2121e+02,3.2118e+02,3.2114e+02,3.2111e+02,3.2109e+02,3.2107e+02,3.2105e+02,3.2103e+02,3.2102e+02,3.2100e+02,3.2099e+02,3.2098e+02,3.2097e+02,3.2096e+02,3.2096e+02,3.2095e+02,3.2095e+02,3.2094e+02,3.2094e+02,3.2094e+02,3.2093e+02,3.2094e+02,3.2094e+02,3.2094e+02,3.2095e+02,3.2096e+02,3.2097e+02,3.2098e+02,3.2100e+02,3.2102e+02,3.2104e+02,3.2106e+02,3.2109e+02,3.2110e+02,3.2112e+02,3.2112e+02,3.2112e+02,3.2112e+02,3.2111e+02,3.2109e+02,3.2107e+02,3.2104e+02,3.2101e+02,3.2097e+02,3.2093e+02,3.2088e+02,3.2083e+02,3.2077e+02,3.2071e+02,3.2064e+02,3.2057e+02,3.2049e+02,3.2040e+02,3.2031e+02,3.2021e+02,3.2011e+02,3.2000e+02,3.1990e+02,3.1980e+02,3.1972e+02,3.1963e+02,3.1956e+02,3.1949e+02,3.1943e+02,3.1937e+02,3.1932e+02,3.1928e+02,3.1924e+02,3.1921e+02,3.1919e+02,3.1917e+02,3.1915e+02,3.1914e+02,3.1914e+02,3.2166e+02,3.2166e+02,3.2166e+02,3.2166e+02,3.2166e+02,3.2165e+02,3.2165e+02,3.2165e+02,3.2164e+02,3.2164e+02,3.2163e+02,3.2163e+02,3.2162e+02,3.2161e+02,3.2160e+02,3.2158e+02,3.2157e+02,3.2155e+02,3.2153e+02,3.2150e+02,3.2147e+02,3.2144e+02,3.2140e+02,3.2136e+02,3.2131e+02,3.2127e+02,3.2123e+02,3.2119e+02,3.2115e+02,3.2112e+02,3.2110e+02,3.2107e+02,3.2105e+02,3.2103e+02,3.2102e+02,3.2100e+02,3.2099e+02,3.2098e+02,3.2097e+02,3.2096e+02,3.2095e+02,3.2094e+02,3.2094e+02,3.2093e+02,3.2093e+02,3.2092e+02,3.2092e+02,3.2092e+02,3.2092e+02,3.2093e+02,3.2093e+02,3.2094e+02,3.2095e+02,3.2096e+02,3.2097e+02,3.2099e+02,3.2101e+02,3.2104e+02,3.2106e+02,3.2108e+02,3.2109e+02,3.2109e+02,3.2109e+02,3.2109e+02,3.2107e+02,3.2106e+02,3.2104e+02,3.2101e+02,3.2098e+02,3.2094e+02,3.2090e+02,3.2085e+02,3.2080e+02,3.2074e+02,3.2068e+02,3.2061e+02,3.2054e+02,3.2046e+02,3.2037e+02,3.2028e+02,3.2018e+02,3.2008e+02,3.1998e+02,3.1988e+02,3.1978e+02,3.1969e+02,3.1961e+02,3.1954e+02,3.1947e+02,3.1941e+02,3.1935e+02,3.1931e+02,3.1926e+02,3.1923e+02,3.1920e+02,3.1917e+02,3.1915e+02,3.1913e+02,3.1912e+02,3.1912e+02,3.2170e+02,3.2169e+02,3.2169e+02,3.2169e+02,3.2169e+02,3.2169e+02,3.2168e+02,3.2168e+02,3.2168e+02,3.2167e+02,3.2166e+02,3.2166e+02,3.2165e+02,3.2164e+02,3.2162e+02,3.2161e+02,3.2159e+02,3.2157e+02,3.2155e+02,3.2152e+02,3.2149e+02,3.2146e+02,3.2142e+02,3.2137e+02,3.2133e+02,3.2128e+02,3.2124e+02,3.2120e+02,3.2116e+02,3.2113e+02,3.2110e+02,3.2108e+02,3.2105e+02,3.2103e+02,3.2102e+02,3.2100e+02,3.2099e+02,3.2097e+02,3.2096e+02,3.2095e+02,3.2094e+02,3.2093e+02,3.2093e+02,3.2092e+02,3.2092e+02,3.2091e+02,3.2091e+02,3.2091e+02,3.2091e+02,3.2091e+02,3.2091e+02,3.2092e+02,3.2093e+02,3.2094e+02,3.2095e+02,3.2097e+02,3.2099e+02,3.2101e+02,3.2103e+02,3.2105e+02,3.2106e+02,3.2106e+02,3.2106e+02,3.2105e+02,3.2104e+02,3.2102e+02,3.2100e+02,3.2097e+02,3.2094e+02,3.2090e+02,3.2086e+02,3.2081e+02,3.2076e+02,3.2071e+02,3.2064e+02,3.2058e+02,3.2050e+02,3.2042e+02,3.2034e+02,3.2025e+02,3.2015e+02,3.2005e+02,3.1995e+02,3.1985e+02,3.1975e+02,3.1967e+02,3.1959e+02,3.1951e+02,3.1945e+02,3.1939e+02,3.1933e+02,3.1928e+02,3.1924e+02,3.1921e+02,3.1918e+02,3.1915e+02,3.1913e+02,3.1912e+02,3.1911e+02,3.1910e+02,3.2173e+02,3.2173e+02,3.2172e+02,3.2172e+02,3.2172e+02,3.2172e+02,3.2171e+02,3.2171e+02,3.2170e+02,3.2170e+02,3.2169e+02,3.2168e+02,3.2167e+02,3.2166e+02,3.2165e+02,3.2163e+02,3.2161e+02,3.2159e+02,3.2157e+02,3.2154e+02,3.2151e+02,3.2147e+02,3.2143e+02,3.2139e+02,3.2134e+02,3.2129e+02,3.2125e+02,3.2121e+02,3.2117e+02,3.2114e+02,3.2111e+02,3.2108e+02,3.2106e+02,3.2103e+02,3.2102e+02,3.2100e+02,3.2098e+02,3.2097e+02,3.2096e+02,3.2094e+02,3.2093e+02,3.2093e+02,3.2092e+02,3.2091e+02,3.2090e+02,3.2090e+02,3.2089e+02,3.2089e+02,3.2089e+02,3.2089e+02,3.2089e+02,3.2090e+02,3.2090e+02,3.2091e+02,3.2093e+02,3.2094e+02,3.2096e+02,3.2098e+02,3.2100e+02,3.2101e+02,3.2102e+02,3.2102e+02,3.2102e+02,3.2101e+02,3.2100e+02,3.2098e+02,3.2096e+02,3.2093e+02,3.2090e+02,3.2086e+02,3.2082e+02,3.2077e+02,3.2072e+02,3.2067e+02,3.2060e+02,3.2054e+02,3.2047e+02,3.2039e+02,3.2030e+02,3.2021e+02,3.2012e+02,3.2002e+02,3.1992e+02,3.1982e+02,3.1973e+02,3.1964e+02,3.1956e+02,3.1949e+02,3.1942e+02,3.1936e+02,3.1931e+02,3.1926e+02,3.1922e+02,3.1919e+02,3.1916e+02,3.1913e+02,3.1911e+02,3.1910e+02,3.1909e+02,3.1908e+02,3.2175e+02,3.2175e+02,3.2175e+02,3.2175e+02,3.2175e+02,3.2174e+02,3.2174e+02,3.2173e+02,3.2173e+02,3.2172e+02,3.2171e+02,3.2170e+02,3.2169e+02,3.2168e+02,3.2166e+02,3.2165e+02,3.2163e+02,3.2161e+02,3.2158e+02,3.2155e+02,3.2152e+02,3.2148e+02,3.2144e+02,3.2140e+02,3.2135e+02,3.2130e+02,3.2125e+02,3.2121e+02,3.2117e+02,3.2114e+02,3.2111e+02,3.2108e+02,3.2105e+02,3.2103e+02,3.2101e+02,3.2099e+02,3.2098e+02,3.2096e+02,3.2095e+02,3.2094e+02,3.2092e+02,3.2091e+02,3.2090e+02,3.2090e+02,3.2089e+02,3.2088e+02,3.2088e+02,3.2087e+02,3.2087e+02,3.2087e+02,3.2087e+02,3.2087e+02,3.2088e+02,3.2088e+02,3.2090e+02,3.2091e+02,3.2092e+02,3.2094e+02,3.2096e+02,3.2097e+02,3.2098e+02,3.2098e+02,3.2098e+02,3.2097e+02,3.2095e+02,3.2093e+02,3.2091e+02,3.2088e+02,3.2085e+02,3.2081e+02,3.2077e+02,3.2073e+02,3.2068e+02,3.2062e+02,3.2056e+02,3.2049e+02,3.2042e+02,3.2035e+02,3.2026e+02,3.2018e+02,3.2008e+02,3.1998e+02,3.1988e+02,3.1979e+02,3.1970e+02,3.1961e+02,3.1953e+02,3.1946e+02,3.1940e+02,3.1934e+02,3.1929e+02,3.1924e+02,3.1920e+02,3.1917e+02,3.1914e+02,3.1911e+02,3.1909e+02,3.1908e+02,3.1907e+02,3.1907e+02,3.2178e+02,3.2178e+02,3.2177e+02,3.2177e+02,3.2177e+02,3.2177e+02,3.2176e+02,3.2176e+02,3.2175e+02,3.2174e+02,3.2173e+02,3.2172e+02,3.2171e+02,3.2170e+02,3.2168e+02,3.2166e+02,3.2164e+02,3.2162e+02,3.2159e+02,3.2156e+02,3.2153e+02,3.2149e+02,3.2145e+02,3.2140e+02,3.2135e+02,3.2130e+02,3.2125e+02,3.2121e+02,3.2117e+02,3.2114e+02,3.2110e+02,3.2108e+02,3.2105e+02,3.2103e+02,3.2100e+02,3.2098e+02,3.2097e+02,3.2095e+02,3.2094e+02,3.2092e+02,3.2091e+02,3.2090e+02,3.2089e+02,3.2088e+02,3.2087e+02,3.2086e+02,3.2085e+02,3.2085e+02,3.2084e+02,3.2084e+02,3.2084e+02,3.2084e+02,3.2085e+02,3.2085e+02,3.2086e+02,3.2087e+02,3.2089e+02,3.2090e+02,3.2092e+02,3.2093e+02,3.2093e+02,3.2093e+02,3.2093e+02,3.2092e+02,3.2090e+02,3.2088e+02,3.2086e+02,3.2083e+02,3.2080e+02,3.2076e+02,3.2072e+02,3.2068e+02,3.2063e+02,3.2057e+02,3.2051e+02,3.2045e+02,3.2038e+02,3.2030e+02,3.2022e+02,3.2013e+02,3.2004e+02,3.1995e+02,3.1985e+02,3.1975e+02,3.1966e+02,3.1958e+02,3.1950e+02,3.1943e+02,3.1937e+02,3.1931e+02,3.1926e+02,3.1922e+02,3.1918e+02,3.1915e+02,3.1912e+02,3.1909e+02,3.1907e+02,3.1906e+02,3.1905e+02,3.1905e+02,3.2180e+02,3.2179e+02,3.2179e+02,3.2179e+02,3.2179e+02,3.2178e+02,3.2178e+02,3.2177e+02,3.2177e+02,3.2176e+02,3.2175e+02,3.2174e+02,3.2172e+02,3.2171e+02,3.2169e+02,3.2167e+02,3.2165e+02,3.2163e+02,3.2160e+02,3.2157e+02,3.2153e+02,3.2149e+02,3.2145e+02,3.2140e+02,3.2135e+02,3.2130e+02,3.2125e+02,3.2121e+02,3.2117e+02,3.2113e+02,3.2110e+02,3.2107e+02,3.2104e+02,3.2101e+02,3.2099e+02,3.2097e+02,3.2095e+02,3.2093e+02,3.2092e+02,3.2090e+02,3.2089e+02,3.2088e+02,3.2086e+02,3.2085e+02,3.2084e+02,3.2084e+02,3.2083e+02,3.2082e+02,3.2082e+02,3.2081e+02,3.2081e+02,3.2081e+02,3.2081e+02,3.2081e+02,3.2082e+02,3.2083e+02,3.2084e+02,3.2086e+02,3.2087e+02,3.2088e+02,3.2088e+02,3.2088e+02,3.2087e+02,3.2086e+02,3.2085e+02,3.2083e+02,3.2080e+02,3.2077e+02,3.2074e+02,3.2071e+02,3.2066e+02,3.2062e+02,3.2057e+02,3.2052e+02,3.2046e+02,3.2039e+02,3.2033e+02,3.2025e+02,3.2017e+02,3.2009e+02,3.2000e+02,3.1991e+02,3.1981e+02,3.1972e+02,3.1963e+02,3.1955e+02,3.1947e+02,3.1941e+02,3.1934e+02,3.1929e+02,3.1924e+02,3.1919e+02,3.1916e+02,3.1912e+02,3.1910e+02,3.1907e+02,3.1905e+02,3.1904e+02,3.1903e+02,3.1903e+02,3.2181e+02,3.2181e+02,3.2181e+02,3.2181e+02,3.2180e+02,3.2180e+02,3.2179e+02,3.2179e+02,3.2178e+02,3.2177e+02,3.2176e+02,3.2175e+02,3.2173e+02,3.2172e+02,3.2170e+02,3.2168e+02,3.2166e+02,3.2163e+02,3.2160e+02,3.2157e+02,3.2153e+02,3.2149e+02,3.2145e+02,3.2140e+02,3.2135e+02,3.2130e+02,3.2125e+02,3.2120e+02,3.2116e+02,3.2112e+02,3.2109e+02,3.2105e+02,3.2103e+02,3.2100e+02,3.2097e+02,3.2095e+02,3.2093e+02,3.2091e+02,3.2090e+02,3.2088e+02,3.2087e+02,3.2085e+02,3.2084e+02,3.2083e+02,3.2082e+02,3.2081e+02,3.2080e+02,3.2079e+02,3.2078e+02,3.2078e+02,3.2077e+02,3.2077e+02,3.2077e+02,3.2077e+02,3.2078e+02,3.2078e+02,3.2079e+02,3.2081e+02,3.2082e+02,3.2082e+02,3.2082e+02,3.2082e+02,3.2081e+02,3.2080e+02,3.2078e+02,3.2076e+02,3.2074e+02,3.2071e+02,3.2068e+02,3.2064e+02,3.2060e+02,3.2056e+02,3.2051e+02,3.2046e+02,3.2040e+02,3.2034e+02,3.2027e+02,3.2020e+02,3.2012e+02,3.2004e+02,3.1995e+02,3.1986e+02,3.1977e+02,3.1968e+02,3.1959e+02,3.1951e+02,3.1944e+02,3.1937e+02,3.1931e+02,3.1926e+02,3.1921e+02,3.1917e+02,3.1913e+02,3.1910e+02,3.1907e+02,3.1905e+02,3.1903e+02,3.1902e+02,3.1901e+02,3.1901e+02,3.2182e+02,3.2182e+02,3.2182e+02,3.2182e+02,3.2181e+02,3.2181e+02,3.2180e+02,3.2180e+02,3.2179e+02,3.2178e+02,3.2177e+02,3.2176e+02,3.2174e+02,3.2172e+02,3.2171e+02,3.2168e+02,3.2166e+02,3.2163e+02,3.2160e+02,3.2157e+02,3.2153e+02,3.2149e+02,3.2144e+02,3.2139e+02,3.2134e+02,3.2129e+02,3.2124e+02,3.2119e+02,3.2114e+02,3.2110e+02,3.2107e+02,3.2104e+02,3.2101e+02,3.2098e+02,3.2095e+02,3.2093e+02,3.2091e+02,3.2089e+02,3.2087e+02,3.2085e+02,3.2084e+02,3.2082e+02,3.2081e+02,3.2079e+02,3.2078e+02,3.2077e+02,3.2076e+02,3.2075e+02,3.2074e+02,3.2073e+02,3.2073e+02,3.2073e+02,3.2072e+02,3.2072e+02,3.2073e+02,3.2073e+02,3.2074e+02,3.2075e+02,3.2076e+02,3.2076e+02,3.2076e+02,3.2076e+02,3.2075e+02,3.2073e+02,3.2072e+02,3.2069e+02,3.2067e+02,3.2064e+02,3.2061e+02,3.2057e+02,3.2053e+02,3.2049e+02,3.2044e+02,3.2039e+02,3.2033e+02,3.2027e+02,3.2021e+02,3.2014e+02,3.2006e+02,3.1998e+02,3.1990e+02,3.1981e+02,3.1972e+02,3.1963e+02,3.1955e+02,3.1947e+02,3.1941e+02,3.1934e+02,3.1928e+02,3.1923e+02,3.1919e+02,3.1915e+02,3.1911e+02,3.1908e+02,3.1905e+02,3.1903e+02,3.1901e+02,3.1900e+02,3.1899e+02,3.1899e+02,3.2183e+02,3.2183e+02,3.2183e+02,3.2183e+02,3.2182e+02,3.2182e+02,3.2181e+02,3.2181e+02,3.2180e+02,3.2179e+02,3.2177e+02,3.2176e+02,3.2175e+02,3.2173e+02,3.2171e+02,3.2169e+02,3.2166e+02,3.2163e+02,3.2160e+02,3.2157e+02,3.2153e+02,3.2148e+02,3.2144e+02,3.2138e+02,3.2133e+02,3.2127e+02,3.2122e+02,3.2117e+02,3.2113e+02,3.2108e+02,3.2105e+02,3.2101e+02,3.2098e+02,3.2095e+02,3.2092e+02,3.2090e+02,3.2088e+02,3.2086e+02,3.2084e+02,3.2082e+02,3.2080e+02,3.2078e+02,3.2077e+02,3.2076e+02,3.2074e+02,3.2073e+02,3.2072e+02,3.2071e+02,3.2070e+02,3.2069e+02,3.2068e+02,3.2068e+02,3.2067e+02,3.2067e+02,3.2067e+02,3.2067e+02,3.2068e+02,3.2068e+02,3.2069e+02,3.2069e+02,3.2069e+02,3.2068e+02,3.2067e+02,3.2066e+02,3.2064e+02,3.2062e+02,3.2059e+02,3.2056e+02,3.2053e+02,3.2049e+02,3.2046e+02,3.2041e+02,3.2037e+02,3.2032e+02,3.2026e+02,3.2020e+02,3.2014e+02,3.2007e+02,3.2000e+02,3.1993e+02,3.1984e+02,3.1976e+02,3.1967e+02,3.1959e+02,3.1951e+02,3.1944e+02,3.1937e+02,3.1931e+02,3.1925e+02,3.1920e+02,3.1916e+02,3.1912e+02,3.1908e+02,3.1906e+02,3.1903e+02,3.1901e+02,3.1899e+02,3.1898e+02,3.1897e+02,3.1897e+02,3.2184e+02,3.2184e+02,3.2184e+02,3.2183e+02,3.2183e+02,3.2182e+02,3.2182e+02,3.2181e+02,3.2180e+02,3.2179e+02,3.2178e+02,3.2176e+02,3.2175e+02,3.2173e+02,3.2171e+02,3.2168e+02,3.2166e+02,3.2163e+02,3.2160e+02,3.2156e+02,3.2152e+02,3.2147e+02,3.2142e+02,3.2137e+02,3.2131e+02,3.2125e+02,3.2120e+02,3.2115e+02,3.2110e+02,3.2106e+02,3.2102e+02,3.2098e+02,3.2095e+02,3.2092e+02,3.2089e+02,3.2087e+02,3.2084e+02,3.2082e+02,3.2080e+02,3.2078e+02,3.2076e+02,3.2074e+02,3.2073e+02,3.2071e+02,3.2070e+02,3.2068e+02,3.2067e+02,3.2066e+02,3.2065e+02,3.2064e+02,3.2063e+02,3.2062e+02,3.2061e+02,3.2061e+02,3.2061e+02,3.2061e+02,3.2061e+02,3.2061e+02,3.2062e+02,3.2062e+02,3.2061e+02,3.2060e+02,3.2059e+02,3.2058e+02,3.2056e+02,3.2053e+02,3.2051e+02,3.2048e+02,3.2045e+02,3.2041e+02,3.2037e+02,3.2033e+02,3.2028e+02,3.2024e+02,3.2018e+02,3.2013e+02,3.2007e+02,3.2000e+02,3.1993e+02,3.1986e+02,3.1978e+02,3.1970e+02,3.1962e+02,3.1954e+02,3.1946e+02,3.1939e+02,3.1933e+02,3.1927e+02,3.1922e+02,3.1917e+02,3.1913e+02,3.1909e+02,3.1906e+02,3.1903e+02,3.1901e+02,3.1899e+02,3.1897e+02,3.1896e+02,3.1895e+02,3.1895e+02,3.2184e+02,3.2184e+02,3.2184e+02,3.2184e+02,3.2183e+02,3.2183e+02,3.2182e+02,3.2181e+02,3.2180e+02,3.2179e+02,3.2178e+02,3.2176e+02,3.2175e+02,3.2173e+02,3.2170e+02,3.2168e+02,3.2165e+02,3.2162e+02,3.2159e+02,3.2155e+02,3.2151e+02,3.2146e+02,3.2141e+02,3.2135e+02,3.2129e+02,3.2123e+02,3.2118e+02,3.2112e+02,3.2108e+02,3.2103e+02,3.2099e+02,3.2095e+02,3.2092e+02,3.2088e+02,3.2086e+02,3.2083e+02,3.2080e+02,3.2078e+02,3.2076e+02,3.2074e+02,3.2072e+02,3.2070e+02,3.2068e+02,3.2066e+02,3.2065e+02,3.2063e+02,3.2062e+02,3.2061e+02,3.2059e+02,3.2058e+02,3.2057e+02,3.2056e+02,3.2055e+02,3.2055e+02,3.2054e+02,3.2054e+02,3.2054e+02,3.2054e+02,3.2054e+02,3.2054e+02,3.2053e+02,3.2052e+02,3.2050e+02,3.2049e+02,3.2047e+02,3.2044e+02,3.2041e+02,3.2039e+02,3.2035e+02,3.2032e+02,3.2028e+02,3.2024e+02,3.2020e+02,3.2015e+02,3.2010e+02,3.2005e+02,3.1999e+02,3.1993e+02,3.1986e+02,3.1979e+02,3.1972e+02,3.1964e+02,3.1956e+02,3.1949e+02,3.1942e+02,3.1935e+02,3.1929e+02,3.1924e+02,3.1919e+02,3.1914e+02,3.1910e+02,3.1907e+02,3.1903e+02,3.1901e+02,3.1898e+02,3.1897e+02,3.1895e+02,3.1894e+02,3.1893e+02,3.1893e+02,3.2184e+02,3.2184e+02,3.2184e+02,3.2184e+02,3.2183e+02,3.2183e+02,3.2182e+02,3.2181e+02,3.2180e+02,3.2179e+02,3.2178e+02,3.2176e+02,3.2174e+02,3.2172e+02,3.2170e+02,3.2167e+02,3.2164e+02,3.2161e+02,3.2158e+02,3.2154e+02,3.2149e+02,3.2144e+02,3.2139e+02,3.2133e+02,3.2127e+02,3.2121e+02,3.2115e+02,3.2109e+02,3.2104e+02,3.2100e+02,3.2095e+02,3.2091e+02,3.2088e+02,3.2085e+02,3.2081e+02,3.2079e+02,3.2076e+02,3.2073e+02,3.2071e+02,3.2069e+02,3.2067e+02,3.2065e+02,3.2063e+02,3.2061e+02,3.2060e+02,3.2058e+02,3.2056e+02,3.2055e+02,3.2054e+02,3.2052e+02,3.2051e+02,3.2050e+02,3.2049e+02,3.2048e+02,3.2047e+02,3.2046e+02,3.2046e+02,3.2046e+02,3.2045e+02,3.2045e+02,3.2044e+02,3.2042e+02,3.2041e+02,3.2039e+02,3.2037e+02,3.2034e+02,3.2032e+02,3.2029e+02,3.2025e+02,3.2022e+02,3.2018e+02,3.2014e+02,3.2010e+02,3.2006e+02,3.2001e+02,3.1996e+02,3.1990e+02,3.1984e+02,3.1978e+02,3.1972e+02,3.1965e+02,3.1958e+02,3.1950e+02,3.1943e+02,3.1937e+02,3.1931e+02,3.1925e+02,3.1920e+02,3.1915e+02,3.1911e+02,3.1907e+02,3.1904e+02,3.1901e+02,3.1898e+02,3.1896e+02,3.1894e+02,3.1893e+02,3.1892e+02,3.1891e+02,3.1891e+02,3.2184e+02,3.2184e+02,3.2184e+02,3.2184e+02,3.2183e+02,3.2182e+02,3.2182e+02,3.2181e+02,3.2180e+02,3.2178e+02,3.2177e+02,3.2175e+02,3.2174e+02,3.2171e+02,3.2169e+02,3.2166e+02,3.2163e+02,3.2160e+02,3.2156e+02,3.2152e+02,3.2147e+02,3.2142e+02,3.2137e+02,3.2131e+02,3.2124e+02,3.2118e+02,3.2112e+02,3.2106e+02,3.2101e+02,3.2096e+02,3.2092e+02,3.2088e+02,3.2084e+02,3.2080e+02,3.2077e+02,3.2074e+02,3.2071e+02,3.2069e+02,3.2066e+02,3.2064e+02,3.2062e+02,3.2060e+02,3.2058e+02,3.2056e+02,3.2054e+02,3.2052e+02,3.2051e+02,3.2049e+02,3.2048e+02,3.2046e+02,3.2045e+02,3.2043e+02,3.2042e+02,3.2041e+02,3.2040e+02,3.2039e+02,3.2038e+02,3.2037e+02,3.2036e+02,3.2035e+02,3.2034e+02,3.2033e+02,3.2031e+02,3.2029e+02,3.2026e+02,3.2024e+02,3.2021e+02,3.2018e+02,3.2015e+02,3.2012e+02,3.2008e+02,3.2004e+02,3.2000e+02,3.1996e+02,3.1991e+02,3.1986e+02,3.1981e+02,3.1976e+02,3.1970e+02,3.1964e+02,3.1957e+02,3.1951e+02,3.1944e+02,3.1938e+02,3.1932e+02,3.1926e+02,3.1921e+02,3.1916e+02,3.1912e+02,3.1908e+02,3.1904e+02,3.1901e+02,3.1898e+02,3.1896e+02,3.1894e+02,3.1892e+02,3.1891e+02,3.1890e+02,3.1889e+02,3.1889e+02,3.2184e+02,3.2184e+02,3.2183e+02,3.2183e+02,3.2183e+02,3.2182e+02,3.2181e+02,3.2180e+02,3.2179e+02,3.2178e+02,3.2176e+02,3.2175e+02,3.2173e+02,3.2170e+02,3.2168e+02,3.2165e+02,3.2162e+02,3.2158e+02,3.2155e+02,3.2150e+02,3.2146e+02,3.2140e+02,3.2135e+02,3.2128e+02,3.2122e+02,3.2115e+02,3.2109e+02,3.2103e+02,3.2097e+02,3.2092e+02,3.2088e+02,3.2083e+02,3.2080e+02,3.2076e+02,3.2073e+02,3.2069e+02,3.2067e+02,3.2064e+02,3.2061e+02,3.2059e+02,3.2057e+02,3.2055e+02,3.2052e+02,3.2050e+02,3.2049e+02,3.2047e+02,3.2045e+02,3.2043e+02,3.2041e+02,3.2040e+02,3.2038e+02,3.2037e+02,3.2035e+02,3.2034e+02,3.2033e+02,3.2031e+02,3.2030e+02,3.2029e+02,3.2027e+02,3.2026e+02,3.2024e+02,3.2023e+02,3.2021e+02,3.2018e+02,3.2016e+02,3.2013e+02,3.2011e+02,3.2008e+02,3.2005e+02,3.2001e+02,3.1998e+02,3.1994e+02,3.1990e+02,3.1986e+02,3.1981e+02,3.1977e+02,3.1972e+02,3.1967e+02,3.1962e+02,3.1956e+02,3.1950e+02,3.1944e+02,3.1938e+02,3.1933e+02,3.1927e+02,3.1922e+02,3.1917e+02,3.1913e+02,3.1909e+02,3.1905e+02,3.1902e+02,3.1899e+02,3.1896e+02,3.1894e+02,3.1892e+02,3.1890e+02,3.1889e+02,3.1888e+02,3.1887e+02,3.1887e+02,3.2183e+02,3.2183e+02,3.2183e+02,3.2182e+02,3.2182e+02,3.2181e+02,3.2180e+02,3.2179e+02,3.2178e+02,3.2177e+02,3.2175e+02,3.2173e+02,3.2171e+02,3.2169e+02,3.2166e+02,3.2164e+02,3.2160e+02,3.2157e+02,3.2153e+02,3.2148e+02,3.2143e+02,3.2138e+02,3.2132e+02,3.2126e+02,3.2119e+02,3.2112e+02,3.2105e+02,3.2099e+02,3.2094e+02,3.2088e+02,3.2084e+02,3.2079e+02,3.2075e+02,3.2071e+02,3.2068e+02,3.2065e+02,3.2062e+02,3.2059e+02,3.2056e+02,3.2054e+02,3.2051e+02,3.2049e+02,3.2047e+02,3.2045e+02,3.2043e+02,3.2041e+02,3.2039e+02,3.2037e+02,3.2035e+02,3.2034e+02,3.2032e+02,3.2030e+02,3.2029e+02,3.2027e+02,3.2025e+02,3.2024e+02,3.2022e+02,3.2021e+02,3.2019e+02,3.2017e+02,3.2015e+02,3.2013e+02,3.2011e+02,3.2009e+02,3.2006e+02,3.2004e+02,3.2001e+02,3.1998e+02,3.1995e+02,3.1992e+02,3.1988e+02,3.1984e+02,3.1981e+02,3.1977e+02,3.1972e+02,3.1968e+02,3.1963e+02,3.1959e+02,3.1954e+02,3.1949e+02,3.1943e+02,3.1938e+02,3.1933e+02,3.1927e+02,3.1922e+02,3.1918e+02,3.1913e+02,3.1909e+02,3.1905e+02,3.1902e+02,3.1899e+02,3.1896e+02,3.1894e+02,3.1891e+02,3.1890e+02,3.1888e+02,3.1887e+02,3.1886e+02,3.1885e+02,3.1885e+02,3.2182e+02,3.2182e+02,3.2181e+02,3.2181e+02,3.2180e+02,3.2180e+02,3.2179e+02,3.2178e+02,3.2177e+02,3.2175e+02,3.2174e+02,3.2172e+02,3.2170e+02,3.2167e+02,3.2165e+02,3.2162e+02,3.2158e+02,3.2155e+02,3.2151e+02,3.2146e+02,3.2141e+02,3.2135e+02,3.2129e+02,3.2123e+02,3.2116e+02,3.2109e+02,3.2102e+02,3.2096e+02,3.2090e+02,3.2085e+02,3.2080e+02,3.2075e+02,3.2071e+02,3.2067e+02,3.2063e+02,3.2060e+02,3.2057e+02,3.2054e+02,3.2051e+02,3.2049e+02,3.2046e+02,3.2044e+02,3.2042e+02,3.2040e+02,3.2037e+02,3.2035e+02,3.2033e+02,3.2031e+02,3.2029e+02,3.2028e+02,3.2026e+02,3.2024e+02,3.2022e+02,3.2020e+02,3.2018e+02,3.2016e+02,3.2015e+02,3.2013e+02,3.2011e+02,3.2009e+02,3.2007e+02,3.2004e+02,3.2002e+02,3.2000e+02,3.1997e+02,3.1994e+02,3.1992e+02,3.1989e+02,3.1986e+02,3.1982e+02,3.1979e+02,3.1976e+02,3.1972e+02,3.1968e+02,3.1964e+02,3.1960e+02,3.1956e+02,3.1951e+02,3.1947e+02,3.1942e+02,3.1937e+02,3.1932e+02,3.1927e+02,3.1922e+02,3.1918e+02,3.1913e+02,3.1909e+02,3.1906e+02,3.1902e+02,3.1899e+02,3.1896e+02,3.1893e+02,3.1891e+02,3.1889e+02,3.1887e+02,3.1886e+02,3.1885e+02,3.1884e+02,3.1884e+02,3.1883e+02,3.2180e+02,3.2180e+02,3.2180e+02,3.2179e+02,3.2179e+02,3.2178e+02,3.2177e+02,3.2176e+02,3.2175e+02,3.2174e+02,3.2172e+02,3.2170e+02,3.2168e+02,3.2165e+02,3.2163e+02,3.2160e+02,3.2156e+02,3.2152e+02,3.2148e+02,3.2144e+02,3.2138e+02,3.2133e+02,3.2126e+02,3.2120e+02,3.2113e+02,3.2105e+02,3.2098e+02,3.2092e+02,3.2086e+02,3.2081e+02,3.2076e+02,3.2071e+02,3.2067e+02,3.2063e+02,3.2059e+02,3.2056e+02,3.2052e+02,3.2049e+02,3.2047e+02,3.2044e+02,3.2041e+02,3.2039e+02,3.2037e+02,3.2034e+02,3.2032e+02,3.2030e+02,3.2028e+02,3.2026e+02,3.2024e+02,3.2022e+02,3.2020e+02,3.2018e+02,3.2016e+02,3.2014e+02,3.2012e+02,3.2010e+02,3.2007e+02,3.2005e+02,3.2003e+02,3.2001e+02,3.1999e+02,3.1996e+02,3.1994e+02,3.1991e+02,3.1989e+02,3.1986e+02,3.1983e+02,3.1980e+02,3.1977e+02,3.1974e+02,3.1971e+02,3.1967e+02,3.1964e+02,3.1960e+02,3.1956e+02,3.1952e+02,3.1948e+02,3.1944e+02,3.1940e+02,3.1936e+02,3.1931e+02,3.1927e+02,3.1922e+02,3.1918e+02,3.1914e+02,3.1910e+02,3.1906e+02,3.1902e+02,3.1899e+02,3.1896e+02,3.1893e+02,3.1891e+02,3.1889e+02,3.1887e+02,3.1885e+02,3.1884e+02,3.1883e+02,3.1882e+02,3.1882e+02,3.1881e+02,3.2178e+02,3.2178e+02,3.2178e+02,3.2178e+02,3.2177e+02,3.2176e+02,3.2175e+02,3.2174e+02,3.2173e+02,3.2172e+02,3.2170e+02,3.2168e+02,3.2166e+02,3.2163e+02,3.2160e+02,3.2157e+02,3.2154e+02,3.2150e+02,3.2146e+02,3.2141e+02,3.2136e+02,3.2130e+02,3.2123e+02,3.2117e+02,3.2109e+02,3.2102e+02,3.2095e+02,3.2088e+02,3.2082e+02,3.2077e+02,3.2072e+02,3.2067e+02,3.2062e+02,3.2058e+02,3.2055e+02,3.2051e+02,3.2048e+02,3.2045e+02,3.2042e+02,3.2039e+02,3.2037e+02,3.2034e+02,3.2032e+02,3.2029e+02,3.2027e+02,3.2025e+02,3.2023e+02,3.2021e+02,3.2018e+02,3.2016e+02,3.2014e+02,3.2012e+02,3.2010e+02,3.2008e+02,3.2005e+02,3.2003e+02,3.2001e+02,3.1999e+02,3.1996e+02,3.1994e+02,3.1991e+02,3.1989e+02,3.1986e+02,3.1984e+02,3.1981e+02,3.1978e+02,3.1975e+02,3.1972e+02,3.1969e+02,3.1966e+02,3.1963e+02,3.1960e+02,3.1956e+02,3.1953e+02,3.1949e+02,3.1946e+02,3.1942e+02,3.1938e+02,3.1934e+02,3.1930e+02,3.1926e+02,3.1921e+02,3.1917e+02,3.1913e+02,3.1909e+02,3.1906e+02,3.1902e+02,3.1899e+02,3.1896e+02,3.1893e+02,3.1891e+02,3.1889e+02,3.1887e+02,3.1885e+02,3.1883e+02,3.1882e+02,3.1881e+02,3.1881e+02,3.1880e+02,3.1880e+02,3.2176e+02,3.2176e+02,3.2176e+02,3.2175e+02,3.2175e+02,3.2174e+02,3.2173e+02,3.2172e+02,3.2171e+02,3.2169e+02,3.2167e+02,3.2165e+02,3.2163e+02,3.2161e+02,3.2158e+02,3.2155e+02,3.2151e+02,3.2147e+02,3.2143e+02,3.2138e+02,3.2133e+02,3.2127e+02,3.2120e+02,3.2113e+02,3.2106e+02,3.2099e+02,3.2091e+02,3.2085e+02,3.2079e+02,3.2073e+02,3.2068e+02,3.2063e+02,3.2059e+02,3.2054e+02,3.2051e+02,3.2047e+02,3.2044e+02,3.2041e+02,3.2038e+02,3.2035e+02,3.2032e+02,3.2030e+02,3.2027e+02,3.2025e+02,3.2022e+02,3.2020e+02,3.2018e+02,3.2016e+02,3.2013e+02,3.2011e+02,3.2009e+02,3.2006e+02,3.2004e+02,3.2002e+02,3.1999e+02,3.1997e+02,3.1995e+02,3.1992e+02,3.1990e+02,3.1987e+02,3.1985e+02,3.1982e+02,3.1979e+02,3.1977e+02,3.1974e+02,3.1971e+02,3.1968e+02,3.1965e+02,3.1962e+02,3.1959e+02,3.1956e+02,3.1953e+02,3.1950e+02,3.1946e+02,3.1943e+02,3.1939e+02,3.1936e+02,3.1932e+02,3.1928e+02,3.1925e+02,3.1921e+02,3.1917e+02,3.1913e+02,3.1909e+02,3.1906e+02,3.1902e+02,3.1899e+02,3.1896e+02,3.1893e+02,3.1891e+02,3.1889e+02,3.1886e+02,3.1885e+02,3.1883e+02,3.1882e+02,3.1880e+02,3.1880e+02,3.1879e+02,3.1878e+02,3.1878e+02,3.2174e+02,3.2173e+02,3.2173e+02,3.2173e+02,3.2172e+02,3.2171e+02,3.2170e+02,3.2169e+02,3.2168e+02,3.2166e+02,3.2165e+02,3.2163e+02,3.2160e+02,3.2158e+02,3.2155e+02,3.2152e+02,3.2148e+02,3.2144e+02,3.2140e+02,3.2135e+02,3.2129e+02,3.2124e+02,3.2117e+02,3.2110e+02,3.2103e+02,3.2095e+02,3.2088e+02,3.2081e+02,3.2075e+02,3.2069e+02,3.2064e+02,3.2059e+02,3.2055e+02,3.2051e+02,3.2047e+02,3.2043e+02,3.2040e+02,3.2037e+02,3.2034e+02,3.2031e+02,3.2028e+02,3.2025e+02,3.2023e+02,3.2020e+02,3.2018e+02,3.2016e+02,3.2013e+02,3.2011e+02,3.2009e+02,3.2006e+02,3.2004e+02,3.2001e+02,3.1999e+02,3.1997e+02,3.1994e+02,3.1992e+02,3.1989e+02,3.1986e+02,3.1984e+02,3.1981e+02,3.1978e+02,3.1976e+02,3.1973e+02,3.1970e+02,3.1967e+02,3.1965e+02,3.1962e+02,3.1959e+02,3.1956e+02,3.1953e+02,3.1950e+02,3.1947e+02,3.1944e+02,3.1940e+02,3.1937e+02,3.1934e+02,3.1930e+02,3.1927e+02,3.1923e+02,3.1920e+02,3.1916e+02,3.1913e+02,3.1909e+02,3.1906e+02,3.1902e+02,3.1899e+02,3.1896e+02,3.1893e+02,3.1891e+02,3.1888e+02,3.1886e+02,3.1884e+02,3.1883e+02,3.1881e+02,3.1880e+02,3.1879e+02,3.1878e+02,3.1877e+02,3.1877e+02,3.1877e+02,3.2170e+02,3.2170e+02,3.2170e+02,3.2170e+02,3.2169e+02,3.2168e+02,3.2167e+02,3.2166e+02,3.2165e+02,3.2163e+02,3.2162e+02,3.2160e+02,3.2157e+02,3.2155e+02,3.2152e+02,3.2149e+02,3.2145e+02,3.2141e+02,3.2137e+02,3.2132e+02,3.2126e+02,3.2120e+02,3.2114e+02,3.2107e+02,3.2099e+02,3.2092e+02,3.2085e+02,3.2078e+02,3.2072e+02,3.2066e+02,3.2061e+02,3.2056e+02,3.2051e+02,3.2047e+02,3.2043e+02,3.2039e+02,3.2036e+02,3.2033e+02,3.2030e+02,3.2027e+02,3.2024e+02,3.2021e+02,3.2019e+02,3.2016e+02,3.2014e+02,3.2011e+02,3.2009e+02,3.2007e+02,3.2004e+02,3.2002e+02,3.1999e+02,3.1997e+02,3.1994e+02,3.1992e+02,3.1989e+02,3.1986e+02,3.1984e+02,3.1981e+02,3.1978e+02,3.1975e+02,3.1973e+02,3.1970e+02,3.1967e+02,3.1964e+02,3.1961e+02,3.1959e+02,3.1956e+02,3.1953e+02,3.1950e+02,3.1947e+02,3.1944e+02,3.1941e+02,3.1938e+02,3.1935e+02,3.1932e+02,3.1929e+02,3.1925e+02,3.1922e+02,3.1919e+02,3.1915e+02,3.1912e+02,3.1909e+02,3.1905e+02,3.1902e+02,3.1899e+02,3.1896e+02,3.1893e+02,3.1891e+02,3.1888e+02,3.1886e+02,3.1884e+02,3.1882e+02,3.1881e+02,3.1880e+02,3.1878e+02,3.1877e+02,3.1877e+02,3.1876e+02,3.1876e+02,3.1875e+02,3.2167e+02,3.2167e+02,3.2167e+02,3.2166e+02,3.2166e+02,3.2165e+02,3.2164e+02,3.2163e+02,3.2161e+02,3.2160e+02,3.2158e+02,3.2156e+02,3.2154e+02,3.2151e+02,3.2148e+02,3.2145e+02,3.2142e+02,3.2138e+02,3.2133e+02,3.2128e+02,3.2123e+02,3.2117e+02,3.2110e+02,3.2103e+02,3.2096e+02,3.2088e+02,3.2081e+02,3.2074e+02,3.2068e+02,3.2062e+02,3.2057e+02,3.2052e+02,3.2048e+02,3.2043e+02,3.2039e+02,3.2036e+02,3.2032e+02,3.2029e+02,3.2026e+02,3.2023e+02,3.2020e+02,3.2018e+02,3.2015e+02,3.2013e+02,3.2010e+02,3.2008e+02,3.2005e+02,3.2003e+02,3.2000e+02,3.1998e+02,3.1995e+02,3.1993e+02,3.1990e+02,3.1987e+02,3.1985e+02,3.1982e+02,3.1979e+02,3.1976e+02,3.1973e+02,3.1970e+02,3.1968e+02,3.1965e+02,3.1962e+02,3.1959e+02,3.1956e+02,3.1953e+02,3.1950e+02,3.1947e+02,3.1945e+02,3.1942e+02,3.1939e+02,3.1936e+02,3.1933e+02,3.1930e+02,3.1927e+02,3.1924e+02,3.1921e+02,3.1918e+02,3.1915e+02,3.1912e+02,3.1908e+02,3.1905e+02,3.1902e+02,3.1899e+02,3.1896e+02,3.1894e+02,3.1891e+02,3.1889e+02,3.1886e+02,3.1884e+02,3.1882e+02,3.1881e+02,3.1879e+02,3.1878e+02,3.1877e+02,3.1876e+02,3.1875e+02,3.1875e+02,3.1874e+02,3.1874e+02,3.2163e+02,3.2163e+02,3.2163e+02,3.2162e+02,3.2162e+02,3.2161e+02,3.2160e+02,3.2159e+02,3.2157e+02,3.2156e+02,3.2154e+02,3.2152e+02,3.2150e+02,3.2147e+02,3.2145e+02,3.2141e+02,3.2138e+02,3.2134e+02,3.2129e+02,3.2124e+02,3.2119e+02,3.2113e+02,3.2107e+02,3.2100e+02,3.2092e+02,3.2085e+02,3.2078e+02,3.2071e+02,3.2065e+02,3.2059e+02,3.2054e+02,3.2049e+02,3.2044e+02,3.2040e+02,3.2036e+02,3.2032e+02,3.2029e+02,3.2026e+02,3.2023e+02,3.2020e+02,3.2017e+02,3.2014e+02,3.2012e+02,3.2009e+02,3.2007e+02,3.2004e+02,3.2002e+02,3.1999e+02,3.1996e+02,3.1994e+02,3.1991e+02,3.1989e+02,3.1986e+02,3.1983e+02,3.1980e+02,3.1978e+02,3.1975e+02,3.1972e+02,3.1969e+02,3.1966e+02,3.1963e+02,3.1960e+02,3.1957e+02,3.1954e+02,3.1951e+02,3.1948e+02,3.1945e+02,3.1943e+02,3.1940e+02,3.1937e+02,3.1934e+02,3.1931e+02,3.1928e+02,3.1926e+02,3.1923e+02,3.1920e+02,3.1917e+02,3.1914e+02,3.1911e+02,3.1908e+02,3.1905e+02,3.1902e+02,3.1899e+02,3.1896e+02,3.1894e+02,3.1891e+02,3.1889e+02,3.1886e+02,3.1884e+02,3.1882e+02,3.1881e+02,3.1879e+02,3.1878e+02,3.1877e+02,3.1876e+02,3.1875e+02,3.1874e+02,3.1873e+02,3.1873e+02,3.1873e+02,3.2159e+02,3.2159e+02,3.2158e+02,3.2158e+02,3.2157e+02,3.2156e+02,3.2156e+02,3.2154e+02,3.2153e+02,3.2152e+02,3.2150e+02,3.2148e+02,3.2146e+02,3.2143e+02,3.2140e+02,3.2137e+02,3.2134e+02,3.2130e+02,3.2125e+02,3.2120e+02,3.2115e+02,3.2109e+02,3.2103e+02,3.2096e+02,3.2088e+02,3.2081e+02,3.2074e+02,3.2067e+02,3.2061e+02,3.2056e+02,3.2050e+02,3.2045e+02,3.2041e+02,3.2037e+02,3.2033e+02,3.2029e+02,3.2026e+02,3.2023e+02,3.2020e+02,3.2017e+02,3.2014e+02,3.2011e+02,3.2008e+02,3.2006e+02,3.2003e+02,3.2001e+02,3.1998e+02,3.1996e+02,3.1993e+02,3.1990e+02,3.1988e+02,3.1985e+02,3.1982e+02,3.1979e+02,3.1977e+02,3.1974e+02,3.1971e+02,3.1968e+02,3.1965e+02,3.1962e+02,3.1958e+02,3.1955e+02,3.1953e+02,3.1950e+02,3.1947e+02,3.1944e+02,3.1941e+02,3.1938e+02,3.1935e+02,3.1933e+02,3.1930e+02,3.1927e+02,3.1924e+02,3.1922e+02,3.1919e+02,3.1916e+02,3.1913e+02,3.1910e+02,3.1908e+02,3.1905e+02,3.1902e+02,3.1899e+02,3.1896e+02,3.1894e+02,3.1891e+02,3.1889e+02,3.1887e+02,3.1885e+02,3.1883e+02,3.1881e+02,3.1879e+02,3.1878e+02,3.1876e+02,3.1875e+02,3.1874e+02,3.1874e+02,3.1873e+02,3.1872e+02,3.1872e+02,3.1872e+02,3.2154e+02,3.2154e+02,3.2153e+02,3.2153e+02,3.2152e+02,3.2152e+02,3.2151e+02,3.2150e+02,3.2148e+02,3.2147e+02,3.2145e+02,3.2143e+02,3.2141e+02,3.2138e+02,3.2136e+02,3.2132e+02,3.2129e+02,3.2125e+02,3.2121e+02,3.2116e+02,3.2111e+02,3.2105e+02,3.2099e+02,3.2092e+02,3.2084e+02,3.2077e+02,3.2070e+02,3.2064e+02,3.2058e+02,3.2052e+02,3.2047e+02,3.2042e+02,3.2038e+02,3.2033e+02,3.2030e+02,3.2026e+02,3.2023e+02,3.2019e+02,3.2016e+02,3.2013e+02,3.2011e+02,3.2008e+02,3.2005e+02,3.2003e+02,3.2000e+02,3.1998e+02,3.1995e+02,3.1992e+02,3.1990e+02,3.1987e+02,3.1984e+02,3.1982e+02,3.1979e+02,3.1976e+02,3.1973e+02,3.1970e+02,3.1967e+02,3.1964e+02,3.1961e+02,3.1958e+02,3.1955e+02,3.1951e+02,3.1949e+02,3.1946e+02,3.1943e+02,3.1940e+02,3.1937e+02,3.1934e+02,3.1931e+02,3.1929e+02,3.1926e+02,3.1923e+02,3.1921e+02,3.1918e+02,3.1915e+02,3.1913e+02,3.1910e+02,3.1907e+02,3.1905e+02,3.1902e+02,3.1899e+02,3.1897e+02,3.1894e+02,3.1892e+02,3.1889e+02,3.1887e+02,3.1885e+02,3.1883e+02,3.1881e+02,3.1879e+02,3.1878e+02,3.1876e+02,3.1875e+02,3.1874e+02,3.1873e+02,3.1873e+02,3.1872e+02,3.1871e+02,3.1871e+02,3.1871e+02,3.2148e+02,3.2148e+02,3.2148e+02,3.2148e+02,3.2147e+02,3.2146e+02,3.2145e+02,3.2144e+02,3.2143e+02,3.2142e+02,3.2140e+02,3.2138e+02,3.2136e+02,3.2133e+02,3.2131e+02,3.2127e+02,3.2124e+02,3.2120e+02,3.2116e+02,3.2111e+02,3.2106e+02,3.2100e+02,3.2094e+02,3.2087e+02,3.2080e+02,3.2073e+02,3.2066e+02,3.2060e+02,3.2054e+02,3.2048e+02,3.2043e+02,3.2039e+02,3.2034e+02,3.2030e+02,3.2026e+02,3.2023e+02,3.2019e+02,3.2016e+02,3.2013e+02,3.2010e+02,3.2008e+02,3.2005e+02,3.2002e+02,3.2000e+02,3.1997e+02,3.1995e+02,3.1992e+02,3.1989e+02,3.1987e+02,3.1984e+02,3.1981e+02,3.1978e+02,3.1976e+02,3.1973e+02,3.1970e+02,3.1967e+02,3.1963e+02,3.1960e+02,3.1957e+02,3.1954e+02,3.1951e+02,3.1948e+02,3.1945e+02,3.1942e+02,3.1939e+02,3.1936e+02,3.1933e+02,3.1931e+02,3.1928e+02,3.1925e+02,3.1923e+02,3.1920e+02,3.1917e+02,3.1915e+02,3.1912e+02,3.1910e+02,3.1907e+02,3.1905e+02,3.1902e+02,3.1899e+02,3.1897e+02,3.1894e+02,3.1892e+02,3.1890e+02,3.1887e+02,3.1885e+02,3.1883e+02,3.1881e+02,3.1880e+02,3.1878e+02,3.1877e+02,3.1875e+02,3.1874e+02,3.1873e+02,3.1872e+02,3.1872e+02,3.1871e+02,3.1871e+02,3.1870e+02,3.1870e+02,3.2142e+02,3.2142e+02,3.2142e+02,3.2142e+02,3.2141e+02,3.2140e+02,3.2139e+02,3.2138e+02,3.2137e+02,3.2136e+02,3.2134e+02,3.2132e+02,3.2130e+02,3.2128e+02,3.2125e+02,3.2122e+02,3.2119e+02,3.2115e+02,3.2111e+02,3.2106e+02,3.2101e+02,3.2095e+02,3.2089e+02,3.2083e+02,3.2076e+02,3.2069e+02,3.2062e+02,3.2056e+02,3.2050e+02,3.2045e+02,3.2040e+02,3.2035e+02,3.2031e+02,3.2027e+02,3.2023e+02,3.2020e+02,3.2016e+02,3.2013e+02,3.2010e+02,3.2007e+02,3.2005e+02,3.2002e+02,3.1999e+02,3.1997e+02,3.1994e+02,3.1992e+02,3.1989e+02,3.1986e+02,3.1984e+02,3.1981e+02,3.1978e+02,3.1975e+02,3.1972e+02,3.1970e+02,3.1966e+02,3.1963e+02,3.1960e+02,3.1957e+02,3.1954e+02,3.1951e+02,3.1947e+02,3.1944e+02,3.1941e+02,3.1938e+02,3.1936e+02,3.1933e+02,3.1930e+02,3.1927e+02,3.1925e+02,3.1922e+02,3.1919e+02,3.1917e+02,3.1914e+02,3.1912e+02,3.1909e+02,3.1907e+02,3.1905e+02,3.1902e+02,3.1900e+02,3.1897e+02,3.1895e+02,3.1892e+02,3.1890e+02,3.1888e+02,3.1886e+02,3.1884e+02,3.1882e+02,3.1880e+02,3.1878e+02,3.1877e+02,3.1876e+02,3.1874e+02,3.1873e+02,3.1872e+02,3.1872e+02,3.1871e+02,3.1870e+02,3.1870e+02,3.1870e+02,3.1870e+02,3.2136e+02,3.2136e+02,3.2135e+02,3.2135e+02,3.2134e+02,3.2134e+02,3.2133e+02,3.2132e+02,3.2131e+02,3.2129e+02,3.2128e+02,3.2126e+02,3.2124e+02,3.2121e+02,3.2119e+02,3.2116e+02,3.2113e+02,3.2109e+02,3.2105e+02,3.2100e+02,3.2096e+02,3.2090e+02,3.2084e+02,3.2078e+02,3.2071e+02,3.2064e+02,3.2058e+02,3.2052e+02,3.2046e+02,3.2041e+02,3.2036e+02,3.2031e+02,3.2027e+02,3.2023e+02,3.2019e+02,3.2016e+02,3.2013e+02,3.2010e+02,3.2007e+02,3.2004e+02,3.2001e+02,3.1999e+02,3.1996e+02,3.1994e+02,3.1991e+02,3.1988e+02,3.1986e+02,3.1983e+02,3.1981e+02,3.1978e+02,3.1975e+02,3.1972e+02,3.1969e+02,3.1966e+02,3.1963e+02,3.1960e+02,3.1957e+02,3.1954e+02,3.1951e+02,3.1947e+02,3.1944e+02,3.1941e+02,3.1938e+02,3.1935e+02,3.1932e+02,3.1930e+02,3.1927e+02,3.1924e+02,3.1922e+02,3.1919e+02,3.1917e+02,3.1914e+02,3.1912e+02,3.1909e+02,3.1907e+02,3.1905e+02,3.1902e+02,3.1900e+02,3.1898e+02,3.1895e+02,3.1893e+02,3.1891e+02,3.1888e+02,3.1886e+02,3.1884e+02,3.1882e+02,3.1881e+02,3.1879e+02,3.1878e+02,3.1876e+02,3.1875e+02,3.1874e+02,3.1873e+02,3.1872e+02,3.1871e+02,3.1870e+02,3.1870e+02,3.1870e+02,3.1869e+02,3.1869e+02,3.2129e+02,3.2128e+02,3.2128e+02,3.2128e+02,3.2127e+02,3.2127e+02,3.2126e+02,3.2125e+02,3.2124e+02,3.2122e+02,3.2121e+02,3.2119e+02,3.2117e+02,3.2115e+02,3.2112e+02,3.2109e+02,3.2106e+02,3.2103e+02,3.2099e+02,3.2094e+02,3.2090e+02,3.2084e+02,3.2079e+02,3.2072e+02,3.2066e+02,3.2059e+02,3.2053e+02,3.2047e+02,3.2041e+02,3.2036e+02,3.2032e+02,3.2027e+02,3.2023e+02,3.2019e+02,3.2016e+02,3.2012e+02,3.2009e+02,3.2006e+02,3.2003e+02,3.2001e+02,3.1998e+02,3.1995e+02,3.1993e+02,3.1990e+02,3.1988e+02,3.1985e+02,3.1983e+02,3.1980e+02,3.1978e+02,3.1975e+02,3.1972e+02,3.1969e+02,3.1966e+02,3.1963e+02,3.1960e+02,3.1957e+02,3.1954e+02,3.1951e+02,3.1948e+02,3.1944e+02,3.1941e+02,3.1938e+02,3.1935e+02,3.1932e+02,3.1930e+02,3.1927e+02,3.1924e+02,3.1921e+02,3.1919e+02,3.1916e+02,3.1914e+02,3.1912e+02,3.1909e+02,3.1907e+02,3.1905e+02,3.1902e+02,3.1900e+02,3.1898e+02,3.1896e+02,3.1894e+02,3.1891e+02,3.1889e+02,3.1887e+02,3.1885e+02,3.1883e+02,3.1881e+02,3.1880e+02,3.1878e+02,3.1877e+02,3.1875e+02,3.1874e+02,3.1873e+02,3.1872e+02,3.1871e+02,3.1871e+02,3.1870e+02,3.1870e+02,3.1869e+02,3.1869e+02,3.1869e+02,3.2121e+02,3.2121e+02,3.2120e+02,3.2120e+02,3.2119e+02,3.2119e+02,3.2118e+02,3.2117e+02,3.2116e+02,3.2114e+02,3.2113e+02,3.2111e+02,3.2109e+02,3.2107e+02,3.2105e+02,3.2102e+02,3.2099e+02,3.2096e+02,3.2092e+02,3.2088e+02,3.2083e+02,3.2078e+02,3.2072e+02,3.2066e+02,3.2060e+02,3.2054e+02,3.2048e+02,3.2042e+02,3.2036e+02,3.2032e+02,3.2027e+02,3.2023e+02,3.2019e+02,3.2015e+02,3.2012e+02,3.2009e+02,3.2006e+02,3.2003e+02,3.2000e+02,3.1997e+02,3.1995e+02,3.1992e+02,3.1989e+02,3.1987e+02,3.1985e+02,3.1982e+02,3.1979e+02,3.1977e+02,3.1974e+02,3.1972e+02,3.1969e+02,3.1966e+02,3.1963e+02,3.1960e+02,3.1957e+02,3.1954e+02,3.1951e+02,3.1948e+02,3.1945e+02,3.1942e+02,3.1938e+02,3.1935e+02,3.1932e+02,3.1930e+02,3.1927e+02,3.1924e+02,3.1922e+02,3.1919e+02,3.1916e+02,3.1914e+02,3.1912e+02,3.1909e+02,3.1907e+02,3.1905e+02,3.1903e+02,3.1901e+02,3.1898e+02,3.1896e+02,3.1894e+02,3.1892e+02,3.1890e+02,3.1888e+02,3.1886e+02,3.1884e+02,3.1882e+02,3.1880e+02,3.1879e+02,3.1877e+02,3.1876e+02,3.1875e+02,3.1874e+02,3.1873e+02,3.1872e+02,3.1871e+02,3.1870e+02,3.1870e+02,3.1869e+02,3.1869e+02,3.1869e+02,3.1869e+02,3.2112e+02,3.2112e+02,3.2112e+02,3.2111e+02,3.2111e+02,3.2110e+02,3.2109e+02,3.2108e+02,3.2107e+02,3.2106e+02,3.2105e+02,3.2103e+02,3.2101e+02,3.2099e+02,3.2097e+02,3.2094e+02,3.2091e+02,3.2088e+02,3.2084e+02,3.2080e+02,3.2076e+02,3.2071e+02,3.2066e+02,3.2060e+02,3.2054e+02,3.2048e+02,3.2042e+02,3.2036e+02,3.2031e+02,3.2027e+02,3.2022e+02,3.2018e+02,3.2014e+02,3.2011e+02,3.2008e+02,3.2004e+02,3.2002e+02,3.1999e+02,3.1996e+02,3.1993e+02,3.1991e+02,3.1988e+02,3.1986e+02,3.1983e+02,3.1981e+02,3.1979e+02,3.1976e+02,3.1974e+02,3.1971e+02,3.1968e+02,3.1966e+02,3.1963e+02,3.1960e+02,3.1957e+02,3.1954e+02,3.1951e+02,3.1948e+02,3.1945e+02,3.1942e+02,3.1939e+02,3.1936e+02,3.1933e+02,3.1930e+02,3.1927e+02,3.1924e+02,3.1922e+02,3.1919e+02,3.1917e+02,3.1914e+02,3.1912e+02,3.1910e+02,3.1907e+02,3.1905e+02,3.1903e+02,3.1901e+02,3.1899e+02,3.1897e+02,3.1895e+02,3.1893e+02,3.1891e+02,3.1889e+02,3.1887e+02,3.1885e+02,3.1883e+02,3.1881e+02,3.1880e+02,3.1878e+02,3.1877e+02,3.1876e+02,3.1875e+02,3.1873e+02,3.1873e+02,3.1872e+02,3.1871e+02,3.1870e+02,3.1870e+02,3.1869e+02,3.1869e+02,3.1869e+02,3.1869e+02,3.2103e+02,3.2102e+02,3.2102e+02,3.2102e+02,3.2101e+02,3.2101e+02,3.2100e+02,3.2099e+02,3.2098e+02,3.2097e+02,3.2095e+02,3.2094e+02,3.2092e+02,3.2090e+02,3.2088e+02,3.2085e+02,3.2083e+02,3.2080e+02,3.2076e+02,3.2072e+02,3.2068e+02,3.2064e+02,3.2059e+02,3.2053e+02,3.2047e+02,3.2041e+02,3.2036e+02,3.2031e+02,3.2026e+02,3.2021e+02,3.2017e+02,3.2013e+02,3.2010e+02,3.2006e+02,3.2003e+02,3.2000e+02,3.1997e+02,3.1995e+02,3.1992e+02,3.1989e+02,3.1987e+02,3.1985e+02,3.1982e+02,3.1980e+02,3.1977e+02,3.1975e+02,3.1973e+02,3.1970e+02,3.1968e+02,3.1965e+02,3.1962e+02,3.1960e+02,3.1957e+02,3.1954e+02,3.1951e+02,3.1948e+02,3.1945e+02,3.1942e+02,3.1939e+02,3.1936e+02,3.1933e+02,3.1930e+02,3.1927e+02,3.1925e+02,3.1922e+02,3.1919e+02,3.1917e+02,3.1914e+02,3.1912e+02,3.1910e+02,3.1908e+02,3.1906e+02,3.1903e+02,3.1901e+02,3.1899e+02,3.1897e+02,3.1895e+02,3.1893e+02,3.1892e+02,3.1890e+02,3.1888e+02,3.1886e+02,3.1884e+02,3.1882e+02,3.1881e+02,3.1879e+02,3.1878e+02,3.1877e+02,3.1875e+02,3.1874e+02,3.1873e+02,3.1872e+02,3.1872e+02,3.1871e+02,3.1870e+02,3.1870e+02,3.1870e+02,3.1869e+02,3.1869e+02,3.1869e+02,3.2092e+02,3.2092e+02,3.2092e+02,3.2092e+02,3.2091e+02,3.2091e+02,3.2090e+02,3.2089e+02,3.2088e+02,3.2087e+02,3.2086e+02,3.2084e+02,3.2082e+02,3.2081e+02,3.2078e+02,3.2076e+02,3.2073e+02,3.2071e+02,3.2067e+02,3.2064e+02,3.2060e+02,3.2056e+02,3.2051e+02,3.2046e+02,3.2040e+02,3.2035e+02,3.2029e+02,3.2024e+02,3.2020e+02,3.2016e+02,3.2012e+02,3.2008e+02,3.2005e+02,3.2001e+02,3.1998e+02,3.1996e+02,3.1993e+02,3.1990e+02,3.1988e+02,3.1985e+02,3.1983e+02,3.1981e+02,3.1978e+02,3.1976e+02,3.1974e+02,3.1971e+02,3.1969e+02,3.1967e+02,3.1964e+02,3.1962e+02,3.1959e+02,3.1956e+02,3.1954e+02,3.1951e+02,3.1948e+02,3.1945e+02,3.1942e+02,3.1939e+02,3.1936e+02,3.1933e+02,3.1931e+02,3.1928e+02,3.1925e+02,3.1922e+02,3.1920e+02,3.1917e+02,3.1915e+02,3.1913e+02,3.1910e+02,3.1908e+02,3.1906e+02,3.1904e+02,3.1902e+02,3.1900e+02,3.1898e+02,3.1896e+02,3.1894e+02,3.1892e+02,3.1891e+02,3.1889e+02,3.1887e+02,3.1885e+02,3.1884e+02,3.1882e+02,3.1880e+02,3.1879e+02,3.1878e+02,3.1876e+02,3.1875e+02,3.1874e+02,3.1873e+02,3.1873e+02,3.1872e+02,3.1871e+02,3.1871e+02,3.1870e+02,3.1870e+02,3.1870e+02,3.1869e+02,3.1869e+02,3.2081e+02,3.2081e+02,3.2081e+02,3.2081e+02,3.2080e+02,3.2080e+02,3.2079e+02,3.2078e+02,3.2077e+02,3.2076e+02,3.2075e+02,3.2074e+02,3.2072e+02,3.2070e+02,3.2068e+02,3.2066e+02,3.2064e+02,3.2061e+02,3.2058e+02,3.2055e+02,3.2051e+02,3.2047e+02,3.2042e+02,3.2038e+02,3.2033e+02,3.2027e+02,3.2022e+02,3.2018e+02,3.2014e+02,3.2010e+02,3.2006e+02,3.2003e+02,3.1999e+02,3.1996e+02,3.1993e+02,3.1991e+02,3.1988e+02,3.1986e+02,3.1983e+02,3.1981e+02,3.1979e+02,3.1976e+02,3.1974e+02,3.1972e+02,3.1970e+02,3.1967e+02,3.1965e+02,3.1963e+02,3.1960e+02,3.1958e+02,3.1956e+02,3.1953e+02,3.1950e+02,3.1948e+02,3.1945e+02,3.1942e+02,3.1939e+02,3.1936e+02,3.1934e+02,3.1931e+02,3.1928e+02,3.1925e+02,3.1923e+02,3.1920e+02,3.1918e+02,3.1915e+02,3.1913e+02,3.1911e+02,3.1908e+02,3.1906e+02,3.1904e+02,3.1902e+02,3.1900e+02,3.1899e+02,3.1897e+02,3.1895e+02,3.1893e+02,3.1891e+02,3.1890e+02,3.1888e+02,3.1886e+02,3.1885e+02,3.1883e+02,3.1882e+02,3.1880e+02,3.1879e+02,3.1878e+02,3.1876e+02,3.1875e+02,3.1874e+02,3.1874e+02,3.1873e+02,3.1872e+02,3.1871e+02,3.1871e+02,3.1871e+02,3.1870e+02,3.1870e+02,3.1870e+02,3.1870e+02,3.2070e+02,3.2070e+02,3.2069e+02,3.2069e+02,3.2069e+02,3.2068e+02,3.2067e+02,3.2067e+02,3.2066e+02,3.2065e+02,3.2064e+02,3.2062e+02,3.2061e+02,3.2059e+02,3.2057e+02,3.2055e+02,3.2053e+02,3.2050e+02,3.2048e+02,3.2045e+02,3.2041e+02,3.2037e+02,3.2033e+02,3.2029e+02,3.2024e+02,3.2020e+02,3.2015e+02,3.2011e+02,3.2007e+02,3.2004e+02,3.2000e+02,3.1997e+02,3.1994e+02,3.1991e+02,3.1988e+02,3.1986e+02,3.1983e+02,3.1981e+02,3.1979e+02,3.1976e+02,3.1974e+02,3.1972e+02,3.1970e+02,3.1968e+02,3.1966e+02,3.1963e+02,3.1961e+02,3.1959e+02,3.1957e+02,3.1954e+02,3.1952e+02,3.1949e+02,3.1947e+02,3.1944e+02,3.1942e+02,3.1939e+02,3.1936e+02,3.1934e+02,3.1931e+02,3.1928e+02,3.1926e+02,3.1923e+02,3.1920e+02,3.1918e+02,3.1916e+02,3.1913e+02,3.1911e+02,3.1909e+02,3.1907e+02,3.1905e+02,3.1903e+02,3.1901e+02,3.1899e+02,3.1897e+02,3.1896e+02,3.1894e+02,3.1892e+02,3.1891e+02,3.1889e+02,3.1887e+02,3.1886e+02,3.1884e+02,3.1883e+02,3.1881e+02,3.1880e+02,3.1879e+02,3.1878e+02,3.1877e+02,3.1876e+02,3.1875e+02,3.1874e+02,3.1873e+02,3.1873e+02,3.1872e+02,3.1871e+02,3.1871e+02,3.1871e+02,3.1871e+02,3.1870e+02,3.1870e+02,3.2057e+02,3.2057e+02,3.2057e+02,3.2057e+02,3.2056e+02,3.2056e+02,3.2055e+02,3.2054e+02,3.2054e+02,3.2053e+02,3.2052e+02,3.2050e+02,3.2049e+02,3.2047e+02,3.2046e+02,3.2044e+02,3.2042e+02,3.2039e+02,3.2037e+02,3.2034e+02,3.2031e+02,3.2028e+02,3.2024e+02,3.2020e+02,3.2016e+02,3.2012e+02,3.2008e+02,3.2004e+02,3.2001e+02,3.1997e+02,3.1994e+02,3.1991e+02,3.1988e+02,3.1986e+02,3.1983e+02,3.1981e+02,3.1978e+02,3.1976e+02,3.1974e+02,3.1972e+02,3.1970e+02,3.1968e+02,3.1965e+02,3.1963e+02,3.1961e+02,3.1959e+02,3.1957e+02,3.1955e+02,3.1953e+02,3.1951e+02,3.1948e+02,3.1946e+02,3.1944e+02,3.1941e+02,3.1939e+02,3.1936e+02,3.1933e+02,3.1931e+02,3.1928e+02,3.1926e+02,3.1923e+02,3.1921e+02,3.1918e+02,3.1916e+02,3.1914e+02,3.1911e+02,3.1909e+02,3.1907e+02,3.1905e+02,3.1903e+02,3.1902e+02,3.1900e+02,3.1898e+02,3.1896e+02,3.1895e+02,3.1893e+02,3.1891e+02,3.1890e+02,3.1888e+02,3.1887e+02,3.1885e+02,3.1884e+02,3.1883e+02,3.1881e+02,3.1880e+02,3.1879e+02,3.1878e+02,3.1877e+02,3.1876e+02,3.1875e+02,3.1874e+02,3.1874e+02,3.1873e+02,3.1873e+02,3.1872e+02,3.1872e+02,3.1871e+02,3.1871e+02,3.1871e+02,3.1871e+02,3.2045e+02,3.2045e+02,3.2044e+02,3.2044e+02,3.2044e+02,3.2043e+02,3.2043e+02,3.2042e+02,3.2041e+02,3.2040e+02,3.2039e+02,3.2038e+02,3.2037e+02,3.2036e+02,3.2034e+02,3.2032e+02,3.2030e+02,3.2028e+02,3.2026e+02,3.2023e+02,3.2020e+02,3.2017e+02,3.2014e+02,3.2011e+02,3.2007e+02,3.2004e+02,3.2000e+02,3.1997e+02,3.1994e+02,3.1991e+02,3.1988e+02,3.1985e+02,3.1983e+02,3.1980e+02,3.1978e+02,3.1975e+02,3.1973e+02,3.1971e+02,3.1969e+02,3.1967e+02,3.1965e+02,3.1963e+02,3.1961e+02,3.1959e+02,3.1957e+02,3.1955e+02,3.1953e+02,3.1951e+02,3.1949e+02,3.1947e+02,3.1945e+02,3.1942e+02,3.1940e+02,3.1938e+02,3.1935e+02,3.1933e+02,3.1931e+02,3.1928e+02,3.1926e+02,3.1923e+02,3.1921e+02,3.1919e+02,3.1916e+02,3.1914e+02,3.1912e+02,3.1910e+02,3.1908e+02,3.1906e+02,3.1904e+02,3.1902e+02,3.1900e+02,3.1899e+02,3.1897e+02,3.1895e+02,3.1894e+02,3.1892e+02,3.1891e+02,3.1889e+02,3.1888e+02,3.1886e+02,3.1885e+02,3.1884e+02,3.1882e+02,3.1881e+02,3.1880e+02,3.1879e+02,3.1878e+02,3.1877e+02,3.1876e+02,3.1876e+02,3.1875e+02,3.1874e+02,3.1874e+02,3.1873e+02,3.1873e+02,3.1872e+02,3.1872e+02,3.1872e+02,3.1872e+02,3.1872e+02,3.2033e+02,3.2033e+02,3.2033e+02,3.2032e+02,3.2032e+02,3.2032e+02,3.2031e+02,3.2030e+02,3.2030e+02,3.2029e+02,3.2028e+02,3.2027e+02,3.2026e+02,3.2024e+02,3.2023e+02,3.2021e+02,3.2019e+02,3.2017e+02,3.2015e+02,3.2013e+02,3.2011e+02,3.2008e+02,3.2005e+02,3.2002e+02,3.1999e+02,3.1996e+02,3.1993e+02,3.1990e+02,3.1987e+02,3.1985e+02,3.1982e+02,3.1979e+02,3.1977e+02,3.1975e+02,3.1973e+02,3.1970e+02,3.1968e+02,3.1966e+02,3.1964e+02,3.1962e+02,3.1961e+02,3.1959e+02,3.1957e+02,3.1955e+02,3.1953e+02,3.1951e+02,3.1949e+02,3.1947e+02,3.1945e+02,3.1943e+02,3.1941e+02,3.1939e+02,3.1937e+02,3.1935e+02,3.1932e+02,3.1930e+02,3.1928e+02,3.1925e+02,3.1923e+02,3.1921e+02,3.1919e+02,3.1916e+02,3.1914e+02,3.1912e+02,3.1910e+02,3.1908e+02,3.1906e+02,3.1904e+02,3.1903e+02,3.1901e+02,3.1899e+02,3.1898e+02,3.1896e+02,3.1894e+02,3.1893e+02,3.1892e+02,3.1890e+02,3.1889e+02,3.1887e+02,3.1886e+02,3.1885e+02,3.1884e+02,3.1882e+02,3.1881e+02,3.1880e+02,3.1879e+02,3.1878e+02,3.1878e+02,3.1877e+02,3.1876e+02,3.1875e+02,3.1875e+02,3.1874e+02,3.1874e+02,3.1873e+02,3.1873e+02,3.1873e+02,3.1873e+02,3.1873e+02,3.1872e+02,3.2022e+02,3.2022e+02,3.2022e+02,3.2021e+02,3.2021e+02,3.2021e+02,3.2020e+02,3.2019e+02,3.2019e+02,3.2018e+02,3.2017e+02,3.2016e+02,3.2015e+02,3.2014e+02,3.2012e+02,3.2011e+02,3.2009e+02,3.2008e+02,3.2006e+02,3.2004e+02,3.2001e+02,3.1999e+02,3.1997e+02,3.1994e+02,3.1991e+02,3.1989e+02,3.1986e+02,3.1983e+02,3.1981e+02,3.1978e+02,3.1976e+02,3.1974e+02,3.1972e+02,3.1969e+02,3.1967e+02,3.1965e+02,3.1964e+02,3.1962e+02,3.1960e+02,3.1958e+02,3.1956e+02,3.1954e+02,3.1953e+02,3.1951e+02,3.1949e+02,3.1947e+02,3.1945e+02,3.1943e+02,3.1942e+02,3.1940e+02,3.1938e+02,3.1936e+02,3.1934e+02,3.1931e+02,3.1929e+02,3.1927e+02,3.1925e+02,3.1923e+02,3.1921e+02,3.1919e+02,3.1917e+02,3.1914e+02,3.1912e+02,3.1910e+02,3.1909e+02,3.1907e+02,3.1905e+02,3.1903e+02,3.1901e+02,3.1900e+02,3.1898e+02,3.1897e+02,3.1895e+02,3.1894e+02,3.1892e+02,3.1891e+02,3.1890e+02,3.1888e+02,3.1887e+02,3.1886e+02,3.1885e+02,3.1884e+02,3.1882e+02,3.1881e+02,3.1880e+02,3.1880e+02,3.1879e+02,3.1878e+02,3.1877e+02,3.1877e+02,3.1876e+02,3.1875e+02,3.1875e+02,3.1874e+02,3.1874e+02,3.1874e+02,3.1874e+02,3.1873e+02,3.1873e+02,3.1873e+02,3.2011e+02,3.2011e+02,3.2011e+02,3.2011e+02,3.2011e+02,3.2010e+02,3.2010e+02,3.2009e+02,3.2009e+02,3.2008e+02,3.2007e+02,3.2006e+02,3.2005e+02,3.2004e+02,3.2003e+02,3.2001e+02,3.2000e+02,3.1998e+02,3.1997e+02,3.1995e+02,3.1993e+02,3.1991e+02,3.1989e+02,3.1986e+02,3.1984e+02,3.1982e+02,3.1979e+02,3.1977e+02,3.1975e+02,3.1973e+02,3.1970e+02,3.1968e+02,3.1966e+02,3.1964e+02,3.1963e+02,3.1961e+02,3.1959e+02,3.1957e+02,3.1955e+02,3.1954e+02,3.1952e+02,3.1950e+02,3.1948e+02,3.1947e+02,3.1945e+02,3.1943e+02,3.1942e+02,3.1940e+02,3.1938e+02,3.1936e+02,3.1934e+02,3.1932e+02,3.1930e+02,3.1929e+02,3.1927e+02,3.1925e+02,3.1923e+02,3.1921e+02,3.1918e+02,3.1917e+02,3.1915e+02,3.1913e+02,3.1911e+02,3.1909e+02,3.1907e+02,3.1905e+02,3.1904e+02,3.1902e+02,3.1900e+02,3.1899e+02,3.1897e+02,3.1896e+02,3.1894e+02,3.1893e+02,3.1892e+02,3.1890e+02,3.1889e+02,3.1888e+02,3.1887e+02,3.1886e+02,3.1885e+02,3.1884e+02,3.1883e+02,3.1882e+02,3.1881e+02,3.1880e+02,3.1879e+02,3.1878e+02,3.1878e+02,3.1877e+02,3.1876e+02,3.1876e+02,3.1875e+02,3.1875e+02,3.1875e+02,3.1874e+02,3.1874e+02,3.1874e+02,3.1874e+02,3.1874e+02,3.2002e+02,3.2002e+02,3.2002e+02,3.2002e+02,3.2001e+02,3.2001e+02,3.2000e+02,3.2000e+02,3.1999e+02,3.1999e+02,3.1998e+02,3.1997e+02,3.1996e+02,3.1995e+02,3.1994e+02,3.1993e+02,3.1991e+02,3.1990e+02,3.1988e+02,3.1987e+02,3.1985e+02,3.1983e+02,3.1981e+02,3.1979e+02,3.1977e+02,3.1975e+02,3.1973e+02,3.1971e+02,3.1969e+02,3.1967e+02,3.1965e+02,3.1963e+02,3.1961e+02,3.1960e+02,3.1958e+02,3.1956e+02,3.1954e+02,3.1953e+02,3.1951e+02,3.1949e+02,3.1948e+02,3.1946e+02,3.1945e+02,3.1943e+02,3.1941e+02,3.1940e+02,3.1938e+02,3.1936e+02,3.1935e+02,3.1933e+02,3.1931e+02,3.1929e+02,3.1928e+02,3.1926e+02,3.1924e+02,3.1922e+02,3.1920e+02,3.1918e+02,3.1916e+02,3.1915e+02,3.1913e+02,3.1911e+02,3.1909e+02,3.1907e+02,3.1906e+02,3.1904e+02,3.1902e+02,3.1901e+02,3.1899e+02,3.1898e+02,3.1896e+02,3.1895e+02,3.1894e+02,3.1892e+02,3.1891e+02,3.1890e+02,3.1889e+02,3.1888e+02,3.1887e+02,3.1886e+02,3.1884e+02,3.1884e+02,3.1883e+02,3.1882e+02,3.1881e+02,3.1880e+02,3.1879e+02,3.1879e+02,3.1878e+02,3.1877e+02,3.1877e+02,3.1876e+02,3.1876e+02,3.1876e+02,3.1875e+02,3.1875e+02,3.1875e+02,3.1875e+02,3.1875e+02,3.1875e+02,3.1993e+02,3.1993e+02,3.1993e+02,3.1993e+02,3.1993e+02,3.1992e+02,3.1992e+02,3.1991e+02,3.1991e+02,3.1990e+02,3.1990e+02,3.1989e+02,3.1988e+02,3.1987e+02,3.1986e+02,3.1985e+02,3.1984e+02,3.1982e+02,3.1981e+02,3.1979e+02,3.1978e+02,3.1976e+02,3.1974e+02,3.1973e+02,3.1971e+02,3.1969e+02,3.1967e+02,3.1965e+02,3.1964e+02,3.1962e+02,3.1960e+02,3.1958e+02,3.1957e+02,3.1955e+02,3.1953e+02,3.1952e+02,3.1950e+02,3.1949e+02,3.1947e+02,3.1946e+02,3.1944e+02,3.1942e+02,3.1941e+02,3.1939e+02,3.1938e+02,3.1936e+02,3.1935e+02,3.1933e+02,3.1932e+02,3.1930e+02,3.1928e+02,3.1927e+02,3.1925e+02,3.1923e+02,3.1921e+02,3.1920e+02,3.1918e+02,3.1916e+02,3.1914e+02,3.1913e+02,3.1911e+02,3.1909e+02,3.1908e+02,3.1906e+02,3.1904e+02,3.1903e+02,3.1901e+02,3.1900e+02,3.1898e+02,3.1897e+02,3.1896e+02,3.1894e+02,3.1893e+02,3.1892e+02,3.1891e+02,3.1890e+02,3.1888e+02,3.1887e+02,3.1886e+02,3.1885e+02,3.1884e+02,3.1884e+02,3.1883e+02,3.1882e+02,3.1881e+02,3.1880e+02,3.1880e+02,3.1879e+02,3.1878e+02,3.1878e+02,3.1877e+02,3.1877e+02,3.1877e+02,3.1876e+02,3.1876e+02,3.1876e+02,3.1875e+02,3.1875e+02,3.1875e+02,3.1875e+02,3.1985e+02,3.1985e+02,3.1985e+02,3.1985e+02,3.1985e+02,3.1984e+02,3.1984e+02,3.1984e+02,3.1983e+02,3.1983e+02,3.1982e+02,3.1981e+02,3.1980e+02,3.1979e+02,3.1979e+02,3.1978e+02,3.1976e+02,3.1975e+02,3.1974e+02,3.1973e+02,3.1971e+02,3.1970e+02,3.1968e+02,3.1967e+02,3.1965e+02,3.1963e+02,3.1962e+02,3.1960e+02,3.1959e+02,3.1957e+02,3.1955e+02,3.1954e+02,3.1952e+02,3.1951e+02,3.1949e+02,3.1948e+02,3.1946e+02,3.1945e+02,3.1943e+02,3.1942e+02,3.1940e+02,3.1939e+02,3.1938e+02,3.1936e+02,3.1935e+02,3.1933e+02,3.1932e+02,3.1930e+02,3.1929e+02,3.1927e+02,3.1926e+02,3.1924e+02,3.1922e+02,3.1921e+02,3.1919e+02,3.1917e+02,3.1916e+02,3.1914e+02,3.1913e+02,3.1911e+02,3.1909e+02,3.1908e+02,3.1906e+02,3.1905e+02,3.1903e+02,3.1902e+02,3.1900e+02,3.1899e+02,3.1898e+02,3.1896e+02,3.1895e+02,3.1894e+02,3.1893e+02,3.1891e+02,3.1890e+02,3.1889e+02,3.1888e+02,3.1887e+02,3.1886e+02,3.1885e+02,3.1884e+02,3.1884e+02,3.1883e+02,3.1882e+02,3.1881e+02,3.1881e+02,3.1880e+02,3.1879e+02,3.1879e+02,3.1878e+02,3.1878e+02,3.1877e+02,3.1877e+02,3.1877e+02,3.1876e+02,3.1876e+02,3.1876e+02,3.1876e+02,3.1876e+02,3.1876e+02,3.1978e+02,3.1978e+02,3.1978e+02,3.1978e+02,3.1978e+02,3.1977e+02,3.1977e+02,3.1977e+02,3.1976e+02,3.1976e+02,3.1975e+02,3.1974e+02,3.1974e+02,3.1973e+02,3.1972e+02,3.1971e+02,3.1970e+02,3.1969e+02,3.1968e+02,3.1967e+02,3.1965e+02,3.1964e+02,3.1963e+02,3.1961e+02,3.1960e+02,3.1958e+02,3.1957e+02,3.1955e+02,3.1954e+02,3.1952e+02,3.1951e+02,3.1950e+02,3.1948e+02,3.1947e+02,3.1945e+02,3.1944e+02,3.1943e+02,3.1941e+02,3.1940e+02,3.1938e+02,3.1937e+02,3.1936e+02,3.1934e+02,3.1933e+02,3.1932e+02,3.1930e+02,3.1929e+02,3.1927e+02,3.1926e+02,3.1924e+02,3.1923e+02,3.1921e+02,3.1920e+02,3.1918e+02,3.1917e+02,3.1915e+02,3.1914e+02,3.1912e+02,3.1911e+02,3.1909e+02,3.1908e+02,3.1906e+02,3.1905e+02,3.1903e+02,3.1902e+02,3.1901e+02,3.1899e+02,3.1898e+02,3.1897e+02,3.1895e+02,3.1894e+02,3.1893e+02,3.1892e+02,3.1891e+02,3.1890e+02,3.1889e+02,3.1888e+02,3.1887e+02,3.1886e+02,3.1885e+02,3.1884e+02,3.1884e+02,3.1883e+02,3.1882e+02,3.1881e+02,3.1881e+02,3.1880e+02,3.1880e+02,3.1879e+02,3.1879e+02,3.1878e+02,3.1878e+02,3.1878e+02,3.1877e+02,3.1877e+02,3.1877e+02,3.1877e+02,3.1876e+02,3.1876e+02,3.1876e+02,3.1972e+02,3.1972e+02,3.1972e+02,3.1971e+02,3.1971e+02,3.1971e+02,3.1971e+02,3.1970e+02,3.1970e+02,3.1969e+02,3.1969e+02,3.1968e+02,3.1967e+02,3.1967e+02,3.1966e+02,3.1965e+02,3.1964e+02,3.1963e+02,3.1962e+02,3.1961e+02,3.1960e+02,3.1959e+02,3.1957e+02,3.1956e+02,3.1955e+02,3.1954e+02,3.1952e+02,3.1951e+02,3.1950e+02,3.1948e+02,3.1947e+02,3.1946e+02,3.1944e+02,3.1943e+02,3.1942e+02,3.1940e+02,3.1939e+02,3.1938e+02,3.1937e+02,3.1935e+02,3.1934e+02,3.1933e+02,3.1931e+02,3.1930e+02,3.1929e+02,3.1927e+02,3.1926e+02,3.1925e+02,3.1923e+02,3.1922e+02,3.1921e+02,3.1919e+02,3.1918e+02,3.1916e+02,3.1915e+02,3.1914e+02,3.1912e+02,3.1911e+02,3.1909e+02,3.1908e+02,3.1906e+02,3.1905e+02,3.1904e+02,3.1902e+02,3.1901e+02,3.1900e+02,3.1898e+02,3.1897e+02,3.1896e+02,3.1895e+02,3.1894e+02,3.1893e+02,3.1892e+02,3.1891e+02,3.1890e+02,3.1889e+02,3.1888e+02,3.1887e+02,3.1886e+02,3.1885e+02,3.1884e+02,3.1884e+02,3.1883e+02,3.1882e+02,3.1882e+02,3.1881e+02,3.1880e+02,3.1880e+02,3.1879e+02,3.1879e+02,3.1879e+02,3.1878e+02,3.1878e+02,3.1878e+02,3.1877e+02,3.1877e+02,3.1877e+02,3.1877e+02,3.1877e+02,3.1877e+02,3.1966e+02,3.1966e+02,3.1966e+02,3.1966e+02,3.1965e+02,3.1965e+02,3.1965e+02,3.1964e+02,3.1964e+02,3.1964e+02,3.1963e+02,3.1963e+02,3.1962e+02,3.1961e+02,3.1960e+02,3.1960e+02,3.1959e+02,3.1958e+02,3.1957e+02,3.1956e+02,3.1955e+02,3.1954e+02,3.1953e+02,3.1952e+02,3.1951e+02,3.1949e+02,3.1948e+02,3.1947e+02,3.1946e+02,3.1944e+02,3.1943e+02,3.1942e+02,3.1941e+02,3.1940e+02,3.1938e+02,3.1937e+02,3.1936e+02,3.1935e+02,3.1934e+02,3.1932e+02,3.1931e+02,3.1930e+02,3.1929e+02,3.1927e+02,3.1926e+02,3.1925e+02,3.1924e+02,3.1922e+02,3.1921e+02,3.1920e+02,3.1918e+02,3.1917e+02,3.1916e+02,3.1915e+02,3.1913e+02,3.1912e+02,3.1910e+02,3.1909e+02,3.1908e+02,3.1906e+02,3.1905e+02,3.1904e+02,3.1903e+02,3.1901e+02,3.1900e+02,3.1899e+02,3.1898e+02,3.1896e+02,3.1895e+02,3.1894e+02,3.1893e+02,3.1892e+02,3.1891e+02,3.1890e+02,3.1889e+02,3.1888e+02,3.1888e+02,3.1887e+02,3.1886e+02,3.1885e+02,3.1884e+02,3.1884e+02,3.1883e+02,3.1882e+02,3.1882e+02,3.1881e+02,3.1881e+02,3.1880e+02,3.1880e+02,3.1879e+02,3.1879e+02,3.1879e+02,3.1878e+02,3.1878e+02,3.1878e+02,3.1878e+02,3.1877e+02,3.1877e+02,3.1877e+02,3.1877e+02,3.1961e+02,3.1961e+02,3.1961e+02,3.1960e+02,3.1960e+02,3.1960e+02,3.1960e+02,3.1959e+02,3.1959e+02,3.1959e+02,3.1958e+02,3.1958e+02,3.1957e+02,3.1956e+02,3.1956e+02,3.1955e+02,3.1954e+02,3.1953e+02,3.1953e+02,3.1952e+02,3.1951e+02,3.1950e+02,3.1949e+02,3.1948e+02,3.1947e+02,3.1946e+02,3.1944e+02,3.1943e+02,3.1942e+02,3.1941e+02,3.1940e+02,3.1939e+02,3.1938e+02,3.1936e+02,3.1935e+02,3.1934e+02,3.1933e+02,3.1932e+02,3.1931e+02,3.1930e+02,3.1928e+02,3.1927e+02,3.1926e+02,3.1925e+02,3.1924e+02,3.1923e+02,3.1921e+02,3.1920e+02,3.1919e+02,3.1918e+02,3.1917e+02,3.1915e+02,3.1914e+02,3.1913e+02,3.1912e+02,3.1910e+02,3.1909e+02,3.1908e+02,3.1906e+02,3.1905e+02,3.1904e+02,3.1903e+02,3.1902e+02,3.1900e+02,3.1899e+02,3.1898e+02,3.1897e+02,3.1896e+02,3.1895e+02,3.1894e+02,3.1893e+02,3.1892e+02,3.1891e+02,3.1890e+02,3.1889e+02,3.1888e+02,3.1887e+02,3.1887e+02,3.1886e+02,3.1885e+02,3.1884e+02,3.1884e+02,3.1883e+02,3.1883e+02,3.1882e+02,3.1881e+02,3.1881e+02,3.1880e+02,3.1880e+02,3.1880e+02,3.1879e+02,3.1879e+02,3.1879e+02,3.1878e+02,3.1878e+02,3.1878e+02,3.1878e+02,3.1878e+02,3.1878e+02,3.1878e+02,3.1956e+02,3.1956e+02,3.1956e+02,3.1956e+02,3.1956e+02,3.1955e+02,3.1955e+02,3.1955e+02,3.1954e+02,3.1954e+02,3.1954e+02,3.1953e+02,3.1953e+02,3.1952e+02,3.1951e+02,3.1951e+02,3.1950e+02,3.1949e+02,3.1948e+02,3.1948e+02,3.1947e+02,3.1946e+02,3.1945e+02,3.1944e+02,3.1943e+02,3.1942e+02,3.1941e+02,3.1940e+02,3.1939e+02,3.1938e+02,3.1937e+02,3.1936e+02,3.1935e+02,3.1934e+02,3.1933e+02,3.1932e+02,3.1930e+02,3.1929e+02,3.1928e+02,3.1927e+02,3.1926e+02,3.1925e+02,3.1924e+02,3.1923e+02,3.1922e+02,3.1921e+02,3.1919e+02,3.1918e+02,3.1917e+02,3.1916e+02,3.1915e+02,3.1914e+02,3.1912e+02,3.1911e+02,3.1910e+02,3.1909e+02,3.1908e+02,3.1906e+02,3.1905e+02,3.1904e+02,3.1903e+02,3.1902e+02,3.1901e+02,3.1899e+02,3.1898e+02,3.1897e+02,3.1896e+02,3.1895e+02,3.1894e+02,3.1893e+02,3.1892e+02,3.1891e+02,3.1890e+02,3.1890e+02,3.1889e+02,3.1888e+02,3.1887e+02,3.1886e+02,3.1886e+02,3.1885e+02,3.1884e+02,3.1884e+02,3.1883e+02,3.1883e+02,3.1882e+02,3.1882e+02,3.1881e+02,3.1881e+02,3.1880e+02,3.1880e+02,3.1880e+02,3.1879e+02,3.1879e+02,3.1879e+02,3.1879e+02,3.1878e+02,3.1878e+02,3.1878e+02,3.1878e+02,3.1878e+02,3.1952e+02,3.1952e+02,3.1952e+02,3.1952e+02,3.1952e+02,3.1951e+02,3.1951e+02,3.1951e+02,3.1951e+02,3.1950e+02,3.1950e+02,3.1949e+02,3.1949e+02,3.1948e+02,3.1948e+02,3.1947e+02,3.1946e+02,3.1946e+02,3.1945e+02,3.1944e+02,3.1943e+02,3.1943e+02,3.1942e+02,3.1941e+02,3.1940e+02,3.1939e+02,3.1938e+02,3.1937e+02,3.1936e+02,3.1935e+02,3.1934e+02,3.1933e+02,3.1932e+02,3.1931e+02,3.1930e+02,3.1929e+02,3.1928e+02,3.1927e+02,3.1926e+02,3.1925e+02,3.1924e+02,3.1923e+02,3.1922e+02,3.1921e+02,3.1920e+02,3.1919e+02,3.1918e+02,3.1917e+02,3.1915e+02,3.1914e+02,3.1913e+02,3.1912e+02,3.1911e+02,3.1910e+02,3.1909e+02,3.1908e+02,3.1906e+02,3.1905e+02,3.1904e+02,3.1903e+02,3.1902e+02,3.1901e+02,3.1900e+02,3.1899e+02,3.1898e+02,3.1897e+02,3.1896e+02,3.1895e+02,3.1894e+02,3.1893e+02,3.1892e+02,3.1891e+02,3.1890e+02,3.1889e+02,3.1889e+02,3.1888e+02,3.1887e+02,3.1886e+02,3.1886e+02,3.1885e+02,3.1884e+02,3.1884e+02,3.1883e+02,3.1883e+02,3.1882e+02,3.1882e+02,3.1881e+02,3.1881e+02,3.1880e+02,3.1880e+02,3.1880e+02,3.1880e+02,3.1879e+02,3.1879e+02,3.1879e+02,3.1879e+02,3.1879e+02,3.1878e+02,3.1878e+02,3.1878e+02,3.1948e+02,3.1948e+02,3.1948e+02,3.1948e+02,3.1948e+02,3.1948e+02,3.1948e+02,3.1947e+02,3.1947e+02,3.1947e+02,3.1946e+02,3.1946e+02,3.1945e+02,3.1945e+02,3.1944e+02,3.1944e+02,3.1943e+02,3.1943e+02,3.1942e+02,3.1941e+02,3.1940e+02,3.1940e+02,3.1939e+02,3.1938e+02,3.1937e+02,3.1936e+02,3.1935e+02,3.1935e+02,3.1934e+02,3.1933e+02,3.1932e+02,3.1931e+02,3.1930e+02,3.1929e+02,3.1928e+02,3.1927e+02,3.1926e+02,3.1925e+02,3.1924e+02,3.1923e+02,3.1922e+02,3.1921e+02,3.1920e+02,3.1919e+02,3.1918e+02,3.1917e+02,3.1916e+02,3.1915e+02,3.1914e+02,3.1913e+02,3.1912e+02,3.1911e+02,3.1910e+02,3.1909e+02,3.1908e+02,3.1906e+02,3.1905e+02,3.1904e+02,3.1903e+02,3.1902e+02,3.1901e+02,3.1900e+02,3.1899e+02,3.1898e+02,3.1897e+02,3.1896e+02,3.1895e+02,3.1894e+02,3.1893e+02,3.1892e+02,3.1892e+02,3.1891e+02,3.1890e+02,3.1889e+02,3.1888e+02,3.1888e+02,3.1887e+02,3.1886e+02,3.1886e+02,3.1885e+02,3.1884e+02,3.1884e+02,3.1883e+02,3.1883e+02,3.1882e+02,3.1882e+02,3.1881e+02,3.1881e+02,3.1881e+02,3.1880e+02,3.1880e+02,3.1880e+02,3.1879e+02,3.1879e+02,3.1879e+02,3.1879e+02,3.1879e+02,3.1879e+02,3.1879e+02,3.1879e+02,3.1945e+02,3.1945e+02,3.1945e+02,3.1945e+02,3.1945e+02,3.1945e+02,3.1945e+02,3.1944e+02,3.1944e+02,3.1944e+02,3.1943e+02,3.1943e+02,3.1943e+02,3.1942e+02,3.1942e+02,3.1941e+02,3.1940e+02,3.1940e+02,3.1939e+02,3.1939e+02,3.1938e+02,3.1937e+02,3.1936e+02,3.1936e+02,3.1935e+02,3.1934e+02,3.1933e+02,3.1932e+02,3.1931e+02,3.1931e+02,3.1930e+02,3.1929e+02,3.1928e+02,3.1927e+02,3.1926e+02,3.1925e+02,3.1924e+02,3.1923e+02,3.1922e+02,3.1922e+02,3.1921e+02,3.1920e+02,3.1919e+02,3.1918e+02,3.1917e+02,3.1916e+02,3.1915e+02,3.1914e+02,3.1913e+02,3.1912e+02,3.1911e+02,3.1910e+02,3.1909e+02,3.1908e+02,3.1907e+02,3.1906e+02,3.1905e+02,3.1903e+02,3.1902e+02,3.1901e+02,3.1900e+02,3.1899e+02,3.1898e+02,3.1898e+02,3.1897e+02,3.1896e+02,3.1895e+02,3.1894e+02,3.1893e+02,3.1892e+02,3.1891e+02,3.1890e+02,3.1890e+02,3.1889e+02,3.1888e+02,3.1888e+02,3.1887e+02,3.1886e+02,3.1886e+02,3.1885e+02,3.1884e+02,3.1884e+02,3.1883e+02,3.1883e+02,3.1882e+02,3.1882e+02,3.1882e+02,3.1881e+02,3.1881e+02,3.1880e+02,3.1880e+02,3.1880e+02,3.1880e+02,3.1879e+02,3.1879e+02,3.1879e+02,3.1879e+02,3.1879e+02,3.1879e+02,3.1879e+02,3.1943e+02,3.1943e+02,3.1943e+02,3.1943e+02,3.1943e+02,3.1942e+02,3.1942e+02,3.1942e+02,3.1942e+02,3.1941e+02,3.1941e+02,3.1941e+02,3.1940e+02,3.1940e+02,3.1939e+02,3.1939e+02,3.1938e+02,3.1938e+02,3.1937e+02,3.1936e+02,3.1936e+02,3.1935e+02,3.1934e+02,3.1934e+02,3.1933e+02,3.1932e+02,3.1931e+02,3.1930e+02,3.1930e+02,3.1929e+02,3.1928e+02,3.1927e+02,3.1926e+02,3.1925e+02,3.1925e+02,3.1924e+02,3.1923e+02,3.1922e+02,3.1921e+02,3.1920e+02,3.1919e+02,3.1918e+02,3.1917e+02,3.1916e+02,3.1915e+02,3.1915e+02,3.1914e+02,3.1913e+02,3.1912e+02,3.1911e+02,3.1910e+02,3.1909e+02,3.1908e+02,3.1907e+02,3.1906e+02,3.1905e+02,3.1904e+02,3.1903e+02,3.1902e+02,3.1901e+02,3.1900e+02,3.1899e+02,3.1898e+02,3.1897e+02,3.1896e+02,3.1895e+02,3.1894e+02,3.1893e+02,3.1893e+02,3.1892e+02,3.1891e+02,3.1890e+02,3.1890e+02,3.1889e+02,3.1888e+02,3.1887e+02,3.1887e+02,3.1886e+02,3.1886e+02,3.1885e+02,3.1884e+02,3.1884e+02,3.1883e+02,3.1883e+02,3.1882e+02,3.1882e+02,3.1882e+02,3.1881e+02,3.1881e+02,3.1881e+02,3.1880e+02,3.1880e+02,3.1880e+02,3.1880e+02,3.1880e+02,3.1879e+02,3.1879e+02,3.1879e+02,3.1879e+02,3.1879e+02,3.1941e+02,3.1941e+02,3.1941e+02,3.1941e+02,3.1940e+02,3.1940e+02,3.1940e+02,3.1940e+02,3.1940e+02,3.1939e+02,3.1939e+02,3.1939e+02,3.1938e+02,3.1938e+02,3.1937e+02,3.1937e+02,3.1936e+02,3.1936e+02,3.1935e+02,3.1935e+02,3.1934e+02,3.1933e+02,3.1933e+02,3.1932e+02,3.1931e+02,3.1930e+02,3.1930e+02,3.1929e+02,3.1928e+02,3.1927e+02,3.1927e+02,3.1926e+02,3.1925e+02,3.1924e+02,3.1923e+02,3.1922e+02,3.1922e+02,3.1921e+02,3.1920e+02,3.1919e+02,3.1918e+02,3.1917e+02,3.1916e+02,3.1915e+02,3.1914e+02,3.1914e+02,3.1913e+02,3.1912e+02,3.1911e+02,3.1910e+02,3.1909e+02,3.1908e+02,3.1907e+02,3.1906e+02,3.1905e+02,3.1904e+02,3.1903e+02,3.1902e+02,3.1901e+02,3.1900e+02,3.1899e+02,3.1898e+02,3.1898e+02,3.1897e+02,3.1896e+02,3.1895e+02,3.1894e+02,3.1893e+02,3.1892e+02,3.1892e+02,3.1891e+02,3.1890e+02,3.1889e+02,3.1889e+02,3.1888e+02,3.1887e+02,3.1887e+02,3.1886e+02,3.1885e+02,3.1885e+02,3.1884e+02,3.1884e+02,3.1883e+02,3.1883e+02,3.1883e+02,3.1882e+02,3.1882e+02,3.1881e+02,3.1881e+02,3.1881e+02,3.1880e+02,3.1880e+02,3.1880e+02,3.1880e+02,3.1880e+02,3.1880e+02,3.1879e+02,3.1879e+02,3.1879e+02,3.1879e+02,3.1939e+02,3.1939e+02,3.1939e+02,3.1939e+02,3.1939e+02,3.1939e+02,3.1938e+02,3.1938e+02,3.1938e+02,3.1938e+02,3.1937e+02,3.1937e+02,3.1937e+02,3.1936e+02,3.1936e+02,3.1935e+02,3.1935e+02,3.1934e+02,3.1934e+02,3.1933e+02,3.1932e+02,3.1932e+02,3.1931e+02,3.1931e+02,3.1930e+02,3.1929e+02,3.1928e+02,3.1928e+02,3.1927e+02,3.1926e+02,3.1925e+02,3.1925e+02,3.1924e+02,3.1923e+02,3.1922e+02,3.1921e+02,3.1921e+02,3.1920e+02,3.1919e+02,3.1918e+02,3.1917e+02,3.1916e+02,3.1915e+02,3.1915e+02,3.1914e+02,3.1913e+02,3.1912e+02,3.1911e+02,3.1910e+02,3.1909e+02,3.1908e+02,3.1907e+02,3.1906e+02,3.1905e+02,3.1904e+02,3.1904e+02,3.1903e+02,3.1902e+02,3.1901e+02,3.1900e+02,3.1899e+02,3.1898e+02,3.1897e+02,3.1896e+02,3.1895e+02,3.1895e+02,3.1894e+02,3.1893e+02,3.1892e+02,3.1891e+02,3.1891e+02,3.1890e+02,3.1889e+02,3.1889e+02,3.1888e+02,3.1887e+02,3.1887e+02,3.1886e+02,3.1885e+02,3.1885e+02,3.1884e+02,3.1884e+02,3.1883e+02,3.1883e+02,3.1883e+02,3.1882e+02,3.1882e+02,3.1881e+02,3.1881e+02,3.1881e+02,3.1881e+02,3.1880e+02,3.1880e+02,3.1880e+02,3.1880e+02,3.1880e+02,3.1880e+02,3.1879e+02,3.1879e+02,3.1879e+02,3.1938e+02,3.1938e+02,3.1938e+02,3.1938e+02,3.1938e+02,3.1937e+02,3.1937e+02,3.1937e+02,3.1937e+02,3.1936e+02,3.1936e+02,3.1936e+02,3.1935e+02,3.1935e+02,3.1935e+02,3.1934e+02,3.1934e+02,3.1933e+02,3.1933e+02,3.1932e+02,3.1931e+02,3.1931e+02,3.1930e+02,3.1930e+02,3.1929e+02,3.1928e+02,3.1928e+02,3.1927e+02,3.1926e+02,3.1925e+02,3.1925e+02,3.1924e+02,3.1923e+02,3.1922e+02,3.1921e+02,3.1921e+02,3.1920e+02,3.1919e+02,3.1918e+02,3.1917e+02,3.1916e+02,3.1916e+02,3.1915e+02,3.1914e+02,3.1913e+02,3.1912e+02,3.1911e+02,3.1910e+02,3.1909e+02,3.1909e+02,3.1908e+02,3.1907e+02,3.1906e+02,3.1905e+02,3.1904e+02,3.1903e+02,3.1902e+02,3.1901e+02,3.1900e+02,3.1900e+02,3.1899e+02,3.1898e+02,3.1897e+02,3.1896e+02,3.1895e+02,3.1894e+02,3.1894e+02,3.1893e+02,3.1892e+02,3.1891e+02,3.1891e+02,3.1890e+02,3.1889e+02,3.1888e+02,3.1888e+02,3.1887e+02,3.1887e+02,3.1886e+02,3.1885e+02,3.1885e+02,3.1884e+02,3.1884e+02,3.1883e+02,3.1883e+02,3.1883e+02,3.1882e+02,3.1882e+02,3.1882e+02,3.1881e+02,3.1881e+02,3.1881e+02,3.1880e+02,3.1880e+02,3.1880e+02,3.1880e+02,3.1880e+02,3.1880e+02,3.1880e+02,3.1880e+02,3.1879e+02,3.1937e+02,3.1937e+02,3.1937e+02,3.1937e+02,3.1937e+02,3.1937e+02,3.1936e+02,3.1936e+02,3.1936e+02,3.1936e+02,3.1935e+02,3.1935e+02,3.1935e+02,3.1934e+02,3.1934e+02,3.1933e+02,3.1933e+02,3.1932e+02,3.1932e+02,3.1931e+02,3.1931e+02,3.1930e+02,3.1930e+02,3.1929e+02,3.1928e+02,3.1928e+02,3.1927e+02,3.1926e+02,3.1925e+02,3.1925e+02,3.1924e+02,3.1923e+02,3.1922e+02,3.1922e+02,3.1921e+02,3.1920e+02,3.1919e+02,3.1919e+02,3.1918e+02,3.1917e+02,3.1916e+02,3.1915e+02,3.1914e+02,3.1913e+02,3.1913e+02,3.1912e+02,3.1911e+02,3.1910e+02,3.1909e+02,3.1908e+02,3.1907e+02,3.1906e+02,3.1906e+02,3.1905e+02,3.1904e+02,3.1903e+02,3.1902e+02,3.1901e+02,3.1900e+02,3.1899e+02,3.1898e+02,3.1898e+02,3.1897e+02,3.1896e+02,3.1895e+02,3.1894e+02,3.1893e+02,3.1893e+02,3.1892e+02,3.1891e+02,3.1890e+02,3.1890e+02,3.1889e+02,3.1888e+02,3.1888e+02,3.1887e+02,3.1887e+02,3.1886e+02,3.1885e+02,3.1885e+02,3.1884e+02,3.1884e+02,3.1883e+02,3.1883e+02,3.1883e+02,3.1882e+02,3.1882e+02,3.1882e+02,3.1881e+02,3.1881e+02,3.1881e+02,3.1880e+02,3.1880e+02,3.1880e+02,3.1880e+02,3.1880e+02,3.1880e+02,3.1880e+02,3.1880e+02,3.1880e+02,3.1937e+02,3.1937e+02,3.1937e+02,3.1936e+02,3.1936e+02,3.1936e+02,3.1936e+02,3.1936e+02,3.1936e+02,3.1935e+02,3.1935e+02,3.1935e+02,3.1934e+02,3.1934e+02,3.1933e+02,3.1933e+02,3.1933e+02,3.1932e+02,3.1932e+02,3.1931e+02,3.1930e+02,3.1930e+02,3.1929e+02,3.1929e+02,3.1928e+02,3.1927e+02,3.1927e+02,3.1926e+02,3.1925e+02,3.1924e+02,3.1924e+02,3.1923e+02,3.1922e+02,3.1921e+02,3.1921e+02,3.1920e+02,3.1919e+02,3.1918e+02,3.1917e+02,3.1917e+02,3.1916e+02,3.1915e+02,3.1914e+02,3.1913e+02,3.1912e+02,3.1912e+02,3.1911e+02,3.1910e+02,3.1909e+02,3.1908e+02,3.1907e+02,3.1906e+02,3.1905e+02,3.1905e+02,3.1904e+02,3.1903e+02,3.1902e+02,3.1901e+02,3.1900e+02,3.1899e+02,3.1898e+02,3.1897e+02,3.1897e+02,3.1896e+02,3.1895e+02,3.1894e+02,3.1893e+02,3.1893e+02,3.1892e+02,3.1891e+02,3.1890e+02,3.1890e+02,3.1889e+02,3.1888e+02,3.1888e+02,3.1887e+02,3.1887e+02,3.1886e+02,3.1885e+02,3.1885e+02,3.1884e+02,3.1884e+02,3.1883e+02,3.1883e+02,3.1883e+02,3.1882e+02,3.1882e+02,3.1882e+02,3.1881e+02,3.1881e+02,3.1881e+02,3.1881e+02,3.1880e+02,3.1880e+02,3.1880e+02,3.1880e+02,3.1880e+02,3.1880e+02,3.1880e+02,3.1880e+02,3.1990e+02,3.1990e+02,3.1990e+02,3.1990e+02,3.1990e+02,3.1991e+02,3.1991e+02,3.1991e+02,3.1992e+02,3.1993e+02,3.1993e+02,3.1994e+02,3.1995e+02,3.1995e+02,3.1996e+02,3.1997e+02,3.1998e+02,3.1999e+02,3.2000e+02,3.2001e+02,3.2002e+02,3.2003e+02,3.2004e+02,3.2005e+02,3.2006e+02,3.2007e+02,3.2008e+02,3.2009e+02,3.2010e+02,3.2011e+02,3.2012e+02,3.2012e+02,3.2013e+02,3.2014e+02,3.2015e+02,3.2015e+02,3.2016e+02,3.2016e+02,3.2017e+02,3.2017e+02,3.2017e+02,3.2018e+02,3.2018e+02,3.2018e+02,3.2018e+02,3.2018e+02,3.2018e+02,3.2018e+02,3.2017e+02,3.2017e+02,3.2017e+02,3.2016e+02,3.2016e+02,3.2015e+02,3.2014e+02,3.2014e+02,3.2013e+02,3.2012e+02,3.2011e+02,3.2010e+02,3.2009e+02,3.2008e+02,3.2007e+02,3.2006e+02,3.2005e+02,3.2004e+02,3.2003e+02,3.2002e+02,3.2000e+02,3.1999e+02,3.1998e+02,3.1997e+02,3.1995e+02,3.1994e+02,3.1993e+02,3.1992e+02,3.1990e+02,3.1989e+02,3.1988e+02,3.1986e+02,3.1985e+02,3.1984e+02,3.1983e+02,3.1982e+02,3.1981e+02,3.1980e+02,3.1979e+02,3.1978e+02,3.1977e+02,3.1976e+02,3.1975e+02,3.1975e+02,3.1974e+02,3.1973e+02,3.1973e+02,3.1973e+02,3.1972e+02,3.1972e+02,3.1972e+02,3.1972e+02,3.1990e+02,3.1990e+02,3.1990e+02,3.1990e+02,3.1990e+02,3.1991e+02,3.1991e+02,3.1992e+02,3.1992e+02,3.1993e+02,3.1993e+02,3.1994e+02,3.1995e+02,3.1995e+02,3.1996e+02,3.1997e+02,3.1998e+02,3.1999e+02,3.2000e+02,3.2001e+02,3.2002e+02,3.2003e+02,3.2004e+02,3.2005e+02,3.2006e+02,3.2007e+02,3.2008e+02,3.2009e+02,3.2010e+02,3.2011e+02,3.2012e+02,3.2013e+02,3.2013e+02,3.2014e+02,3.2015e+02,3.2016e+02,3.2016e+02,3.2017e+02,3.2017e+02,3.2018e+02,3.2018e+02,3.2018e+02,3.2018e+02,3.2018e+02,3.2018e+02,3.2018e+02,3.2018e+02,3.2018e+02,3.2018e+02,3.2017e+02,3.2017e+02,3.2017e+02,3.2016e+02,3.2015e+02,3.2015e+02,3.2014e+02,3.2013e+02,3.2012e+02,3.2012e+02,3.2011e+02,3.2010e+02,3.2009e+02,3.2008e+02,3.2007e+02,3.2005e+02,3.2004e+02,3.2003e+02,3.2002e+02,3.2001e+02,3.1999e+02,3.1998e+02,3.1997e+02,3.1996e+02,3.1994e+02,3.1993e+02,3.1992e+02,3.1990e+02,3.1989e+02,3.1988e+02,3.1987e+02,3.1985e+02,3.1984e+02,3.1983e+02,3.1982e+02,3.1981e+02,3.1980e+02,3.1979e+02,3.1978e+02,3.1977e+02,3.1976e+02,3.1975e+02,3.1975e+02,3.1974e+02,3.1973e+02,3.1973e+02,3.1972e+02,3.1972e+02,3.1972e+02,3.1972e+02,3.1972e+02,3.1990e+02,3.1990e+02,3.1990e+02,3.1990e+02,3.1990e+02,3.1991e+02,3.1991e+02,3.1992e+02,3.1992e+02,3.1993e+02,3.1993e+02,3.1994e+02,3.1995e+02,3.1996e+02,3.1996e+02,3.1997e+02,3.1998e+02,3.1999e+02,3.2000e+02,3.2001e+02,3.2002e+02,3.2003e+02,3.2004e+02,3.2005e+02,3.2006e+02,3.2007e+02,3.2008e+02,3.2010e+02,3.2010e+02,3.2011e+02,3.2012e+02,3.2013e+02,3.2014e+02,3.2015e+02,3.2016e+02,3.2016e+02,3.2017e+02,3.2017e+02,3.2018e+02,3.2018e+02,3.2019e+02,3.2019e+02,3.2019e+02,3.2019e+02,3.2019e+02,3.2019e+02,3.2019e+02,3.2019e+02,3.2018e+02,3.2018e+02,3.2018e+02,3.2017e+02,3.2017e+02,3.2016e+02,3.2015e+02,3.2015e+02,3.2014e+02,3.2013e+02,3.2012e+02,3.2011e+02,3.2010e+02,3.2009e+02,3.2008e+02,3.2007e+02,3.2006e+02,3.2005e+02,3.2004e+02,3.2002e+02,3.2001e+02,3.2000e+02,3.1999e+02,3.1997e+02,3.1996e+02,3.1995e+02,3.1993e+02,3.1992e+02,3.1991e+02,3.1989e+02,3.1988e+02,3.1987e+02,3.1985e+02,3.1984e+02,3.1983e+02,3.1982e+02,3.1981e+02,3.1980e+02,3.1979e+02,3.1978e+02,3.1977e+02,3.1976e+02,3.1975e+02,3.1974e+02,3.1974e+02,3.1973e+02,3.1973e+02,3.1972e+02,3.1972e+02,3.1972e+02,3.1972e+02,3.1971e+02,3.1990e+02,3.1990e+02,3.1990e+02,3.1990e+02,3.1991e+02,3.1991e+02,3.1991e+02,3.1992e+02,3.1992e+02,3.1993e+02,3.1994e+02,3.1994e+02,3.1995e+02,3.1996e+02,3.1997e+02,3.1998e+02,3.1999e+02,3.2000e+02,3.2001e+02,3.2002e+02,3.2003e+02,3.2004e+02,3.2005e+02,3.2006e+02,3.2007e+02,3.2008e+02,3.2009e+02,3.2010e+02,3.2011e+02,3.2012e+02,3.2013e+02,3.2014e+02,3.2015e+02,3.2016e+02,3.2016e+02,3.2017e+02,3.2018e+02,3.2018e+02,3.2019e+02,3.2019e+02,3.2020e+02,3.2020e+02,3.2020e+02,3.2020e+02,3.2020e+02,3.2020e+02,3.2020e+02,3.2020e+02,3.2019e+02,3.2019e+02,3.2019e+02,3.2018e+02,3.2018e+02,3.2017e+02,3.2016e+02,3.2016e+02,3.2015e+02,3.2014e+02,3.2013e+02,3.2012e+02,3.2011e+02,3.2010e+02,3.2009e+02,3.2008e+02,3.2007e+02,3.2006e+02,3.2004e+02,3.2003e+02,3.2002e+02,3.2000e+02,3.1999e+02,3.1998e+02,3.1996e+02,3.1995e+02,3.1994e+02,3.1992e+02,3.1991e+02,3.1990e+02,3.1988e+02,3.1987e+02,3.1986e+02,3.1984e+02,3.1983e+02,3.1982e+02,3.1981e+02,3.1980e+02,3.1979e+02,3.1978e+02,3.1977e+02,3.1976e+02,3.1975e+02,3.1974e+02,3.1974e+02,3.1973e+02,3.1973e+02,3.1972e+02,3.1972e+02,3.1972e+02,3.1971e+02,3.1971e+02,3.1990e+02,3.1990e+02,3.1990e+02,3.1991e+02,3.1991e+02,3.1991e+02,3.1992e+02,3.1992e+02,3.1993e+02,3.1993e+02,3.1994e+02,3.1995e+02,3.1995e+02,3.1996e+02,3.1997e+02,3.1998e+02,3.1999e+02,3.2000e+02,3.2001e+02,3.2002e+02,3.2003e+02,3.2004e+02,3.2006e+02,3.2007e+02,3.2008e+02,3.2009e+02,3.2010e+02,3.2011e+02,3.2012e+02,3.2013e+02,3.2014e+02,3.2015e+02,3.2016e+02,3.2017e+02,3.2018e+02,3.2018e+02,3.2019e+02,3.2020e+02,3.2020e+02,3.2021e+02,3.2021e+02,3.2021e+02,3.2021e+02,3.2022e+02,3.2022e+02,3.2021e+02,3.2021e+02,3.2021e+02,3.2021e+02,3.2021e+02,3.2020e+02,3.2020e+02,3.2019e+02,3.2018e+02,3.2018e+02,3.2017e+02,3.2016e+02,3.2015e+02,3.2014e+02,3.2013e+02,3.2012e+02,3.2011e+02,3.2010e+02,3.2009e+02,3.2008e+02,3.2007e+02,3.2005e+02,3.2004e+02,3.2003e+02,3.2001e+02,3.2000e+02,3.1999e+02,3.1997e+02,3.1996e+02,3.1994e+02,3.1993e+02,3.1992e+02,3.1990e+02,3.1989e+02,3.1987e+02,3.1986e+02,3.1985e+02,3.1983e+02,3.1982e+02,3.1981e+02,3.1980e+02,3.1979e+02,3.1978e+02,3.1977e+02,3.1976e+02,3.1975e+02,3.1974e+02,3.1973e+02,3.1973e+02,3.1972e+02,3.1972e+02,3.1971e+02,3.1971e+02,3.1971e+02,3.1971e+02,3.1990e+02,3.1991e+02,3.1991e+02,3.1991e+02,3.1991e+02,3.1992e+02,3.1992e+02,3.1992e+02,3.1993e+02,3.1994e+02,3.1994e+02,3.1995e+02,3.1996e+02,3.1997e+02,3.1998e+02,3.1999e+02,3.2000e+02,3.2001e+02,3.2002e+02,3.2003e+02,3.2004e+02,3.2005e+02,3.2007e+02,3.2008e+02,3.2009e+02,3.2010e+02,3.2011e+02,3.2012e+02,3.2014e+02,3.2015e+02,3.2016e+02,3.2017e+02,3.2018e+02,3.2019e+02,3.2019e+02,3.2020e+02,3.2021e+02,3.2021e+02,3.2022e+02,3.2022e+02,3.2023e+02,3.2023e+02,3.2023e+02,3.2023e+02,3.2023e+02,3.2023e+02,3.2023e+02,3.2023e+02,3.2023e+02,3.2022e+02,3.2022e+02,3.2021e+02,3.2021e+02,3.2020e+02,3.2019e+02,3.2019e+02,3.2018e+02,3.2017e+02,3.2016e+02,3.2015e+02,3.2014e+02,3.2013e+02,3.2012e+02,3.2010e+02,3.2009e+02,3.2008e+02,3.2007e+02,3.2005e+02,3.2004e+02,3.2002e+02,3.2001e+02,3.2000e+02,3.1998e+02,3.1997e+02,3.1995e+02,3.1994e+02,3.1992e+02,3.1991e+02,3.1989e+02,3.1988e+02,3.1986e+02,3.1985e+02,3.1984e+02,3.1982e+02,3.1981e+02,3.1980e+02,3.1979e+02,3.1978e+02,3.1977e+02,3.1976e+02,3.1975e+02,3.1974e+02,3.1973e+02,3.1972e+02,3.1972e+02,3.1971e+02,3.1971e+02,3.1971e+02,3.1971e+02,3.1971e+02,3.1991e+02,3.1991e+02,3.1991e+02,3.1991e+02,3.1991e+02,3.1992e+02,3.1992e+02,3.1993e+02,3.1993e+02,3.1994e+02,3.1995e+02,3.1996e+02,3.1996e+02,3.1997e+02,3.1998e+02,3.1999e+02,3.2000e+02,3.2002e+02,3.2003e+02,3.2004e+02,3.2005e+02,3.2006e+02,3.2008e+02,3.2009e+02,3.2010e+02,3.2012e+02,3.2013e+02,3.2014e+02,3.2015e+02,3.2016e+02,3.2017e+02,3.2018e+02,3.2019e+02,3.2020e+02,3.2021e+02,3.2022e+02,3.2023e+02,3.2023e+02,3.2024e+02,3.2024e+02,3.2025e+02,3.2025e+02,3.2025e+02,3.2025e+02,3.2025e+02,3.2025e+02,3.2025e+02,3.2025e+02,3.2025e+02,3.2024e+02,3.2024e+02,3.2023e+02,3.2023e+02,3.2022e+02,3.2021e+02,3.2021e+02,3.2020e+02,3.2019e+02,3.2018e+02,3.2017e+02,3.2016e+02,3.2014e+02,3.2013e+02,3.2012e+02,3.2011e+02,3.2009e+02,3.2008e+02,3.2007e+02,3.2005e+02,3.2004e+02,3.2002e+02,3.2001e+02,3.1999e+02,3.1998e+02,3.1996e+02,3.1995e+02,3.1993e+02,3.1991e+02,3.1990e+02,3.1988e+02,3.1987e+02,3.1985e+02,3.1984e+02,3.1983e+02,3.1981e+02,3.1980e+02,3.1979e+02,3.1978e+02,3.1976e+02,3.1975e+02,3.1974e+02,3.1974e+02,3.1973e+02,3.1972e+02,3.1972e+02,3.1971e+02,3.1971e+02,3.1970e+02,3.1970e+02,3.1970e+02,3.1991e+02,3.1991e+02,3.1991e+02,3.1992e+02,3.1992e+02,3.1992e+02,3.1993e+02,3.1993e+02,3.1994e+02,3.1995e+02,3.1995e+02,3.1996e+02,3.1997e+02,3.1998e+02,3.1999e+02,3.2000e+02,3.2001e+02,3.2003e+02,3.2004e+02,3.2005e+02,3.2006e+02,3.2008e+02,3.2009e+02,3.2010e+02,3.2012e+02,3.2013e+02,3.2014e+02,3.2016e+02,3.2017e+02,3.2018e+02,3.2019e+02,3.2020e+02,3.2022e+02,3.2022e+02,3.2023e+02,3.2024e+02,3.2025e+02,3.2026e+02,3.2026e+02,3.2027e+02,3.2027e+02,3.2027e+02,3.2028e+02,3.2028e+02,3.2028e+02,3.2028e+02,3.2028e+02,3.2027e+02,3.2027e+02,3.2027e+02,3.2026e+02,3.2026e+02,3.2025e+02,3.2024e+02,3.2024e+02,3.2023e+02,3.2022e+02,3.2021e+02,3.2020e+02,3.2019e+02,3.2018e+02,3.2017e+02,3.2015e+02,3.2014e+02,3.2013e+02,3.2011e+02,3.2010e+02,3.2008e+02,3.2007e+02,3.2005e+02,3.2004e+02,3.2002e+02,3.2001e+02,3.1999e+02,3.1997e+02,3.1996e+02,3.1994e+02,3.1992e+02,3.1991e+02,3.1989e+02,3.1987e+02,3.1986e+02,3.1984e+02,3.1983e+02,3.1981e+02,3.1980e+02,3.1979e+02,3.1977e+02,3.1976e+02,3.1975e+02,3.1974e+02,3.1973e+02,3.1972e+02,3.1972e+02,3.1971e+02,3.1970e+02,3.1970e+02,3.1970e+02,3.1970e+02,3.1969e+02,3.1992e+02,3.1992e+02,3.1992e+02,3.1992e+02,3.1992e+02,3.1993e+02,3.1993e+02,3.1994e+02,3.1994e+02,3.1995e+02,3.1996e+02,3.1997e+02,3.1998e+02,3.1999e+02,3.2000e+02,3.2001e+02,3.2002e+02,3.2004e+02,3.2005e+02,3.2006e+02,3.2008e+02,3.2009e+02,3.2011e+02,3.2012e+02,3.2013e+02,3.2015e+02,3.2016e+02,3.2018e+02,3.2019e+02,3.2020e+02,3.2022e+02,3.2023e+02,3.2024e+02,3.2025e+02,3.2026e+02,3.2027e+02,3.2028e+02,3.2028e+02,3.2029e+02,3.2029e+02,3.2030e+02,3.2030e+02,3.2031e+02,3.2031e+02,3.2031e+02,3.2031e+02,3.2031e+02,3.2030e+02,3.2030e+02,3.2030e+02,3.2029e+02,3.2029e+02,3.2028e+02,3.2027e+02,3.2026e+02,3.2026e+02,3.2025e+02,3.2024e+02,3.2023e+02,3.2021e+02,3.2020e+02,3.2019e+02,3.2018e+02,3.2016e+02,3.2015e+02,3.2013e+02,3.2012e+02,3.2010e+02,3.2009e+02,3.2007e+02,3.2006e+02,3.2004e+02,3.2002e+02,3.2000e+02,3.1999e+02,3.1997e+02,3.1995e+02,3.1993e+02,3.1992e+02,3.1990e+02,3.1988e+02,3.1986e+02,3.1985e+02,3.1983e+02,3.1982e+02,3.1980e+02,3.1979e+02,3.1977e+02,3.1976e+02,3.1975e+02,3.1974e+02,3.1973e+02,3.1972e+02,3.1971e+02,3.1970e+02,3.1970e+02,3.1969e+02,3.1969e+02,3.1969e+02,3.1969e+02,3.1992e+02,3.1992e+02,3.1992e+02,3.1993e+02,3.1993e+02,3.1993e+02,3.1994e+02,3.1994e+02,3.1995e+02,3.1996e+02,3.1997e+02,3.1998e+02,3.1999e+02,3.2000e+02,3.2001e+02,3.2002e+02,3.2003e+02,3.2005e+02,3.2006e+02,3.2008e+02,3.2009e+02,3.2011e+02,3.2012e+02,3.2014e+02,3.2015e+02,3.2017e+02,3.2018e+02,3.2020e+02,3.2021e+02,3.2023e+02,3.2024e+02,3.2025e+02,3.2027e+02,3.2028e+02,3.2029e+02,3.2030e+02,3.2031e+02,3.2031e+02,3.2032e+02,3.2033e+02,3.2033e+02,3.2033e+02,3.2034e+02,3.2034e+02,3.2034e+02,3.2034e+02,3.2034e+02,3.2034e+02,3.2033e+02,3.2033e+02,3.2032e+02,3.2032e+02,3.2031e+02,3.2030e+02,3.2029e+02,3.2029e+02,3.2028e+02,3.2027e+02,3.2025e+02,3.2024e+02,3.2023e+02,3.2022e+02,3.2020e+02,3.2019e+02,3.2017e+02,3.2016e+02,3.2014e+02,3.2013e+02,3.2011e+02,3.2009e+02,3.2008e+02,3.2006e+02,3.2004e+02,3.2002e+02,3.2000e+02,3.1998e+02,3.1997e+02,3.1995e+02,3.1993e+02,3.1991e+02,3.1989e+02,3.1987e+02,3.1985e+02,3.1984e+02,3.1982e+02,3.1980e+02,3.1979e+02,3.1977e+02,3.1976e+02,3.1975e+02,3.1973e+02,3.1972e+02,3.1971e+02,3.1970e+02,3.1970e+02,3.1969e+02,3.1969e+02,3.1968e+02,3.1968e+02,3.1968e+02,3.1993e+02,3.1993e+02,3.1993e+02,3.1993e+02,3.1993e+02,3.1994e+02,3.1994e+02,3.1995e+02,3.1996e+02,3.1997e+02,3.1998e+02,3.1999e+02,3.2000e+02,3.2001e+02,3.2002e+02,3.2003e+02,3.2005e+02,3.2006e+02,3.2008e+02,3.2009e+02,3.2011e+02,3.2013e+02,3.2014e+02,3.2016e+02,3.2018e+02,3.2019e+02,3.2021e+02,3.2022e+02,3.2024e+02,3.2025e+02,3.2027e+02,3.2028e+02,3.2030e+02,3.2031e+02,3.2032e+02,3.2033e+02,3.2034e+02,3.2035e+02,3.2035e+02,3.2036e+02,3.2037e+02,3.2037e+02,3.2037e+02,3.2037e+02,3.2037e+02,3.2037e+02,3.2037e+02,3.2037e+02,3.2037e+02,3.2036e+02,3.2036e+02,3.2035e+02,3.2034e+02,3.2034e+02,3.2033e+02,3.2032e+02,3.2031e+02,3.2030e+02,3.2029e+02,3.2027e+02,3.2026e+02,3.2025e+02,3.2023e+02,3.2022e+02,3.2020e+02,3.2019e+02,3.2017e+02,3.2015e+02,3.2014e+02,3.2012e+02,3.2010e+02,3.2008e+02,3.2006e+02,3.2004e+02,3.2002e+02,3.2000e+02,3.1998e+02,3.1996e+02,3.1994e+02,3.1992e+02,3.1990e+02,3.1988e+02,3.1986e+02,3.1984e+02,3.1982e+02,3.1980e+02,3.1979e+02,3.1977e+02,3.1976e+02,3.1974e+02,3.1973e+02,3.1972e+02,3.1971e+02,3.1970e+02,3.1969e+02,3.1968e+02,3.1968e+02,3.1967e+02,3.1967e+02,3.1967e+02,3.1993e+02,3.1993e+02,3.1993e+02,3.1994e+02,3.1994e+02,3.1995e+02,3.1995e+02,3.1996e+02,3.1997e+02,3.1998e+02,3.1998e+02,3.2000e+02,3.2001e+02,3.2002e+02,3.2003e+02,3.2005e+02,3.2006e+02,3.2008e+02,3.2009e+02,3.2011e+02,3.2013e+02,3.2014e+02,3.2016e+02,3.2018e+02,3.2020e+02,3.2022e+02,3.2023e+02,3.2025e+02,3.2027e+02,3.2028e+02,3.2030e+02,3.2032e+02,3.2033e+02,3.2034e+02,3.2035e+02,3.2036e+02,3.2037e+02,3.2038e+02,3.2039e+02,3.2040e+02,3.2040e+02,3.2041e+02,3.2041e+02,3.2041e+02,3.2041e+02,3.2041e+02,3.2041e+02,3.2041e+02,3.2041e+02,3.2040e+02,3.2040e+02,3.2039e+02,3.2038e+02,3.2037e+02,3.2037e+02,3.2036e+02,3.2035e+02,3.2033e+02,3.2032e+02,3.2031e+02,3.2030e+02,3.2028e+02,3.2027e+02,3.2025e+02,3.2024e+02,3.2022e+02,3.2020e+02,3.2018e+02,3.2016e+02,3.2015e+02,3.2013e+02,3.2011e+02,3.2008e+02,3.2006e+02,3.2004e+02,3.2002e+02,3.2000e+02,3.1998e+02,3.1995e+02,3.1993e+02,3.1991e+02,3.1989e+02,3.1987e+02,3.1985e+02,3.1983e+02,3.1981e+02,3.1979e+02,3.1977e+02,3.1975e+02,3.1974e+02,3.1972e+02,3.1971e+02,3.1970e+02,3.1969e+02,3.1968e+02,3.1967e+02,3.1967e+02,3.1966e+02,3.1966e+02,3.1966e+02,3.1994e+02,3.1994e+02,3.1994e+02,3.1995e+02,3.1995e+02,3.1995e+02,3.1996e+02,3.1997e+02,3.1998e+02,3.1998e+02,3.1999e+02,3.2001e+02,3.2002e+02,3.2003e+02,3.2005e+02,3.2006e+02,3.2008e+02,3.2009e+02,3.2011e+02,3.2013e+02,3.2015e+02,3.2017e+02,3.2018e+02,3.2020e+02,3.2022e+02,3.2024e+02,3.2026e+02,3.2028e+02,3.2030e+02,3.2032e+02,3.2033e+02,3.2035e+02,3.2036e+02,3.2038e+02,3.2039e+02,3.2040e+02,3.2041e+02,3.2042e+02,3.2043e+02,3.2044e+02,3.2044e+02,3.2045e+02,3.2045e+02,3.2045e+02,3.2045e+02,3.2045e+02,3.2045e+02,3.2045e+02,3.2045e+02,3.2044e+02,3.2044e+02,3.2043e+02,3.2042e+02,3.2042e+02,3.2041e+02,3.2040e+02,3.2039e+02,3.2037e+02,3.2036e+02,3.2035e+02,3.2033e+02,3.2032e+02,3.2030e+02,3.2029e+02,3.2027e+02,3.2025e+02,3.2024e+02,3.2022e+02,3.2020e+02,3.2018e+02,3.2016e+02,3.2013e+02,3.2011e+02,3.2009e+02,3.2007e+02,3.2004e+02,3.2002e+02,3.1999e+02,3.1997e+02,3.1995e+02,3.1992e+02,3.1990e+02,3.1987e+02,3.1985e+02,3.1983e+02,3.1981e+02,3.1979e+02,3.1977e+02,3.1975e+02,3.1973e+02,3.1972e+02,3.1970e+02,3.1969e+02,3.1968e+02,3.1967e+02,3.1966e+02,3.1966e+02,3.1965e+02,3.1965e+02,3.1965e+02,3.1995e+02,3.1995e+02,3.1995e+02,3.1995e+02,3.1996e+02,3.1996e+02,3.1997e+02,3.1998e+02,3.1999e+02,3.2000e+02,3.2001e+02,3.2002e+02,3.2003e+02,3.2004e+02,3.2006e+02,3.2008e+02,3.2009e+02,3.2011e+02,3.2013e+02,3.2015e+02,3.2017e+02,3.2019e+02,3.2021e+02,3.2023e+02,3.2025e+02,3.2027e+02,3.2029e+02,3.2031e+02,3.2033e+02,3.2035e+02,3.2037e+02,3.2039e+02,3.2040e+02,3.2042e+02,3.2043e+02,3.2044e+02,3.2046e+02,3.2047e+02,3.2047e+02,3.2048e+02,3.2049e+02,3.2049e+02,3.2050e+02,3.2050e+02,3.2050e+02,3.2050e+02,3.2050e+02,3.2050e+02,3.2049e+02,3.2049e+02,3.2048e+02,3.2048e+02,3.2047e+02,3.2046e+02,3.2045e+02,3.2044e+02,3.2043e+02,3.2042e+02,3.2040e+02,3.2039e+02,3.2038e+02,3.2036e+02,3.2035e+02,3.2033e+02,3.2031e+02,3.2029e+02,3.2027e+02,3.2025e+02,3.2023e+02,3.2021e+02,3.2019e+02,3.2017e+02,3.2014e+02,3.2012e+02,3.2009e+02,3.2007e+02,3.2004e+02,3.2002e+02,3.1999e+02,3.1996e+02,3.1994e+02,3.1991e+02,3.1988e+02,3.1986e+02,3.1983e+02,3.1981e+02,3.1979e+02,3.1977e+02,3.1975e+02,3.1973e+02,3.1971e+02,3.1969e+02,3.1968e+02,3.1967e+02,3.1966e+02,3.1965e+02,3.1964e+02,3.1964e+02,3.1963e+02,3.1963e+02,3.1996e+02,3.1996e+02,3.1996e+02,3.1996e+02,3.1997e+02,3.1997e+02,3.1998e+02,3.1999e+02,3.2000e+02,3.2001e+02,3.2002e+02,3.2003e+02,3.2004e+02,3.2006e+02,3.2007e+02,3.2009e+02,3.2011e+02,3.2013e+02,3.2015e+02,3.2017e+02,3.2019e+02,3.2021e+02,3.2024e+02,3.2026e+02,3.2028e+02,3.2030e+02,3.2033e+02,3.2035e+02,3.2037e+02,3.2039e+02,3.2041e+02,3.2043e+02,3.2044e+02,3.2046e+02,3.2047e+02,3.2049e+02,3.2050e+02,3.2051e+02,3.2052e+02,3.2053e+02,3.2053e+02,3.2054e+02,3.2054e+02,3.2055e+02,3.2055e+02,3.2055e+02,3.2055e+02,3.2054e+02,3.2054e+02,3.2054e+02,3.2053e+02,3.2052e+02,3.2052e+02,3.2051e+02,3.2050e+02,3.2049e+02,3.2048e+02,3.2046e+02,3.2045e+02,3.2044e+02,3.2042e+02,3.2041e+02,3.2039e+02,3.2037e+02,3.2035e+02,3.2034e+02,3.2032e+02,3.2029e+02,3.2027e+02,3.2025e+02,3.2023e+02,3.2020e+02,3.2018e+02,3.2015e+02,3.2012e+02,3.2010e+02,3.2007e+02,3.2004e+02,3.2001e+02,3.1998e+02,3.1995e+02,3.1992e+02,3.1989e+02,3.1986e+02,3.1984e+02,3.1981e+02,3.1979e+02,3.1976e+02,3.1974e+02,3.1972e+02,3.1970e+02,3.1969e+02,3.1967e+02,3.1966e+02,3.1965e+02,3.1964e+02,3.1963e+02,3.1962e+02,3.1962e+02,3.1962e+02,3.1997e+02,3.1997e+02,3.1997e+02,3.1997e+02,3.1998e+02,3.1998e+02,3.1999e+02,3.2000e+02,3.2001e+02,3.2002e+02,3.2003e+02,3.2004e+02,3.2006e+02,3.2007e+02,3.2009e+02,3.2011e+02,3.2013e+02,3.2015e+02,3.2017e+02,3.2019e+02,3.2021e+02,3.2024e+02,3.2026e+02,3.2029e+02,3.2031e+02,3.2034e+02,3.2036e+02,3.2038e+02,3.2041e+02,3.2043e+02,3.2045e+02,3.2047e+02,3.2049e+02,3.2050e+02,3.2052e+02,3.2053e+02,3.2055e+02,3.2056e+02,3.2057e+02,3.2058e+02,3.2058e+02,3.2059e+02,3.2059e+02,3.2060e+02,3.2060e+02,3.2060e+02,3.2060e+02,3.2059e+02,3.2059e+02,3.2059e+02,3.2058e+02,3.2057e+02,3.2057e+02,3.2056e+02,3.2055e+02,3.2054e+02,3.2053e+02,3.2051e+02,3.2050e+02,3.2049e+02,3.2047e+02,3.2046e+02,3.2044e+02,3.2042e+02,3.2040e+02,3.2038e+02,3.2036e+02,3.2034e+02,3.2032e+02,3.2029e+02,3.2027e+02,3.2024e+02,3.2021e+02,3.2019e+02,3.2016e+02,3.2013e+02,3.2010e+02,3.2006e+02,3.2003e+02,3.2000e+02,3.1997e+02,3.1994e+02,3.1990e+02,3.1987e+02,3.1984e+02,3.1981e+02,3.1979e+02,3.1976e+02,3.1974e+02,3.1971e+02,3.1969e+02,3.1967e+02,3.1966e+02,3.1964e+02,3.1963e+02,3.1962e+02,3.1961e+02,3.1961e+02,3.1960e+02,3.1960e+02,3.1998e+02,3.1998e+02,3.1998e+02,3.1999e+02,3.1999e+02,3.2000e+02,3.2000e+02,3.2001e+02,3.2002e+02,3.2003e+02,3.2005e+02,3.2006e+02,3.2007e+02,3.2009e+02,3.2011e+02,3.2013e+02,3.2015e+02,3.2017e+02,3.2019e+02,3.2022e+02,3.2024e+02,3.2027e+02,3.2029e+02,3.2032e+02,3.2034e+02,3.2037e+02,3.2040e+02,3.2042e+02,3.2044e+02,3.2047e+02,3.2049e+02,3.2051e+02,3.2053e+02,3.2055e+02,3.2057e+02,3.2058e+02,3.2059e+02,3.2061e+02,3.2062e+02,3.2063e+02,3.2063e+02,3.2064e+02,3.2064e+02,3.2065e+02,3.2065e+02,3.2065e+02,3.2065e+02,3.2064e+02,3.2064e+02,3.2064e+02,3.2063e+02,3.2062e+02,3.2062e+02,3.2061e+02,3.2060e+02,3.2059e+02,3.2058e+02,3.2057e+02,3.2055e+02,3.2054e+02,3.2053e+02,3.2051e+02,3.2049e+02,3.2047e+02,3.2045e+02,3.2043e+02,3.2041e+02,3.2039e+02,3.2036e+02,3.2034e+02,3.2031e+02,3.2028e+02,3.2025e+02,3.2022e+02,3.2019e+02,3.2016e+02,3.2013e+02,3.2009e+02,3.2006e+02,3.2002e+02,3.1999e+02,3.1995e+02,3.1992e+02,3.1988e+02,3.1985e+02,3.1982e+02,3.1979e+02,3.1976e+02,3.1973e+02,3.1971e+02,3.1968e+02,3.1966e+02,3.1964e+02,3.1963e+02,3.1962e+02,3.1960e+02,3.1960e+02,3.1959e+02,3.1958e+02,3.1958e+02,3.1999e+02,3.1999e+02,3.2000e+02,3.2000e+02,3.2000e+02,3.2001e+02,3.2002e+02,3.2003e+02,3.2004e+02,3.2005e+02,3.2006e+02,3.2008e+02,3.2009e+02,3.2011e+02,3.2013e+02,3.2015e+02,3.2017e+02,3.2019e+02,3.2022e+02,3.2024e+02,3.2027e+02,3.2029e+02,3.2032e+02,3.2035e+02,3.2038e+02,3.2040e+02,3.2043e+02,3.2046e+02,3.2048e+02,3.2051e+02,3.2053e+02,3.2056e+02,3.2058e+02,3.2060e+02,3.2061e+02,3.2063e+02,3.2064e+02,3.2066e+02,3.2067e+02,3.2068e+02,3.2068e+02,3.2069e+02,3.2069e+02,3.2070e+02,3.2070e+02,3.2070e+02,3.2070e+02,3.2070e+02,3.2069e+02,3.2069e+02,3.2068e+02,3.2068e+02,3.2067e+02,3.2066e+02,3.2065e+02,3.2064e+02,3.2063e+02,3.2062e+02,3.2061e+02,3.2060e+02,3.2058e+02,3.2057e+02,3.2055e+02,3.2053e+02,3.2051e+02,3.2049e+02,3.2047e+02,3.2044e+02,3.2042e+02,3.2039e+02,3.2036e+02,3.2033e+02,3.2030e+02,3.2027e+02,3.2023e+02,3.2020e+02,3.2016e+02,3.2013e+02,3.2009e+02,3.2005e+02,3.2001e+02,3.1997e+02,3.1993e+02,3.1989e+02,3.1985e+02,3.1982e+02,3.1978e+02,3.1975e+02,3.1972e+02,3.1970e+02,3.1967e+02,3.1965e+02,3.1963e+02,3.1961e+02,3.1960e+02,3.1959e+02,3.1958e+02,3.1957e+02,3.1956e+02,3.1956e+02,3.2001e+02,3.2001e+02,3.2001e+02,3.2002e+02,3.2002e+02,3.2003e+02,3.2004e+02,3.2004e+02,3.2006e+02,3.2007e+02,3.2008e+02,3.2010e+02,3.2011e+02,3.2013e+02,3.2015e+02,3.2017e+02,3.2019e+02,3.2022e+02,3.2024e+02,3.2027e+02,3.2029e+02,3.2032e+02,3.2035e+02,3.2038e+02,3.2041e+02,3.2044e+02,3.2047e+02,3.2050e+02,3.2053e+02,3.2055e+02,3.2058e+02,3.2060e+02,3.2062e+02,3.2064e+02,3.2066e+02,3.2068e+02,3.2069e+02,3.2071e+02,3.2072e+02,3.2073e+02,3.2074e+02,3.2074e+02,3.2075e+02,3.2075e+02,3.2075e+02,3.2075e+02,3.2075e+02,3.2075e+02,3.2075e+02,3.2074e+02,3.2074e+02,3.2073e+02,3.2072e+02,3.2072e+02,3.2071e+02,3.2070e+02,3.2069e+02,3.2068e+02,3.2067e+02,3.2066e+02,3.2064e+02,3.2063e+02,3.2061e+02,3.2059e+02,3.2057e+02,3.2055e+02,3.2052e+02,3.2050e+02,3.2047e+02,3.2044e+02,3.2041e+02,3.2038e+02,3.2035e+02,3.2031e+02,3.2028e+02,3.2024e+02,3.2020e+02,3.2016e+02,3.2012e+02,3.2008e+02,3.2003e+02,3.1999e+02,3.1994e+02,3.1990e+02,3.1986e+02,3.1982e+02,3.1978e+02,3.1975e+02,3.1972e+02,3.1969e+02,3.1966e+02,3.1964e+02,3.1961e+02,3.1960e+02,3.1958e+02,3.1957e+02,3.1956e+02,3.1955e+02,3.1954e+02,3.1954e+02,3.2003e+02,3.2003e+02,3.2003e+02,3.2004e+02,3.2004e+02,3.2005e+02,3.2006e+02,3.2006e+02,3.2008e+02,3.2009e+02,3.2010e+02,3.2012e+02,3.2013e+02,3.2015e+02,3.2017e+02,3.2019e+02,3.2022e+02,3.2024e+02,3.2027e+02,3.2030e+02,3.2032e+02,3.2035e+02,3.2038e+02,3.2042e+02,3.2045e+02,3.2048e+02,3.2051e+02,3.2054e+02,3.2057e+02,3.2059e+02,3.2062e+02,3.2065e+02,3.2067e+02,3.2069e+02,3.2071e+02,3.2073e+02,3.2074e+02,3.2075e+02,3.2077e+02,3.2078e+02,3.2078e+02,3.2079e+02,3.2080e+02,3.2080e+02,3.2080e+02,3.2080e+02,3.2080e+02,3.2080e+02,3.2080e+02,3.2079e+02,3.2079e+02,3.2078e+02,3.2078e+02,3.2077e+02,3.2076e+02,3.2076e+02,3.2075e+02,3.2074e+02,3.2073e+02,3.2072e+02,3.2070e+02,3.2069e+02,3.2067e+02,3.2065e+02,3.2063e+02,3.2061e+02,3.2058e+02,3.2056e+02,3.2053e+02,3.2050e+02,3.2047e+02,3.2043e+02,3.2040e+02,3.2036e+02,3.2032e+02,3.2028e+02,3.2024e+02,3.2020e+02,3.2015e+02,3.2010e+02,3.2006e+02,3.2001e+02,3.1996e+02,3.1991e+02,3.1987e+02,3.1982e+02,3.1978e+02,3.1974e+02,3.1971e+02,3.1968e+02,3.1965e+02,3.1962e+02,3.1960e+02,3.1958e+02,3.1956e+02,3.1955e+02,3.1953e+02,3.1953e+02,3.1952e+02,3.1952e+02,3.2005e+02,3.2005e+02,3.2005e+02,3.2006e+02,3.2006e+02,3.2007e+02,3.2008e+02,3.2009e+02,3.2010e+02,3.2011e+02,3.2012e+02,3.2014e+02,3.2016e+02,3.2018e+02,3.2020e+02,3.2022e+02,3.2024e+02,3.2027e+02,3.2030e+02,3.2032e+02,3.2035e+02,3.2038e+02,3.2042e+02,3.2045e+02,3.2048e+02,3.2051e+02,3.2055e+02,3.2058e+02,3.2061e+02,3.2064e+02,3.2066e+02,3.2069e+02,3.2071e+02,3.2073e+02,3.2075e+02,3.2077e+02,3.2079e+02,3.2080e+02,3.2081e+02,3.2082e+02,3.2083e+02,3.2084e+02,3.2084e+02,3.2085e+02,3.2085e+02,3.2085e+02,3.2085e+02,3.2085e+02,3.2085e+02,3.2084e+02,3.2084e+02,3.2083e+02,3.2083e+02,3.2082e+02,3.2082e+02,3.2081e+02,3.2080e+02,3.2080e+02,3.2079e+02,3.2078e+02,3.2076e+02,3.2075e+02,3.2073e+02,3.2071e+02,3.2069e+02,3.2067e+02,3.2064e+02,3.2062e+02,3.2059e+02,3.2056e+02,3.2052e+02,3.2049e+02,3.2045e+02,3.2041e+02,3.2037e+02,3.2033e+02,3.2028e+02,3.2024e+02,3.2019e+02,3.2013e+02,3.2008e+02,3.2003e+02,3.1997e+02,3.1992e+02,3.1987e+02,3.1982e+02,3.1978e+02,3.1974e+02,3.1970e+02,3.1966e+02,3.1963e+02,3.1960e+02,3.1958e+02,3.1956e+02,3.1954e+02,3.1952e+02,3.1951e+02,3.1950e+02,3.1950e+02,3.1949e+02,3.2008e+02,3.2008e+02,3.2008e+02,3.2008e+02,3.2009e+02,3.2010e+02,3.2010e+02,3.2011e+02,3.2012e+02,3.2014e+02,3.2015e+02,3.2017e+02,3.2018e+02,3.2020e+02,3.2023e+02,3.2025e+02,3.2027e+02,3.2030e+02,3.2033e+02,3.2035e+02,3.2039e+02,3.2042e+02,3.2045e+02,3.2048e+02,3.2052e+02,3.2055e+02,3.2058e+02,3.2062e+02,3.2065e+02,3.2068e+02,3.2070e+02,3.2073e+02,3.2075e+02,3.2078e+02,3.2080e+02,3.2081e+02,3.2083e+02,3.2085e+02,3.2086e+02,3.2087e+02,3.2088e+02,3.2088e+02,3.2089e+02,3.2089e+02,3.2090e+02,3.2090e+02,3.2090e+02,3.2090e+02,3.2089e+02,3.2089e+02,3.2089e+02,3.2088e+02,3.2088e+02,3.2087e+02,3.2087e+02,3.2086e+02,3.2086e+02,3.2085e+02,3.2084e+02,3.2084e+02,3.2082e+02,3.2081e+02,3.2079e+02,3.2077e+02,3.2075e+02,3.2073e+02,3.2070e+02,3.2068e+02,3.2065e+02,3.2062e+02,3.2058e+02,3.2054e+02,3.2051e+02,3.2046e+02,3.2042e+02,3.2037e+02,3.2033e+02,3.2027e+02,3.2022e+02,3.2016e+02,3.2011e+02,3.2005e+02,3.1999e+02,3.1993e+02,3.1988e+02,3.1982e+02,3.1978e+02,3.1973e+02,3.1969e+02,3.1965e+02,3.1962e+02,3.1959e+02,3.1956e+02,3.1954e+02,3.1952e+02,3.1950e+02,3.1949e+02,3.1948e+02,3.1947e+02,3.1947e+02,3.2011e+02,3.2011e+02,3.2011e+02,3.2011e+02,3.2012e+02,3.2013e+02,3.2013e+02,3.2014e+02,3.2016e+02,3.2017e+02,3.2018e+02,3.2020e+02,3.2022e+02,3.2024e+02,3.2026e+02,3.2028e+02,3.2030e+02,3.2033e+02,3.2036e+02,3.2039e+02,3.2042e+02,3.2045e+02,3.2048e+02,3.2052e+02,3.2055e+02,3.2059e+02,3.2062e+02,3.2065e+02,3.2068e+02,3.2071e+02,3.2074e+02,3.2077e+02,3.2079e+02,3.2082e+02,3.2084e+02,3.2085e+02,3.2087e+02,3.2088e+02,3.2090e+02,3.2091e+02,3.2092e+02,3.2092e+02,3.2093e+02,3.2093e+02,3.2094e+02,3.2094e+02,3.2094e+02,3.2094e+02,3.2094e+02,3.2093e+02,3.2093e+02,3.2093e+02,3.2092e+02,3.2092e+02,3.2091e+02,3.2091e+02,3.2091e+02,3.2090e+02,3.2090e+02,3.2089e+02,3.2088e+02,3.2087e+02,3.2085e+02,3.2083e+02,3.2081e+02,3.2079e+02,3.2076e+02,3.2073e+02,3.2070e+02,3.2067e+02,3.2063e+02,3.2060e+02,3.2055e+02,3.2051e+02,3.2047e+02,3.2042e+02,3.2036e+02,3.2031e+02,3.2025e+02,3.2019e+02,3.2013e+02,3.2007e+02,3.2000e+02,3.1994e+02,3.1988e+02,3.1983e+02,3.1977e+02,3.1972e+02,3.1968e+02,3.1964e+02,3.1960e+02,3.1957e+02,3.1954e+02,3.1952e+02,3.1950e+02,3.1948e+02,3.1947e+02,3.1946e+02,3.1945e+02,3.1945e+02,3.2014e+02,3.2014e+02,3.2015e+02,3.2015e+02,3.2015e+02,3.2016e+02,3.2017e+02,3.2018e+02,3.2019e+02,3.2020e+02,3.2022e+02,3.2023e+02,3.2025e+02,3.2027e+02,3.2029e+02,3.2031e+02,3.2034e+02,3.2036e+02,3.2039e+02,3.2042e+02,3.2045e+02,3.2049e+02,3.2052e+02,3.2055e+02,3.2059e+02,3.2062e+02,3.2065e+02,3.2069e+02,3.2072e+02,3.2075e+02,3.2078e+02,3.2080e+02,3.2083e+02,3.2085e+02,3.2087e+02,3.2089e+02,3.2090e+02,3.2092e+02,3.2093e+02,3.2094e+02,3.2095e+02,3.2096e+02,3.2096e+02,3.2097e+02,3.2097e+02,3.2097e+02,3.2097e+02,3.2097e+02,3.2097e+02,3.2097e+02,3.2097e+02,3.2096e+02,3.2096e+02,3.2096e+02,3.2096e+02,3.2095e+02,3.2095e+02,3.2095e+02,3.2094e+02,3.2094e+02,3.2093e+02,3.2092e+02,3.2090e+02,3.2088e+02,3.2086e+02,3.2084e+02,3.2081e+02,3.2078e+02,3.2075e+02,3.2072e+02,3.2068e+02,3.2064e+02,3.2060e+02,3.2055e+02,3.2051e+02,3.2045e+02,3.2040e+02,3.2034e+02,3.2028e+02,3.2022e+02,3.2015e+02,3.2008e+02,3.2002e+02,3.1995e+02,3.1989e+02,3.1983e+02,3.1977e+02,3.1972e+02,3.1967e+02,3.1963e+02,3.1959e+02,3.1956e+02,3.1953e+02,3.1950e+02,3.1948e+02,3.1946e+02,3.1945e+02,3.1943e+02,3.1943e+02,3.1942e+02,3.2018e+02,3.2018e+02,3.2019e+02,3.2019e+02,3.2020e+02,3.2020e+02,3.2021e+02,3.2022e+02,3.2023e+02,3.2024e+02,3.2026e+02,3.2027e+02,3.2029e+02,3.2031e+02,3.2033e+02,3.2035e+02,3.2038e+02,3.2040e+02,3.2043e+02,3.2046e+02,3.2049e+02,3.2052e+02,3.2055e+02,3.2059e+02,3.2062e+02,3.2065e+02,3.2069e+02,3.2072e+02,3.2075e+02,3.2078e+02,3.2081e+02,3.2083e+02,3.2086e+02,3.2088e+02,3.2090e+02,3.2092e+02,3.2093e+02,3.2095e+02,3.2096e+02,3.2097e+02,3.2098e+02,3.2099e+02,3.2099e+02,3.2100e+02,3.2100e+02,3.2100e+02,3.2100e+02,3.2100e+02,3.2100e+02,3.2100e+02,3.2100e+02,3.2100e+02,3.2099e+02,3.2099e+02,3.2099e+02,3.2099e+02,3.2099e+02,3.2099e+02,3.2099e+02,3.2098e+02,3.2097e+02,3.2096e+02,3.2095e+02,3.2093e+02,3.2091e+02,3.2089e+02,3.2086e+02,3.2083e+02,3.2080e+02,3.2076e+02,3.2073e+02,3.2068e+02,3.2064e+02,3.2059e+02,3.2054e+02,3.2049e+02,3.2043e+02,3.2037e+02,3.2031e+02,3.2024e+02,3.2017e+02,3.2010e+02,3.2003e+02,3.1996e+02,3.1989e+02,3.1982e+02,3.1977e+02,3.1971e+02,3.1966e+02,3.1962e+02,3.1958e+02,3.1954e+02,3.1951e+02,3.1948e+02,3.1946e+02,3.1944e+02,3.1942e+02,3.1941e+02,3.1941e+02,3.1940e+02,3.2023e+02,3.2023e+02,3.2023e+02,3.2024e+02,3.2024e+02,3.2025e+02,3.2026e+02,3.2027e+02,3.2028e+02,3.2029e+02,3.2030e+02,3.2032e+02,3.2033e+02,3.2035e+02,3.2037e+02,3.2039e+02,3.2042e+02,3.2044e+02,3.2047e+02,3.2050e+02,3.2053e+02,3.2056e+02,3.2059e+02,3.2062e+02,3.2065e+02,3.2069e+02,3.2072e+02,3.2075e+02,3.2078e+02,3.2081e+02,3.2084e+02,3.2086e+02,3.2088e+02,3.2090e+02,3.2092e+02,3.2094e+02,3.2096e+02,3.2097e+02,3.2098e+02,3.2099e+02,3.2100e+02,3.2101e+02,3.2101e+02,3.2102e+02,3.2102e+02,3.2102e+02,3.2102e+02,3.2102e+02,3.2102e+02,3.2102e+02,3.2102e+02,3.2102e+02,3.2102e+02,3.2102e+02,3.2102e+02,3.2102e+02,3.2102e+02,3.2102e+02,3.2102e+02,3.2102e+02,3.2101e+02,3.2100e+02,3.2099e+02,3.2097e+02,3.2095e+02,3.2093e+02,3.2090e+02,3.2087e+02,3.2084e+02,3.2080e+02,3.2076e+02,3.2072e+02,3.2068e+02,3.2063e+02,3.2057e+02,3.2052e+02,3.2046e+02,3.2039e+02,3.2033e+02,3.2026e+02,3.2018e+02,3.2011e+02,3.2003e+02,3.1996e+02,3.1989e+02,3.1982e+02,3.1976e+02,3.1970e+02,3.1965e+02,3.1960e+02,3.1956e+02,3.1952e+02,3.1949e+02,3.1946e+02,3.1944e+02,3.1942e+02,3.1940e+02,3.1939e+02,3.1938e+02,3.1938e+02,3.2028e+02,3.2029e+02,3.2029e+02,3.2029e+02,3.2030e+02,3.2030e+02,3.2031e+02,3.2032e+02,3.2033e+02,3.2034e+02,3.2035e+02,3.2037e+02,3.2038e+02,3.2040e+02,3.2042e+02,3.2044e+02,3.2046e+02,3.2049e+02,3.2051e+02,3.2054e+02,3.2057e+02,3.2060e+02,3.2063e+02,3.2066e+02,3.2069e+02,3.2072e+02,3.2075e+02,3.2078e+02,3.2081e+02,3.2083e+02,3.2086e+02,3.2088e+02,3.2090e+02,3.2092e+02,3.2094e+02,3.2096e+02,3.2097e+02,3.2099e+02,3.2100e+02,3.2101e+02,3.2102e+02,3.2102e+02,3.2103e+02,3.2103e+02,3.2104e+02,3.2104e+02,3.2104e+02,3.2104e+02,3.2104e+02,3.2104e+02,3.2104e+02,3.2104e+02,3.2104e+02,3.2104e+02,3.2104e+02,3.2104e+02,3.2105e+02,3.2105e+02,3.2105e+02,3.2105e+02,3.2104e+02,3.2103e+02,3.2102e+02,3.2100e+02,3.2098e+02,3.2096e+02,3.2093e+02,3.2090e+02,3.2087e+02,3.2083e+02,3.2079e+02,3.2075e+02,3.2071e+02,3.2065e+02,3.2060e+02,3.2054e+02,3.2048e+02,3.2042e+02,3.2035e+02,3.2027e+02,3.2020e+02,3.2012e+02,3.2004e+02,3.1996e+02,3.1989e+02,3.1982e+02,3.1976e+02,3.1970e+02,3.1964e+02,3.1959e+02,3.1955e+02,3.1951e+02,3.1948e+02,3.1945e+02,3.1942e+02,3.1940e+02,3.1938e+02,3.1937e+02,3.1936e+02,3.1936e+02,3.2034e+02,3.2035e+02,3.2035e+02,3.2035e+02,3.2036e+02,3.2036e+02,3.2037e+02,3.2038e+02,3.2039e+02,3.2040e+02,3.2041e+02,3.2042e+02,3.2044e+02,3.2046e+02,3.2047e+02,3.2049e+02,3.2051e+02,3.2054e+02,3.2056e+02,3.2058e+02,3.2061e+02,3.2064e+02,3.2066e+02,3.2069e+02,3.2072e+02,3.2075e+02,3.2077e+02,3.2080e+02,3.2083e+02,3.2085e+02,3.2088e+02,3.2090e+02,3.2092e+02,3.2094e+02,3.2095e+02,3.2097e+02,3.2098e+02,3.2099e+02,3.2101e+02,3.2101e+02,3.2102e+02,3.2103e+02,3.2103e+02,3.2104e+02,3.2104e+02,3.2104e+02,3.2105e+02,3.2105e+02,3.2105e+02,3.2105e+02,3.2105e+02,3.2105e+02,3.2105e+02,3.2105e+02,3.2106e+02,3.2106e+02,3.2106e+02,3.2107e+02,3.2107e+02,3.2107e+02,3.2106e+02,3.2106e+02,3.2104e+02,3.2103e+02,3.2101e+02,3.2099e+02,3.2096e+02,3.2093e+02,3.2090e+02,3.2086e+02,3.2082e+02,3.2078e+02,3.2073e+02,3.2068e+02,3.2062e+02,3.2056e+02,3.2050e+02,3.2043e+02,3.2036e+02,3.2028e+02,3.2021e+02,3.2013e+02,3.2004e+02,3.1997e+02,3.1989e+02,3.1982e+02,3.1975e+02,3.1969e+02,3.1963e+02,3.1958e+02,3.1954e+02,3.1950e+02,3.1946e+02,3.1943e+02,3.1940e+02,3.1938e+02,3.1937e+02,3.1935e+02,3.1934e+02,3.1934e+02,3.2041e+02,3.2041e+02,3.2042e+02,3.2042e+02,3.2042e+02,3.2043e+02,3.2044e+02,3.2044e+02,3.2045e+02,3.2046e+02,3.2047e+02,3.2049e+02,3.2050e+02,3.2052e+02,3.2053e+02,3.2055e+02,3.2057e+02,3.2059e+02,3.2061e+02,3.2063e+02,3.2065e+02,3.2068e+02,3.2070e+02,3.2073e+02,3.2075e+02,3.2078e+02,3.2080e+02,3.2082e+02,3.2085e+02,3.2087e+02,3.2089e+02,3.2091e+02,3.2093e+02,3.2094e+02,3.2096e+02,3.2097e+02,3.2099e+02,3.2100e+02,3.2101e+02,3.2102e+02,3.2102e+02,3.2103e+02,3.2103e+02,3.2104e+02,3.2104e+02,3.2104e+02,3.2105e+02,3.2105e+02,3.2105e+02,3.2105e+02,3.2105e+02,3.2105e+02,3.2106e+02,3.2106e+02,3.2106e+02,3.2107e+02,3.2107e+02,3.2108e+02,3.2108e+02,3.2108e+02,3.2108e+02,3.2107e+02,3.2106e+02,3.2105e+02,3.2103e+02,3.2101e+02,3.2098e+02,3.2095e+02,3.2092e+02,3.2088e+02,3.2084e+02,3.2080e+02,3.2075e+02,3.2070e+02,3.2064e+02,3.2058e+02,3.2051e+02,3.2044e+02,3.2037e+02,3.2029e+02,3.2021e+02,3.2013e+02,3.2005e+02,3.1997e+02,3.1989e+02,3.1981e+02,3.1974e+02,3.1968e+02,3.1962e+02,3.1957e+02,3.1952e+02,3.1948e+02,3.1945e+02,3.1941e+02,3.1939e+02,3.1936e+02,3.1935e+02,3.1933e+02,3.1933e+02,3.1932e+02,3.2049e+02,3.2049e+02,3.2049e+02,3.2049e+02,3.2050e+02,3.2050e+02,3.2051e+02,3.2051e+02,3.2052e+02,3.2053e+02,3.2054e+02,3.2055e+02,3.2057e+02,3.2058e+02,3.2059e+02,3.2061e+02,3.2063e+02,3.2064e+02,3.2066e+02,3.2068e+02,3.2070e+02,3.2072e+02,3.2074e+02,3.2076e+02,3.2078e+02,3.2080e+02,3.2082e+02,3.2084e+02,3.2086e+02,3.2088e+02,3.2090e+02,3.2092e+02,3.2093e+02,3.2095e+02,3.2096e+02,3.2097e+02,3.2098e+02,3.2099e+02,3.2100e+02,3.2101e+02,3.2102e+02,3.2102e+02,3.2103e+02,3.2103e+02,3.2103e+02,3.2104e+02,3.2104e+02,3.2104e+02,3.2104e+02,3.2104e+02,3.2105e+02,3.2105e+02,3.2105e+02,3.2106e+02,3.2106e+02,3.2107e+02,3.2108e+02,3.2108e+02,3.2109e+02,3.2109e+02,3.2109e+02,3.2109e+02,3.2108e+02,3.2106e+02,3.2105e+02,3.2102e+02,3.2100e+02,3.2097e+02,3.2094e+02,3.2090e+02,3.2086e+02,3.2081e+02,3.2076e+02,3.2071e+02,3.2065e+02,3.2059e+02,3.2052e+02,3.2045e+02,3.2038e+02,3.2030e+02,3.2022e+02,3.2013e+02,3.2005e+02,3.1996e+02,3.1988e+02,3.1981e+02,3.1974e+02,3.1967e+02,3.1961e+02,3.1956e+02,3.1951e+02,3.1947e+02,3.1943e+02,3.1940e+02,3.1937e+02,3.1935e+02,3.1933e+02,3.1932e+02,3.1931e+02,3.1930e+02,3.2057e+02,3.2057e+02,3.2057e+02,3.2057e+02,3.2057e+02,3.2058e+02,3.2058e+02,3.2059e+02,3.2060e+02,3.2061e+02,3.2062e+02,3.2063e+02,3.2064e+02,3.2065e+02,3.2066e+02,3.2068e+02,3.2069e+02,3.2070e+02,3.2072e+02,3.2074e+02,3.2075e+02,3.2077e+02,3.2078e+02,3.2080e+02,3.2081e+02,3.2083e+02,3.2085e+02,3.2086e+02,3.2088e+02,3.2089e+02,3.2090e+02,3.2092e+02,3.2093e+02,3.2094e+02,3.2095e+02,3.2097e+02,3.2097e+02,3.2098e+02,3.2099e+02,3.2100e+02,3.2100e+02,3.2101e+02,3.2101e+02,3.2102e+02,3.2102e+02,3.2102e+02,3.2103e+02,3.2103e+02,3.2103e+02,3.2103e+02,3.2104e+02,3.2104e+02,3.2105e+02,3.2105e+02,3.2106e+02,3.2107e+02,3.2108e+02,3.2108e+02,3.2109e+02,3.2110e+02,3.2110e+02,3.2109e+02,3.2108e+02,3.2107e+02,3.2106e+02,3.2103e+02,3.2101e+02,3.2098e+02,3.2095e+02,3.2091e+02,3.2087e+02,3.2082e+02,3.2077e+02,3.2072e+02,3.2066e+02,3.2060e+02,3.2053e+02,3.2046e+02,3.2038e+02,3.2030e+02,3.2022e+02,3.2013e+02,3.2004e+02,3.1996e+02,3.1988e+02,3.1980e+02,3.1973e+02,3.1966e+02,3.1960e+02,3.1955e+02,3.1950e+02,3.1945e+02,3.1942e+02,3.1938e+02,3.1935e+02,3.1933e+02,3.1931e+02,3.1930e+02,3.1929e+02,3.1929e+02,3.2065e+02,3.2065e+02,3.2065e+02,3.2065e+02,3.2066e+02,3.2066e+02,3.2067e+02,3.2067e+02,3.2068e+02,3.2069e+02,3.2069e+02,3.2070e+02,3.2071e+02,3.2072e+02,3.2073e+02,3.2074e+02,3.2076e+02,3.2077e+02,3.2078e+02,3.2079e+02,3.2080e+02,3.2081e+02,3.2083e+02,3.2084e+02,3.2085e+02,3.2086e+02,3.2087e+02,3.2088e+02,3.2089e+02,3.2090e+02,3.2091e+02,3.2092e+02,3.2093e+02,3.2094e+02,3.2095e+02,3.2095e+02,3.2096e+02,3.2097e+02,3.2098e+02,3.2098e+02,3.2099e+02,3.2099e+02,3.2100e+02,3.2100e+02,3.2100e+02,3.2100e+02,3.2101e+02,3.2101e+02,3.2101e+02,3.2102e+02,3.2102e+02,3.2103e+02,3.2103e+02,3.2104e+02,3.2105e+02,3.2106e+02,3.2107e+02,3.2108e+02,3.2109e+02,3.2109e+02,3.2110e+02,3.2109e+02,3.2109e+02,3.2108e+02,3.2106e+02,3.2104e+02,3.2102e+02,3.2099e+02,3.2095e+02,3.2092e+02,3.2088e+02,3.2083e+02,3.2078e+02,3.2073e+02,3.2067e+02,3.2060e+02,3.2053e+02,3.2046e+02,3.2038e+02,3.2030e+02,3.2022e+02,3.2013e+02,3.2004e+02,3.1996e+02,3.1987e+02,3.1979e+02,3.1972e+02,3.1965e+02,3.1959e+02,3.1954e+02,3.1949e+02,3.1944e+02,3.1940e+02,3.1937e+02,3.1934e+02,3.1932e+02,3.1930e+02,3.1928e+02,3.1927e+02,3.1927e+02,3.2074e+02,3.2074e+02,3.2074e+02,3.2074e+02,3.2074e+02,3.2075e+02,3.2075e+02,3.2076e+02,3.2076e+02,3.2077e+02,3.2078e+02,3.2078e+02,3.2079e+02,3.2080e+02,3.2081e+02,3.2082e+02,3.2082e+02,3.2083e+02,3.2084e+02,3.2085e+02,3.2086e+02,3.2086e+02,3.2087e+02,3.2087e+02,3.2088e+02,3.2088e+02,3.2089e+02,3.2089e+02,3.2090e+02,3.2090e+02,3.2091e+02,3.2091e+02,3.2092e+02,3.2093e+02,3.2094e+02,3.2094e+02,3.2095e+02,3.2095e+02,3.2096e+02,3.2096e+02,3.2097e+02,3.2097e+02,3.2097e+02,3.2098e+02,3.2098e+02,3.2098e+02,3.2099e+02,3.2099e+02,3.2099e+02,3.2100e+02,3.2100e+02,3.2101e+02,3.2102e+02,3.2102e+02,3.2104e+02,3.2105e+02,3.2106e+02,3.2107e+02,3.2108e+02,3.2109e+02,3.2109e+02,3.2109e+02,3.2108e+02,3.2108e+02,3.2106e+02,3.2104e+02,3.2102e+02,3.2099e+02,3.2096e+02,3.2092e+02,3.2088e+02,3.2083e+02,3.2078e+02,3.2073e+02,3.2067e+02,3.2060e+02,3.2053e+02,3.2046e+02,3.2038e+02,3.2030e+02,3.2021e+02,3.2012e+02,3.2004e+02,3.1995e+02,3.1987e+02,3.1979e+02,3.1971e+02,3.1964e+02,3.1958e+02,3.1952e+02,3.1947e+02,3.1943e+02,3.1939e+02,3.1935e+02,3.1932e+02,3.1930e+02,3.1928e+02,3.1927e+02,3.1926e+02,3.1925e+02,3.2082e+02,3.2082e+02,3.2082e+02,3.2083e+02,3.2083e+02,3.2083e+02,3.2084e+02,3.2084e+02,3.2084e+02,3.2085e+02,3.2086e+02,3.2086e+02,3.2087e+02,3.2087e+02,3.2088e+02,3.2089e+02,3.2089e+02,3.2090e+02,3.2090e+02,3.2090e+02,3.2091e+02,3.2091e+02,3.2091e+02,3.2091e+02,3.2091e+02,3.2090e+02,3.2090e+02,3.2090e+02,3.2090e+02,3.2091e+02,3.2091e+02,3.2091e+02,3.2091e+02,3.2092e+02,3.2092e+02,3.2093e+02,3.2093e+02,3.2093e+02,3.2094e+02,3.2094e+02,3.2094e+02,3.2095e+02,3.2095e+02,3.2095e+02,3.2096e+02,3.2096e+02,3.2096e+02,3.2097e+02,3.2097e+02,3.2097e+02,3.2098e+02,3.2099e+02,3.2100e+02,3.2101e+02,3.2102e+02,3.2103e+02,3.2104e+02,3.2106e+02,3.2107e+02,3.2108e+02,3.2108e+02,3.2108e+02,3.2108e+02,3.2107e+02,3.2106e+02,3.2104e+02,3.2102e+02,3.2099e+02,3.2096e+02,3.2092e+02,3.2088e+02,3.2083e+02,3.2078e+02,3.2073e+02,3.2067e+02,3.2060e+02,3.2053e+02,3.2046e+02,3.2038e+02,3.2029e+02,3.2021e+02,3.2012e+02,3.2003e+02,3.1994e+02,3.1986e+02,3.1978e+02,3.1970e+02,3.1963e+02,3.1957e+02,3.1951e+02,3.1946e+02,3.1941e+02,3.1937e+02,3.1934e+02,3.1931e+02,3.1929e+02,3.1927e+02,3.1925e+02,3.1924e+02,3.1924e+02,3.2091e+02,3.2091e+02,3.2091e+02,3.2091e+02,3.2091e+02,3.2091e+02,3.2092e+02,3.2092e+02,3.2092e+02,3.2093e+02,3.2093e+02,3.2094e+02,3.2094e+02,3.2095e+02,3.2095e+02,3.2095e+02,3.2096e+02,3.2096e+02,3.2096e+02,3.2096e+02,3.2096e+02,3.2095e+02,3.2095e+02,3.2094e+02,3.2093e+02,3.2093e+02,3.2092e+02,3.2091e+02,3.2091e+02,3.2091e+02,3.2091e+02,3.2091e+02,3.2091e+02,3.2091e+02,3.2091e+02,3.2091e+02,3.2091e+02,3.2092e+02,3.2092e+02,3.2092e+02,3.2092e+02,3.2092e+02,3.2093e+02,3.2093e+02,3.2093e+02,3.2093e+02,3.2094e+02,3.2094e+02,3.2094e+02,3.2095e+02,3.2096e+02,3.2096e+02,3.2097e+02,3.2099e+02,3.2100e+02,3.2101e+02,3.2103e+02,3.2104e+02,3.2106e+02,3.2107e+02,3.2107e+02,3.2107e+02,3.2107e+02,3.2106e+02,3.2105e+02,3.2103e+02,3.2101e+02,3.2098e+02,3.2095e+02,3.2092e+02,3.2087e+02,3.2083e+02,3.2078e+02,3.2072e+02,3.2066e+02,3.2060e+02,3.2053e+02,3.2045e+02,3.2037e+02,3.2029e+02,3.2020e+02,3.2011e+02,3.2002e+02,3.1993e+02,3.1985e+02,3.1977e+02,3.1969e+02,3.1962e+02,3.1956e+02,3.1950e+02,3.1945e+02,3.1940e+02,3.1936e+02,3.1932e+02,3.1929e+02,3.1927e+02,3.1925e+02,3.1924e+02,3.1923e+02,3.1922e+02,3.2099e+02,3.2099e+02,3.2099e+02,3.2099e+02,3.2099e+02,3.2099e+02,3.2099e+02,3.2100e+02,3.2100e+02,3.2100e+02,3.2101e+02,3.2101e+02,3.2101e+02,3.2101e+02,3.2101e+02,3.2102e+02,3.2102e+02,3.2101e+02,3.2101e+02,3.2101e+02,3.2100e+02,3.2099e+02,3.2098e+02,3.2097e+02,3.2096e+02,3.2095e+02,3.2094e+02,3.2093e+02,3.2092e+02,3.2091e+02,3.2091e+02,3.2090e+02,3.2090e+02,3.2090e+02,3.2090e+02,3.2090e+02,3.2090e+02,3.2090e+02,3.2090e+02,3.2090e+02,3.2090e+02,3.2090e+02,3.2090e+02,3.2090e+02,3.2091e+02,3.2091e+02,3.2091e+02,3.2091e+02,3.2092e+02,3.2093e+02,3.2093e+02,3.2094e+02,3.2095e+02,3.2096e+02,3.2098e+02,3.2099e+02,3.2101e+02,3.2102e+02,3.2104e+02,3.2105e+02,3.2106e+02,3.2106e+02,3.2106e+02,3.2105e+02,3.2104e+02,3.2102e+02,3.2100e+02,3.2098e+02,3.2094e+02,3.2091e+02,3.2087e+02,3.2082e+02,3.2077e+02,3.2072e+02,3.2066e+02,3.2059e+02,3.2052e+02,3.2044e+02,3.2036e+02,3.2028e+02,3.2019e+02,3.2010e+02,3.2001e+02,3.1992e+02,3.1984e+02,3.1975e+02,3.1968e+02,3.1961e+02,3.1954e+02,3.1949e+02,3.1943e+02,3.1939e+02,3.1935e+02,3.1931e+02,3.1928e+02,3.1926e+02,3.1924e+02,3.1922e+02,3.1921e+02,3.1921e+02,3.2106e+02,3.2106e+02,3.2106e+02,3.2106e+02,3.2106e+02,3.2107e+02,3.2107e+02,3.2107e+02,3.2107e+02,3.2107e+02,3.2107e+02,3.2107e+02,3.2108e+02,3.2108e+02,3.2108e+02,3.2107e+02,3.2107e+02,3.2107e+02,3.2106e+02,3.2105e+02,3.2104e+02,3.2103e+02,3.2102e+02,3.2100e+02,3.2099e+02,3.2097e+02,3.2095e+02,3.2094e+02,3.2092e+02,3.2091e+02,3.2090e+02,3.2090e+02,3.2089e+02,3.2089e+02,3.2088e+02,3.2088e+02,3.2088e+02,3.2088e+02,3.2088e+02,3.2088e+02,3.2088e+02,3.2088e+02,3.2088e+02,3.2088e+02,3.2088e+02,3.2088e+02,3.2089e+02,3.2089e+02,3.2089e+02,3.2090e+02,3.2091e+02,3.2092e+02,3.2093e+02,3.2094e+02,3.2096e+02,3.2097e+02,3.2099e+02,3.2101e+02,3.2102e+02,3.2103e+02,3.2104e+02,3.2105e+02,3.2105e+02,3.2104e+02,3.2103e+02,3.2101e+02,3.2099e+02,3.2096e+02,3.2093e+02,3.2090e+02,3.2086e+02,3.2081e+02,3.2076e+02,3.2071e+02,3.2065e+02,3.2058e+02,3.2051e+02,3.2043e+02,3.2035e+02,3.2027e+02,3.2018e+02,3.2009e+02,3.2000e+02,3.1991e+02,3.1982e+02,3.1974e+02,3.1967e+02,3.1960e+02,3.1953e+02,3.1947e+02,3.1942e+02,3.1937e+02,3.1933e+02,3.1930e+02,3.1927e+02,3.1924e+02,3.1922e+02,3.1921e+02,3.1920e+02,3.1919e+02,3.2113e+02,3.2113e+02,3.2113e+02,3.2113e+02,3.2113e+02,3.2113e+02,3.2113e+02,3.2114e+02,3.2114e+02,3.2114e+02,3.2114e+02,3.2114e+02,3.2114e+02,3.2113e+02,3.2113e+02,3.2113e+02,3.2112e+02,3.2112e+02,3.2111e+02,3.2110e+02,3.2108e+02,3.2107e+02,3.2105e+02,3.2103e+02,3.2101e+02,3.2099e+02,3.2097e+02,3.2095e+02,3.2093e+02,3.2092e+02,3.2091e+02,3.2089e+02,3.2089e+02,3.2088e+02,3.2087e+02,3.2087e+02,3.2087e+02,3.2086e+02,3.2086e+02,3.2086e+02,3.2086e+02,3.2086e+02,3.2086e+02,3.2086e+02,3.2086e+02,3.2086e+02,3.2086e+02,3.2087e+02,3.2087e+02,3.2088e+02,3.2089e+02,3.2089e+02,3.2091e+02,3.2092e+02,3.2093e+02,3.2095e+02,3.2097e+02,3.2099e+02,3.2100e+02,3.2102e+02,3.2102e+02,3.2103e+02,3.2103e+02,3.2102e+02,3.2101e+02,3.2100e+02,3.2098e+02,3.2095e+02,3.2092e+02,3.2088e+02,3.2084e+02,3.2080e+02,3.2075e+02,3.2069e+02,3.2063e+02,3.2057e+02,3.2050e+02,3.2042e+02,3.2034e+02,3.2025e+02,3.2017e+02,3.2008e+02,3.1999e+02,3.1990e+02,3.1981e+02,3.1973e+02,3.1965e+02,3.1958e+02,3.1952e+02,3.1946e+02,3.1940e+02,3.1936e+02,3.1932e+02,3.1928e+02,3.1925e+02,3.1923e+02,3.1921e+02,3.1919e+02,3.1918e+02,3.1918e+02,3.2119e+02,3.2119e+02,3.2119e+02,3.2120e+02,3.2120e+02,3.2120e+02,3.2120e+02,3.2120e+02,3.2120e+02,3.2119e+02,3.2119e+02,3.2119e+02,3.2119e+02,3.2119e+02,3.2118e+02,3.2118e+02,3.2117e+02,3.2116e+02,3.2115e+02,3.2114e+02,3.2112e+02,3.2110e+02,3.2108e+02,3.2105e+02,3.2103e+02,3.2100e+02,3.2098e+02,3.2096e+02,3.2094e+02,3.2092e+02,3.2091e+02,3.2089e+02,3.2088e+02,3.2087e+02,3.2087e+02,3.2086e+02,3.2085e+02,3.2085e+02,3.2085e+02,3.2084e+02,3.2084e+02,3.2084e+02,3.2084e+02,3.2084e+02,3.2084e+02,3.2084e+02,3.2084e+02,3.2084e+02,3.2085e+02,3.2086e+02,3.2086e+02,3.2087e+02,3.2088e+02,3.2090e+02,3.2091e+02,3.2093e+02,3.2095e+02,3.2097e+02,3.2098e+02,3.2100e+02,3.2101e+02,3.2101e+02,3.2101e+02,3.2101e+02,3.2100e+02,3.2098e+02,3.2096e+02,3.2093e+02,3.2090e+02,3.2087e+02,3.2083e+02,3.2078e+02,3.2073e+02,3.2068e+02,3.2062e+02,3.2055e+02,3.2048e+02,3.2040e+02,3.2032e+02,3.2024e+02,3.2015e+02,3.2006e+02,3.1997e+02,3.1988e+02,3.1979e+02,3.1971e+02,3.1964e+02,3.1957e+02,3.1950e+02,3.1944e+02,3.1939e+02,3.1934e+02,3.1930e+02,3.1927e+02,3.1923e+02,3.1921e+02,3.1919e+02,3.1917e+02,3.1917e+02,3.1916e+02,3.2125e+02,3.2125e+02,3.2125e+02,3.2125e+02,3.2125e+02,3.2125e+02,3.2125e+02,3.2125e+02,3.2125e+02,3.2125e+02,3.2125e+02,3.2124e+02,3.2124e+02,3.2123e+02,3.2123e+02,3.2122e+02,3.2121e+02,3.2120e+02,3.2119e+02,3.2117e+02,3.2115e+02,3.2113e+02,3.2110e+02,3.2108e+02,3.2105e+02,3.2102e+02,3.2099e+02,3.2097e+02,3.2095e+02,3.2093e+02,3.2091e+02,3.2089e+02,3.2088e+02,3.2087e+02,3.2086e+02,3.2085e+02,3.2084e+02,3.2084e+02,3.2083e+02,3.2083e+02,3.2083e+02,3.2082e+02,3.2082e+02,3.2082e+02,3.2082e+02,3.2082e+02,3.2082e+02,3.2083e+02,3.2083e+02,3.2084e+02,3.2084e+02,3.2085e+02,3.2086e+02,3.2088e+02,3.2089e+02,3.2091e+02,3.2093e+02,3.2095e+02,3.2096e+02,3.2098e+02,3.2098e+02,3.2099e+02,3.2099e+02,3.2099e+02,3.2098e+02,3.2096e+02,3.2094e+02,3.2091e+02,3.2088e+02,3.2085e+02,3.2081e+02,3.2076e+02,3.2071e+02,3.2066e+02,3.2060e+02,3.2053e+02,3.2046e+02,3.2039e+02,3.2031e+02,3.2022e+02,3.2013e+02,3.2004e+02,3.1995e+02,3.1986e+02,3.1978e+02,3.1970e+02,3.1962e+02,3.1955e+02,3.1949e+02,3.1943e+02,3.1937e+02,3.1933e+02,3.1929e+02,3.1925e+02,3.1922e+02,3.1919e+02,3.1917e+02,3.1916e+02,3.1915e+02,3.1914e+02,3.2131e+02,3.2131e+02,3.2131e+02,3.2130e+02,3.2130e+02,3.2130e+02,3.2130e+02,3.2130e+02,3.2130e+02,3.2130e+02,3.2129e+02,3.2129e+02,3.2128e+02,3.2128e+02,3.2127e+02,3.2126e+02,3.2125e+02,3.2124e+02,3.2122e+02,3.2120e+02,3.2118e+02,3.2116e+02,3.2113e+02,3.2110e+02,3.2107e+02,3.2104e+02,3.2101e+02,3.2098e+02,3.2096e+02,3.2093e+02,3.2091e+02,3.2090e+02,3.2088e+02,3.2087e+02,3.2086e+02,3.2085e+02,3.2084e+02,3.2083e+02,3.2082e+02,3.2082e+02,3.2081e+02,3.2081e+02,3.2081e+02,3.2081e+02,3.2080e+02,3.2080e+02,3.2080e+02,3.2081e+02,3.2081e+02,3.2082e+02,3.2082e+02,3.2083e+02,3.2084e+02,3.2086e+02,3.2087e+02,3.2089e+02,3.2091e+02,3.2092e+02,3.2094e+02,3.2095e+02,3.2096e+02,3.2097e+02,3.2097e+02,3.2096e+02,3.2095e+02,3.2094e+02,3.2092e+02,3.2089e+02,3.2086e+02,3.2083e+02,3.2079e+02,3.2074e+02,3.2069e+02,3.2064e+02,3.2058e+02,3.2051e+02,3.2044e+02,3.2037e+02,3.2029e+02,3.2020e+02,3.2011e+02,3.2002e+02,3.1993e+02,3.1985e+02,3.1976e+02,3.1968e+02,3.1960e+02,3.1953e+02,3.1947e+02,3.1941e+02,3.1936e+02,3.1931e+02,3.1927e+02,3.1923e+02,3.1920e+02,3.1918e+02,3.1916e+02,3.1914e+02,3.1913e+02,3.1913e+02,3.2135e+02,3.2135e+02,3.2135e+02,3.2135e+02,3.2135e+02,3.2135e+02,3.2135e+02,3.2135e+02,3.2134e+02,3.2134e+02,3.2134e+02,3.2133e+02,3.2132e+02,3.2132e+02,3.2131e+02,3.2130e+02,3.2128e+02,3.2127e+02,3.2125e+02,3.2123e+02,3.2121e+02,3.2118e+02,3.2115e+02,3.2112e+02,3.2109e+02,3.2105e+02,3.2102e+02,3.2099e+02,3.2096e+02,3.2094e+02,3.2092e+02,3.2090e+02,3.2088e+02,3.2087e+02,3.2085e+02,3.2084e+02,3.2083e+02,3.2082e+02,3.2082e+02,3.2081e+02,3.2080e+02,3.2080e+02,3.2079e+02,3.2079e+02,3.2079e+02,3.2079e+02,3.2079e+02,3.2079e+02,3.2079e+02,3.2080e+02,3.2080e+02,3.2081e+02,3.2082e+02,3.2084e+02,3.2085e+02,3.2087e+02,3.2088e+02,3.2090e+02,3.2092e+02,3.2093e+02,3.2094e+02,3.2094e+02,3.2094e+02,3.2094e+02,3.2093e+02,3.2091e+02,3.2089e+02,3.2087e+02,3.2084e+02,3.2080e+02,3.2076e+02,3.2072e+02,3.2067e+02,3.2061e+02,3.2055e+02,3.2049e+02,3.2042e+02,3.2034e+02,3.2026e+02,3.2018e+02,3.2009e+02,3.2000e+02,3.1991e+02,3.1983e+02,3.1974e+02,3.1966e+02,3.1958e+02,3.1951e+02,3.1945e+02,3.1939e+02,3.1934e+02,3.1929e+02,3.1925e+02,3.1922e+02,3.1919e+02,3.1916e+02,3.1914e+02,3.1913e+02,3.1912e+02,3.1911e+02,3.2140e+02,3.2140e+02,3.2139e+02,3.2139e+02,3.2139e+02,3.2139e+02,3.2139e+02,3.2139e+02,3.2138e+02,3.2138e+02,3.2137e+02,3.2137e+02,3.2136e+02,3.2135e+02,3.2134e+02,3.2133e+02,3.2131e+02,3.2130e+02,3.2128e+02,3.2125e+02,3.2123e+02,3.2120e+02,3.2117e+02,3.2114e+02,3.2110e+02,3.2107e+02,3.2103e+02,3.2100e+02,3.2097e+02,3.2095e+02,3.2092e+02,3.2090e+02,3.2088e+02,3.2087e+02,3.2085e+02,3.2084e+02,3.2083e+02,3.2082e+02,3.2081e+02,3.2080e+02,3.2079e+02,3.2079e+02,3.2078e+02,3.2078e+02,3.2078e+02,3.2077e+02,3.2077e+02,3.2077e+02,3.2078e+02,3.2078e+02,3.2079e+02,3.2079e+02,3.2080e+02,3.2082e+02,3.2083e+02,3.2084e+02,3.2086e+02,3.2088e+02,3.2089e+02,3.2090e+02,3.2091e+02,3.2092e+02,3.2092e+02,3.2091e+02,3.2090e+02,3.2088e+02,3.2086e+02,3.2084e+02,3.2081e+02,3.2077e+02,3.2073e+02,3.2069e+02,3.2064e+02,3.2059e+02,3.2053e+02,3.2046e+02,3.2039e+02,3.2032e+02,3.2024e+02,3.2016e+02,3.2007e+02,3.1998e+02,3.1989e+02,3.1980e+02,3.1972e+02,3.1964e+02,3.1956e+02,3.1949e+02,3.1943e+02,3.1937e+02,3.1932e+02,3.1928e+02,3.1923e+02,3.1920e+02,3.1917e+02,3.1915e+02,3.1913e+02,3.1911e+02,3.1910e+02,3.1910e+02,3.2143e+02,3.2143e+02,3.2143e+02,3.2143e+02,3.2143e+02,3.2143e+02,3.2142e+02,3.2142e+02,3.2142e+02,3.2141e+02,3.2141e+02,3.2140e+02,3.2139e+02,3.2138e+02,3.2137e+02,3.2136e+02,3.2134e+02,3.2132e+02,3.2130e+02,3.2128e+02,3.2125e+02,3.2122e+02,3.2119e+02,3.2115e+02,3.2112e+02,3.2108e+02,3.2104e+02,3.2101e+02,3.2098e+02,3.2095e+02,3.2093e+02,3.2090e+02,3.2088e+02,3.2087e+02,3.2085e+02,3.2084e+02,3.2082e+02,3.2081e+02,3.2080e+02,3.2079e+02,3.2078e+02,3.2078e+02,3.2077e+02,3.2077e+02,3.2076e+02,3.2076e+02,3.2076e+02,3.2076e+02,3.2076e+02,3.2076e+02,3.2077e+02,3.2077e+02,3.2078e+02,3.2079e+02,3.2081e+02,3.2082e+02,3.2084e+02,3.2085e+02,3.2086e+02,3.2088e+02,3.2088e+02,3.2089e+02,3.2089e+02,3.2088e+02,3.2087e+02,3.2085e+02,3.2083e+02,3.2081e+02,3.2078e+02,3.2074e+02,3.2070e+02,3.2066e+02,3.2061e+02,3.2055e+02,3.2050e+02,3.2043e+02,3.2036e+02,3.2029e+02,3.2021e+02,3.2013e+02,3.2004e+02,3.1996e+02,3.1987e+02,3.1978e+02,3.1970e+02,3.1962e+02,3.1954e+02,3.1947e+02,3.1941e+02,3.1935e+02,3.1930e+02,3.1926e+02,3.1922e+02,3.1918e+02,3.1915e+02,3.1913e+02,3.1911e+02,3.1909e+02,3.1909e+02,3.1908e+02,3.2147e+02,3.2147e+02,3.2147e+02,3.2146e+02,3.2146e+02,3.2146e+02,3.2146e+02,3.2145e+02,3.2145e+02,3.2144e+02,3.2144e+02,3.2143e+02,3.2142e+02,3.2141e+02,3.2139e+02,3.2138e+02,3.2136e+02,3.2134e+02,3.2132e+02,3.2130e+02,3.2127e+02,3.2124e+02,3.2120e+02,3.2117e+02,3.2113e+02,3.2109e+02,3.2105e+02,3.2102e+02,3.2099e+02,3.2096e+02,3.2093e+02,3.2091e+02,3.2088e+02,3.2087e+02,3.2085e+02,3.2083e+02,3.2082e+02,3.2081e+02,3.2079e+02,3.2078e+02,3.2078e+02,3.2077e+02,3.2076e+02,3.2075e+02,3.2075e+02,3.2075e+02,3.2074e+02,3.2074e+02,3.2074e+02,3.2074e+02,3.2075e+02,3.2075e+02,3.2076e+02,3.2077e+02,3.2078e+02,3.2079e+02,3.2081e+02,3.2082e+02,3.2084e+02,3.2085e+02,3.2085e+02,3.2085e+02,3.2085e+02,3.2084e+02,3.2083e+02,3.2082e+02,3.2080e+02,3.2077e+02,3.2074e+02,3.2071e+02,3.2067e+02,3.2062e+02,3.2057e+02,3.2052e+02,3.2046e+02,3.2040e+02,3.2033e+02,3.2026e+02,3.2018e+02,3.2010e+02,3.2001e+02,3.1993e+02,3.1984e+02,3.1975e+02,3.1967e+02,3.1959e+02,3.1952e+02,3.1945e+02,3.1939e+02,3.1933e+02,3.1928e+02,3.1924e+02,3.1920e+02,3.1916e+02,3.1913e+02,3.1911e+02,3.1909e+02,3.1908e+02,3.1907e+02,3.1906e+02,3.2150e+02,3.2150e+02,3.2150e+02,3.2149e+02,3.2149e+02,3.2149e+02,3.2148e+02,3.2148e+02,3.2147e+02,3.2147e+02,3.2146e+02,3.2145e+02,3.2144e+02,3.2143e+02,3.2142e+02,3.2140e+02,3.2138e+02,3.2136e+02,3.2134e+02,3.2131e+02,3.2128e+02,3.2125e+02,3.2121e+02,3.2118e+02,3.2114e+02,3.2110e+02,3.2106e+02,3.2102e+02,3.2099e+02,3.2096e+02,3.2093e+02,3.2091e+02,3.2088e+02,3.2086e+02,3.2084e+02,3.2083e+02,3.2081e+02,3.2080e+02,3.2079e+02,3.2077e+02,3.2076e+02,3.2076e+02,3.2075e+02,3.2074e+02,3.2074e+02,3.2073e+02,3.2073e+02,3.2072e+02,3.2072e+02,3.2072e+02,3.2073e+02,3.2073e+02,3.2074e+02,3.2075e+02,3.2075e+02,3.2077e+02,3.2078e+02,3.2079e+02,3.2080e+02,3.2081e+02,3.2082e+02,3.2082e+02,3.2081e+02,3.2081e+02,3.2079e+02,3.2078e+02,3.2076e+02,3.2073e+02,3.2070e+02,3.2067e+02,3.2063e+02,3.2058e+02,3.2053e+02,3.2048e+02,3.2042e+02,3.2036e+02,3.2029e+02,3.2022e+02,3.2015e+02,3.2007e+02,3.1998e+02,3.1990e+02,3.1981e+02,3.1973e+02,3.1964e+02,3.1957e+02,3.1949e+02,3.1943e+02,3.1937e+02,3.1931e+02,3.1926e+02,3.1922e+02,3.1918e+02,3.1914e+02,3.1912e+02,3.1909e+02,3.1907e+02,3.1906e+02,3.1905e+02,3.1905e+02,3.2152e+02,3.2152e+02,3.2152e+02,3.2152e+02,3.2152e+02,3.2151e+02,3.2151e+02,3.2150e+02,3.2150e+02,3.2149e+02,3.2148e+02,3.2147e+02,3.2146e+02,3.2145e+02,3.2143e+02,3.2142e+02,3.2140e+02,3.2138e+02,3.2135e+02,3.2132e+02,3.2129e+02,3.2126e+02,3.2122e+02,3.2118e+02,3.2114e+02,3.2110e+02,3.2106e+02,3.2103e+02,3.2099e+02,3.2096e+02,3.2093e+02,3.2090e+02,3.2088e+02,3.2086e+02,3.2084e+02,3.2082e+02,3.2080e+02,3.2079e+02,3.2078e+02,3.2076e+02,3.2075e+02,3.2074e+02,3.2073e+02,3.2073e+02,3.2072e+02,3.2071e+02,3.2071e+02,3.2070e+02,3.2070e+02,3.2070e+02,3.2070e+02,3.2071e+02,3.2071e+02,3.2072e+02,3.2072e+02,3.2073e+02,3.2075e+02,3.2076e+02,3.2077e+02,3.2077e+02,3.2078e+02,3.2078e+02,3.2077e+02,3.2076e+02,3.2075e+02,3.2073e+02,3.2071e+02,3.2069e+02,3.2066e+02,3.2062e+02,3.2058e+02,3.2054e+02,3.2049e+02,3.2044e+02,3.2038e+02,3.2032e+02,3.2026e+02,3.2018e+02,3.2011e+02,3.2003e+02,3.1995e+02,3.1986e+02,3.1978e+02,3.1969e+02,3.1961e+02,3.1954e+02,3.1947e+02,3.1940e+02,3.1934e+02,3.1929e+02,3.1924e+02,3.1920e+02,3.1916e+02,3.1912e+02,3.1910e+02,3.1907e+02,3.1906e+02,3.1904e+02,3.1903e+02,3.1903e+02,3.2154e+02,3.2154e+02,3.2154e+02,3.2154e+02,3.2154e+02,3.2153e+02,3.2153e+02,3.2152e+02,3.2152e+02,3.2151e+02,3.2150e+02,3.2149e+02,3.2148e+02,3.2146e+02,3.2145e+02,3.2143e+02,3.2141e+02,3.2139e+02,3.2136e+02,3.2133e+02,3.2130e+02,3.2127e+02,3.2123e+02,3.2119e+02,3.2115e+02,3.2111e+02,3.2107e+02,3.2103e+02,3.2099e+02,3.2096e+02,3.2093e+02,3.2090e+02,3.2087e+02,3.2085e+02,3.2083e+02,3.2081e+02,3.2079e+02,3.2078e+02,3.2076e+02,3.2075e+02,3.2074e+02,3.2073e+02,3.2072e+02,3.2071e+02,3.2070e+02,3.2069e+02,3.2069e+02,3.2068e+02,3.2068e+02,3.2068e+02,3.2067e+02,3.2068e+02,3.2068e+02,3.2068e+02,3.2069e+02,3.2070e+02,3.2071e+02,3.2072e+02,3.2073e+02,3.2073e+02,3.2073e+02,3.2073e+02,3.2073e+02,3.2072e+02,3.2070e+02,3.2069e+02,3.2066e+02,3.2064e+02,3.2061e+02,3.2057e+02,3.2053e+02,3.2049e+02,3.2044e+02,3.2039e+02,3.2034e+02,3.2028e+02,3.2021e+02,3.2014e+02,3.2007e+02,3.1999e+02,3.1991e+02,3.1983e+02,3.1974e+02,3.1966e+02,3.1958e+02,3.1951e+02,3.1944e+02,3.1938e+02,3.1932e+02,3.1926e+02,3.1922e+02,3.1917e+02,3.1914e+02,3.1910e+02,3.1908e+02,3.1905e+02,3.1904e+02,3.1902e+02,3.1901e+02,3.1901e+02,3.2156e+02,3.2156e+02,3.2156e+02,3.2156e+02,3.2156e+02,3.2155e+02,3.2155e+02,3.2154e+02,3.2153e+02,3.2152e+02,3.2152e+02,3.2150e+02,3.2149e+02,3.2148e+02,3.2146e+02,3.2144e+02,3.2142e+02,3.2140e+02,3.2137e+02,3.2134e+02,3.2131e+02,3.2127e+02,3.2123e+02,3.2119e+02,3.2115e+02,3.2110e+02,3.2106e+02,3.2102e+02,3.2099e+02,3.2095e+02,3.2092e+02,3.2089e+02,3.2086e+02,3.2084e+02,3.2082e+02,3.2080e+02,3.2078e+02,3.2076e+02,3.2074e+02,3.2073e+02,3.2072e+02,3.2070e+02,3.2069e+02,3.2068e+02,3.2067e+02,3.2067e+02,3.2066e+02,3.2065e+02,3.2065e+02,3.2064e+02,3.2064e+02,3.2064e+02,3.2064e+02,3.2065e+02,3.2065e+02,3.2066e+02,3.2067e+02,3.2067e+02,3.2068e+02,3.2068e+02,3.2069e+02,3.2068e+02,3.2068e+02,3.2067e+02,3.2065e+02,3.2063e+02,3.2061e+02,3.2058e+02,3.2055e+02,3.2052e+02,3.2048e+02,3.2044e+02,3.2039e+02,3.2034e+02,3.2029e+02,3.2023e+02,3.2016e+02,3.2010e+02,3.2002e+02,3.1995e+02,3.1987e+02,3.1979e+02,3.1971e+02,3.1963e+02,3.1955e+02,3.1948e+02,3.1941e+02,3.1935e+02,3.1929e+02,3.1924e+02,3.1919e+02,3.1915e+02,3.1911e+02,3.1908e+02,3.1906e+02,3.1904e+02,3.1902e+02,3.1900e+02,3.1900e+02,3.1899e+02,3.2158e+02,3.2158e+02,3.2158e+02,3.2157e+02,3.2157e+02,3.2157e+02,3.2156e+02,3.2155e+02,3.2155e+02,3.2154e+02,3.2153e+02,3.2151e+02,3.2150e+02,3.2149e+02,3.2147e+02,3.2145e+02,3.2143e+02,3.2140e+02,3.2137e+02,3.2134e+02,3.2131e+02,3.2127e+02,3.2123e+02,3.2119e+02,3.2114e+02,3.2110e+02,3.2106e+02,3.2102e+02,3.2098e+02,3.2094e+02,3.2091e+02,3.2088e+02,3.2085e+02,3.2082e+02,3.2080e+02,3.2078e+02,3.2076e+02,3.2074e+02,3.2072e+02,3.2071e+02,3.2069e+02,3.2068e+02,3.2067e+02,3.2066e+02,3.2065e+02,3.2064e+02,3.2063e+02,3.2062e+02,3.2062e+02,3.2061e+02,3.2061e+02,3.2061e+02,3.2061e+02,3.2061e+02,3.2061e+02,3.2061e+02,3.2062e+02,3.2063e+02,3.2063e+02,3.2063e+02,3.2063e+02,3.2063e+02,3.2062e+02,3.2061e+02,3.2059e+02,3.2057e+02,3.2055e+02,3.2052e+02,3.2049e+02,3.2046e+02,3.2042e+02,3.2038e+02,3.2033e+02,3.2028e+02,3.2023e+02,3.2017e+02,3.2011e+02,3.2004e+02,3.1997e+02,3.1990e+02,3.1982e+02,3.1975e+02,3.1967e+02,3.1959e+02,3.1951e+02,3.1944e+02,3.1938e+02,3.1932e+02,3.1926e+02,3.1921e+02,3.1917e+02,3.1913e+02,3.1909e+02,3.1906e+02,3.1904e+02,3.1902e+02,3.1900e+02,3.1899e+02,3.1898e+02,3.1897e+02,3.2159e+02,3.2159e+02,3.2159e+02,3.2158e+02,3.2158e+02,3.2158e+02,3.2157e+02,3.2156e+02,3.2156e+02,3.2155e+02,3.2154e+02,3.2152e+02,3.2151e+02,3.2149e+02,3.2147e+02,3.2145e+02,3.2143e+02,3.2140e+02,3.2137e+02,3.2134e+02,3.2131e+02,3.2127e+02,3.2123e+02,3.2118e+02,3.2114e+02,3.2109e+02,3.2105e+02,3.2100e+02,3.2096e+02,3.2093e+02,3.2089e+02,3.2086e+02,3.2083e+02,3.2080e+02,3.2078e+02,3.2076e+02,3.2074e+02,3.2072e+02,3.2070e+02,3.2068e+02,3.2067e+02,3.2065e+02,3.2064e+02,3.2063e+02,3.2061e+02,3.2060e+02,3.2059e+02,3.2059e+02,3.2058e+02,3.2057e+02,3.2057e+02,3.2056e+02,3.2056e+02,3.2056e+02,3.2056e+02,3.2056e+02,3.2057e+02,3.2057e+02,3.2057e+02,3.2057e+02,3.2057e+02,3.2057e+02,3.2056e+02,3.2054e+02,3.2053e+02,3.2051e+02,3.2048e+02,3.2046e+02,3.2043e+02,3.2039e+02,3.2036e+02,3.2031e+02,3.2027e+02,3.2022e+02,3.2017e+02,3.2011e+02,3.2005e+02,3.1999e+02,3.1992e+02,3.1985e+02,3.1978e+02,3.1970e+02,3.1962e+02,3.1955e+02,3.1948e+02,3.1941e+02,3.1935e+02,3.1929e+02,3.1923e+02,3.1919e+02,3.1914e+02,3.1910e+02,3.1907e+02,3.1904e+02,3.1902e+02,3.1899e+02,3.1898e+02,3.1897e+02,3.1896e+02,3.1895e+02,3.2160e+02,3.2160e+02,3.2160e+02,3.2159e+02,3.2159e+02,3.2158e+02,3.2158e+02,3.2157e+02,3.2156e+02,3.2155e+02,3.2154e+02,3.2153e+02,3.2151e+02,3.2150e+02,3.2148e+02,3.2145e+02,3.2143e+02,3.2140e+02,3.2137e+02,3.2134e+02,3.2130e+02,3.2126e+02,3.2122e+02,3.2117e+02,3.2113e+02,3.2108e+02,3.2103e+02,3.2099e+02,3.2095e+02,3.2091e+02,3.2087e+02,3.2084e+02,3.2081e+02,3.2078e+02,3.2075e+02,3.2073e+02,3.2071e+02,3.2069e+02,3.2067e+02,3.2065e+02,3.2063e+02,3.2062e+02,3.2060e+02,3.2059e+02,3.2058e+02,3.2057e+02,3.2055e+02,3.2054e+02,3.2054e+02,3.2053e+02,3.2052e+02,3.2052e+02,3.2051e+02,3.2051e+02,3.2051e+02,3.2051e+02,3.2051e+02,3.2051e+02,3.2051e+02,3.2051e+02,3.2051e+02,3.2050e+02,3.2049e+02,3.2048e+02,3.2046e+02,3.2044e+02,3.2041e+02,3.2039e+02,3.2036e+02,3.2032e+02,3.2029e+02,3.2025e+02,3.2020e+02,3.2015e+02,3.2010e+02,3.2005e+02,3.1999e+02,3.1993e+02,3.1986e+02,3.1980e+02,3.1972e+02,3.1965e+02,3.1958e+02,3.1951e+02,3.1944e+02,3.1937e+02,3.1931e+02,3.1925e+02,3.1920e+02,3.1916e+02,3.1912e+02,3.1908e+02,3.1905e+02,3.1902e+02,3.1899e+02,3.1897e+02,3.1896e+02,3.1895e+02,3.1894e+02,3.1894e+02,3.2161e+02,3.2160e+02,3.2160e+02,3.2160e+02,3.2160e+02,3.2159e+02,3.2158e+02,3.2158e+02,3.2157e+02,3.2156e+02,3.2154e+02,3.2153e+02,3.2151e+02,3.2150e+02,3.2148e+02,3.2145e+02,3.2143e+02,3.2140e+02,3.2137e+02,3.2133e+02,3.2129e+02,3.2125e+02,3.2121e+02,3.2116e+02,3.2111e+02,3.2106e+02,3.2101e+02,3.2097e+02,3.2093e+02,3.2089e+02,3.2085e+02,3.2081e+02,3.2078e+02,3.2075e+02,3.2072e+02,3.2070e+02,3.2068e+02,3.2065e+02,3.2063e+02,3.2062e+02,3.2060e+02,3.2058e+02,3.2057e+02,3.2055e+02,3.2054e+02,3.2052e+02,3.2051e+02,3.2050e+02,3.2049e+02,3.2048e+02,3.2047e+02,3.2047e+02,3.2046e+02,3.2046e+02,3.2045e+02,3.2045e+02,3.2045e+02,3.2045e+02,3.2045e+02,3.2044e+02,3.2044e+02,3.2043e+02,3.2042e+02,3.2040e+02,3.2038e+02,3.2036e+02,3.2034e+02,3.2031e+02,3.2028e+02,3.2025e+02,3.2021e+02,3.2017e+02,3.2013e+02,3.2008e+02,3.2003e+02,3.1998e+02,3.1992e+02,3.1987e+02,3.1980e+02,3.1974e+02,3.1967e+02,3.1960e+02,3.1953e+02,3.1946e+02,3.1939e+02,3.1933e+02,3.1928e+02,3.1922e+02,3.1917e+02,3.1913e+02,3.1909e+02,3.1905e+02,3.1902e+02,3.1900e+02,3.1897e+02,3.1895e+02,3.1894e+02,3.1893e+02,3.1892e+02,3.1892e+02,3.2161e+02,3.2161e+02,3.2161e+02,3.2160e+02,3.2160e+02,3.2159e+02,3.2159e+02,3.2158e+02,3.2157e+02,3.2156e+02,3.2154e+02,3.2153e+02,3.2151e+02,3.2149e+02,3.2147e+02,3.2145e+02,3.2142e+02,3.2139e+02,3.2136e+02,3.2132e+02,3.2128e+02,3.2124e+02,3.2119e+02,3.2114e+02,3.2109e+02,3.2104e+02,3.2099e+02,3.2095e+02,3.2090e+02,3.2086e+02,3.2082e+02,3.2078e+02,3.2075e+02,3.2072e+02,3.2069e+02,3.2067e+02,3.2064e+02,3.2062e+02,3.2060e+02,3.2058e+02,3.2056e+02,3.2054e+02,3.2052e+02,3.2051e+02,3.2049e+02,3.2048e+02,3.2047e+02,3.2045e+02,3.2044e+02,3.2043e+02,3.2042e+02,3.2041e+02,3.2040e+02,3.2040e+02,3.2039e+02,3.2039e+02,3.2038e+02,3.2038e+02,3.2038e+02,3.2037e+02,3.2036e+02,3.2035e+02,3.2034e+02,3.2032e+02,3.2030e+02,3.2028e+02,3.2025e+02,3.2023e+02,3.2020e+02,3.2016e+02,3.2013e+02,3.2009e+02,3.2005e+02,3.2000e+02,3.1996e+02,3.1991e+02,3.1985e+02,3.1980e+02,3.1974e+02,3.1967e+02,3.1961e+02,3.1954e+02,3.1948e+02,3.1941e+02,3.1935e+02,3.1929e+02,3.1924e+02,3.1919e+02,3.1914e+02,3.1910e+02,3.1906e+02,3.1903e+02,3.1900e+02,3.1897e+02,3.1895e+02,3.1893e+02,3.1892e+02,3.1891e+02,3.1890e+02,3.1890e+02,3.2161e+02,3.2161e+02,3.2161e+02,3.2160e+02,3.2160e+02,3.2159e+02,3.2159e+02,3.2158e+02,3.2157e+02,3.2155e+02,3.2154e+02,3.2153e+02,3.2151e+02,3.2149e+02,3.2147e+02,3.2144e+02,3.2141e+02,3.2138e+02,3.2135e+02,3.2131e+02,3.2127e+02,3.2122e+02,3.2118e+02,3.2113e+02,3.2107e+02,3.2102e+02,3.2097e+02,3.2092e+02,3.2087e+02,3.2083e+02,3.2079e+02,3.2075e+02,3.2072e+02,3.2069e+02,3.2066e+02,3.2063e+02,3.2060e+02,3.2058e+02,3.2056e+02,3.2054e+02,3.2052e+02,3.2050e+02,3.2048e+02,3.2046e+02,3.2045e+02,3.2043e+02,3.2042e+02,3.2040e+02,3.2039e+02,3.2038e+02,3.2037e+02,3.2036e+02,3.2035e+02,3.2034e+02,3.2033e+02,3.2032e+02,3.2032e+02,3.2031e+02,3.2030e+02,3.2029e+02,3.2028e+02,3.2027e+02,3.2025e+02,3.2024e+02,3.2022e+02,3.2019e+02,3.2017e+02,3.2014e+02,3.2011e+02,3.2008e+02,3.2004e+02,3.2001e+02,3.1997e+02,3.1992e+02,3.1988e+02,3.1983e+02,3.1978e+02,3.1972e+02,3.1967e+02,3.1961e+02,3.1955e+02,3.1949e+02,3.1943e+02,3.1936e+02,3.1931e+02,3.1925e+02,3.1920e+02,3.1915e+02,3.1911e+02,3.1907e+02,3.1903e+02,3.1900e+02,3.1897e+02,3.1895e+02,3.1893e+02,3.1891e+02,3.1890e+02,3.1889e+02,3.1888e+02,3.1888e+02,3.2161e+02,3.2161e+02,3.2160e+02,3.2160e+02,3.2160e+02,3.2159e+02,3.2158e+02,3.2157e+02,3.2156e+02,3.2155e+02,3.2154e+02,3.2152e+02,3.2150e+02,3.2148e+02,3.2146e+02,3.2143e+02,3.2140e+02,3.2137e+02,3.2133e+02,3.2130e+02,3.2125e+02,3.2121e+02,3.2116e+02,3.2111e+02,3.2105e+02,3.2100e+02,3.2094e+02,3.2089e+02,3.2084e+02,3.2080e+02,3.2076e+02,3.2072e+02,3.2068e+02,3.2065e+02,3.2062e+02,3.2059e+02,3.2056e+02,3.2054e+02,3.2051e+02,3.2049e+02,3.2047e+02,3.2045e+02,3.2043e+02,3.2041e+02,3.2040e+02,3.2038e+02,3.2037e+02,3.2035e+02,3.2034e+02,3.2032e+02,3.2031e+02,3.2030e+02,3.2028e+02,3.2027e+02,3.2026e+02,3.2025e+02,3.2024e+02,3.2024e+02,3.2023e+02,3.2021e+02,3.2020e+02,3.2019e+02,3.2017e+02,3.2015e+02,3.2013e+02,3.2010e+02,3.2008e+02,3.2005e+02,3.2002e+02,3.1999e+02,3.1996e+02,3.1992e+02,3.1988e+02,3.1984e+02,3.1980e+02,3.1975e+02,3.1970e+02,3.1965e+02,3.1960e+02,3.1954e+02,3.1949e+02,3.1943e+02,3.1937e+02,3.1932e+02,3.1926e+02,3.1921e+02,3.1916e+02,3.1912e+02,3.1908e+02,3.1904e+02,3.1901e+02,3.1898e+02,3.1895e+02,3.1893e+02,3.1891e+02,3.1889e+02,3.1888e+02,3.1887e+02,3.1886e+02,3.1886e+02,3.2160e+02,3.2160e+02,3.2160e+02,3.2159e+02,3.2159e+02,3.2158e+02,3.2158e+02,3.2157e+02,3.2156e+02,3.2154e+02,3.2153e+02,3.2151e+02,3.2149e+02,3.2147e+02,3.2145e+02,3.2142e+02,3.2139e+02,3.2136e+02,3.2132e+02,3.2128e+02,3.2123e+02,3.2119e+02,3.2114e+02,3.2108e+02,3.2103e+02,3.2097e+02,3.2092e+02,3.2086e+02,3.2081e+02,3.2077e+02,3.2072e+02,3.2068e+02,3.2064e+02,3.2061e+02,3.2058e+02,3.2055e+02,3.2052e+02,3.2049e+02,3.2047e+02,3.2045e+02,3.2042e+02,3.2040e+02,3.2038e+02,3.2037e+02,3.2035e+02,3.2033e+02,3.2031e+02,3.2030e+02,3.2028e+02,3.2027e+02,3.2025e+02,3.2024e+02,3.2022e+02,3.2021e+02,3.2020e+02,3.2019e+02,3.2017e+02,3.2016e+02,3.2015e+02,3.2013e+02,3.2012e+02,3.2010e+02,3.2008e+02,3.2006e+02,3.2004e+02,3.2002e+02,3.1999e+02,3.1996e+02,3.1993e+02,3.1990e+02,3.1987e+02,3.1983e+02,3.1980e+02,3.1976e+02,3.1971e+02,3.1967e+02,3.1962e+02,3.1958e+02,3.1953e+02,3.1948e+02,3.1942e+02,3.1937e+02,3.1932e+02,3.1927e+02,3.1922e+02,3.1917e+02,3.1913e+02,3.1908e+02,3.1905e+02,3.1901e+02,3.1898e+02,3.1895e+02,3.1893e+02,3.1890e+02,3.1889e+02,3.1887e+02,3.1886e+02,3.1885e+02,3.1884e+02,3.1884e+02,3.2159e+02,3.2159e+02,3.2159e+02,3.2159e+02,3.2158e+02,3.2157e+02,3.2157e+02,3.2156e+02,3.2155e+02,3.2153e+02,3.2152e+02,3.2150e+02,3.2148e+02,3.2146e+02,3.2143e+02,3.2141e+02,3.2137e+02,3.2134e+02,3.2130e+02,3.2126e+02,3.2121e+02,3.2117e+02,3.2111e+02,3.2106e+02,3.2100e+02,3.2094e+02,3.2089e+02,3.2083e+02,3.2078e+02,3.2073e+02,3.2069e+02,3.2065e+02,3.2061e+02,3.2057e+02,3.2054e+02,3.2051e+02,3.2048e+02,3.2045e+02,3.2043e+02,3.2040e+02,3.2038e+02,3.2036e+02,3.2034e+02,3.2032e+02,3.2030e+02,3.2028e+02,3.2026e+02,3.2024e+02,3.2023e+02,3.2021e+02,3.2019e+02,3.2018e+02,3.2016e+02,3.2015e+02,3.2013e+02,3.2012e+02,3.2010e+02,3.2009e+02,3.2007e+02,3.2006e+02,3.2004e+02,3.2002e+02,3.2000e+02,3.1998e+02,3.1995e+02,3.1993e+02,3.1990e+02,3.1988e+02,3.1985e+02,3.1982e+02,3.1978e+02,3.1975e+02,3.1971e+02,3.1967e+02,3.1964e+02,3.1959e+02,3.1955e+02,3.1951e+02,3.1946e+02,3.1941e+02,3.1936e+02,3.1932e+02,3.1927e+02,3.1922e+02,3.1917e+02,3.1913e+02,3.1909e+02,3.1905e+02,3.1901e+02,3.1898e+02,3.1895e+02,3.1893e+02,3.1890e+02,3.1888e+02,3.1887e+02,3.1885e+02,3.1884e+02,3.1883e+02,3.1883e+02,3.1882e+02,3.2158e+02,3.2158e+02,3.2158e+02,3.2157e+02,3.2157e+02,3.2156e+02,3.2155e+02,3.2154e+02,3.2153e+02,3.2152e+02,3.2150e+02,3.2149e+02,3.2146e+02,3.2144e+02,3.2142e+02,3.2139e+02,3.2136e+02,3.2132e+02,3.2128e+02,3.2124e+02,3.2119e+02,3.2114e+02,3.2109e+02,3.2103e+02,3.2097e+02,3.2091e+02,3.2085e+02,3.2080e+02,3.2075e+02,3.2070e+02,3.2065e+02,3.2061e+02,3.2057e+02,3.2053e+02,3.2050e+02,3.2046e+02,3.2043e+02,3.2041e+02,3.2038e+02,3.2036e+02,3.2033e+02,3.2031e+02,3.2029e+02,3.2027e+02,3.2025e+02,3.2023e+02,3.2021e+02,3.2019e+02,3.2017e+02,3.2015e+02,3.2014e+02,3.2012e+02,3.2010e+02,3.2009e+02,3.2007e+02,3.2005e+02,3.2003e+02,3.2002e+02,3.2000e+02,3.1998e+02,3.1996e+02,3.1994e+02,3.1992e+02,3.1990e+02,3.1987e+02,3.1985e+02,3.1982e+02,3.1979e+02,3.1976e+02,3.1973e+02,3.1970e+02,3.1967e+02,3.1963e+02,3.1960e+02,3.1956e+02,3.1952e+02,3.1948e+02,3.1944e+02,3.1940e+02,3.1935e+02,3.1931e+02,3.1926e+02,3.1922e+02,3.1917e+02,3.1913e+02,3.1909e+02,3.1905e+02,3.1902e+02,3.1898e+02,3.1895e+02,3.1893e+02,3.1890e+02,3.1888e+02,3.1886e+02,3.1884e+02,3.1883e+02,3.1882e+02,3.1881e+02,3.1881e+02,3.1880e+02,3.2157e+02,3.2157e+02,3.2156e+02,3.2156e+02,3.2155e+02,3.2155e+02,3.2154e+02,3.2153e+02,3.2152e+02,3.2150e+02,3.2149e+02,3.2147e+02,3.2145e+02,3.2142e+02,3.2140e+02,3.2137e+02,3.2134e+02,3.2130e+02,3.2126e+02,3.2122e+02,3.2117e+02,3.2112e+02,3.2106e+02,3.2100e+02,3.2094e+02,3.2088e+02,3.2082e+02,3.2077e+02,3.2071e+02,3.2066e+02,3.2061e+02,3.2057e+02,3.2053e+02,3.2049e+02,3.2046e+02,3.2042e+02,3.2039e+02,3.2036e+02,3.2034e+02,3.2031e+02,3.2029e+02,3.2026e+02,3.2024e+02,3.2022e+02,3.2020e+02,3.2018e+02,3.2016e+02,3.2014e+02,3.2012e+02,3.2010e+02,3.2008e+02,3.2006e+02,3.2005e+02,3.2003e+02,3.2001e+02,3.1999e+02,3.1997e+02,3.1995e+02,3.1993e+02,3.1991e+02,3.1989e+02,3.1987e+02,3.1984e+02,3.1982e+02,3.1980e+02,3.1977e+02,3.1974e+02,3.1972e+02,3.1969e+02,3.1966e+02,3.1963e+02,3.1959e+02,3.1956e+02,3.1953e+02,3.1949e+02,3.1945e+02,3.1941e+02,3.1938e+02,3.1934e+02,3.1929e+02,3.1925e+02,3.1921e+02,3.1917e+02,3.1913e+02,3.1909e+02,3.1905e+02,3.1902e+02,3.1899e+02,3.1895e+02,3.1893e+02,3.1890e+02,3.1888e+02,3.1886e+02,3.1884e+02,3.1883e+02,3.1881e+02,3.1880e+02,3.1880e+02,3.1879e+02,3.1879e+02,3.2155e+02,3.2155e+02,3.2154e+02,3.2154e+02,3.2154e+02,3.2153e+02,3.2152e+02,3.2151e+02,3.2150e+02,3.2148e+02,3.2147e+02,3.2145e+02,3.2143e+02,3.2140e+02,3.2138e+02,3.2135e+02,3.2131e+02,3.2128e+02,3.2123e+02,3.2119e+02,3.2114e+02,3.2109e+02,3.2103e+02,3.2097e+02,3.2091e+02,3.2085e+02,3.2079e+02,3.2073e+02,3.2068e+02,3.2063e+02,3.2058e+02,3.2053e+02,3.2049e+02,3.2045e+02,3.2042e+02,3.2038e+02,3.2035e+02,3.2032e+02,3.2030e+02,3.2027e+02,3.2024e+02,3.2022e+02,3.2020e+02,3.2018e+02,3.2015e+02,3.2013e+02,3.2011e+02,3.2009e+02,3.2007e+02,3.2005e+02,3.2003e+02,3.2001e+02,3.1999e+02,3.1997e+02,3.1995e+02,3.1993e+02,3.1991e+02,3.1989e+02,3.1987e+02,3.1984e+02,3.1982e+02,3.1980e+02,3.1977e+02,3.1975e+02,3.1972e+02,3.1970e+02,3.1967e+02,3.1964e+02,3.1962e+02,3.1959e+02,3.1956e+02,3.1952e+02,3.1949e+02,3.1946e+02,3.1943e+02,3.1939e+02,3.1935e+02,3.1932e+02,3.1928e+02,3.1924e+02,3.1920e+02,3.1916e+02,3.1913e+02,3.1909e+02,3.1905e+02,3.1902e+02,3.1899e+02,3.1896e+02,3.1893e+02,3.1890e+02,3.1888e+02,3.1886e+02,3.1884e+02,3.1882e+02,3.1881e+02,3.1879e+02,3.1879e+02,3.1878e+02,3.1877e+02,3.1877e+02,3.2153e+02,3.2153e+02,3.2152e+02,3.2152e+02,3.2151e+02,3.2151e+02,3.2150e+02,3.2149e+02,3.2147e+02,3.2146e+02,3.2144e+02,3.2142e+02,3.2140e+02,3.2138e+02,3.2135e+02,3.2132e+02,3.2129e+02,3.2125e+02,3.2121e+02,3.2116e+02,3.2111e+02,3.2106e+02,3.2100e+02,3.2094e+02,3.2088e+02,3.2082e+02,3.2076e+02,3.2070e+02,3.2064e+02,3.2059e+02,3.2054e+02,3.2050e+02,3.2046e+02,3.2042e+02,3.2038e+02,3.2035e+02,3.2031e+02,3.2028e+02,3.2026e+02,3.2023e+02,3.2020e+02,3.2018e+02,3.2015e+02,3.2013e+02,3.2011e+02,3.2009e+02,3.2007e+02,3.2004e+02,3.2002e+02,3.2000e+02,3.1998e+02,3.1996e+02,3.1994e+02,3.1992e+02,3.1989e+02,3.1987e+02,3.1985e+02,3.1983e+02,3.1980e+02,3.1978e+02,3.1976e+02,3.1973e+02,3.1971e+02,3.1968e+02,3.1966e+02,3.1963e+02,3.1960e+02,3.1958e+02,3.1955e+02,3.1952e+02,3.1949e+02,3.1946e+02,3.1943e+02,3.1940e+02,3.1937e+02,3.1933e+02,3.1930e+02,3.1926e+02,3.1923e+02,3.1919e+02,3.1916e+02,3.1912e+02,3.1909e+02,3.1905e+02,3.1902e+02,3.1899e+02,3.1896e+02,3.1893e+02,3.1890e+02,3.1888e+02,3.1886e+02,3.1884e+02,3.1882e+02,3.1880e+02,3.1879e+02,3.1878e+02,3.1877e+02,3.1876e+02,3.1876e+02,3.1876e+02,3.2150e+02,3.2150e+02,3.2150e+02,3.2149e+02,3.2149e+02,3.2148e+02,3.2147e+02,3.2146e+02,3.2145e+02,3.2143e+02,3.2142e+02,3.2140e+02,3.2138e+02,3.2135e+02,3.2132e+02,3.2129e+02,3.2126e+02,3.2122e+02,3.2118e+02,3.2113e+02,3.2108e+02,3.2103e+02,3.2097e+02,3.2091e+02,3.2085e+02,3.2079e+02,3.2073e+02,3.2067e+02,3.2061e+02,3.2056e+02,3.2051e+02,3.2046e+02,3.2042e+02,3.2038e+02,3.2034e+02,3.2031e+02,3.2028e+02,3.2025e+02,3.2022e+02,3.2019e+02,3.2016e+02,3.2014e+02,3.2011e+02,3.2009e+02,3.2007e+02,3.2005e+02,3.2002e+02,3.2000e+02,3.1998e+02,3.1996e+02,3.1993e+02,3.1991e+02,3.1989e+02,3.1987e+02,3.1984e+02,3.1982e+02,3.1980e+02,3.1977e+02,3.1975e+02,3.1972e+02,3.1970e+02,3.1967e+02,3.1965e+02,3.1962e+02,3.1960e+02,3.1957e+02,3.1954e+02,3.1952e+02,3.1949e+02,3.1946e+02,3.1943e+02,3.1940e+02,3.1937e+02,3.1934e+02,3.1931e+02,3.1928e+02,3.1925e+02,3.1921e+02,3.1918e+02,3.1915e+02,3.1911e+02,3.1908e+02,3.1905e+02,3.1902e+02,3.1898e+02,3.1896e+02,3.1893e+02,3.1890e+02,3.1888e+02,3.1885e+02,3.1883e+02,3.1882e+02,3.1880e+02,3.1878e+02,3.1877e+02,3.1876e+02,3.1875e+02,3.1875e+02,3.1874e+02,3.1874e+02,3.2147e+02,3.2147e+02,3.2147e+02,3.2146e+02,3.2146e+02,3.2145e+02,3.2144e+02,3.2143e+02,3.2142e+02,3.2140e+02,3.2139e+02,3.2137e+02,3.2135e+02,3.2132e+02,3.2129e+02,3.2126e+02,3.2123e+02,3.2119e+02,3.2115e+02,3.2110e+02,3.2105e+02,3.2100e+02,3.2094e+02,3.2088e+02,3.2082e+02,3.2075e+02,3.2069e+02,3.2063e+02,3.2058e+02,3.2052e+02,3.2047e+02,3.2043e+02,3.2038e+02,3.2034e+02,3.2031e+02,3.2027e+02,3.2024e+02,3.2021e+02,3.2018e+02,3.2015e+02,3.2013e+02,3.2010e+02,3.2008e+02,3.2005e+02,3.2003e+02,3.2001e+02,3.1998e+02,3.1996e+02,3.1994e+02,3.1991e+02,3.1989e+02,3.1987e+02,3.1984e+02,3.1982e+02,3.1980e+02,3.1977e+02,3.1975e+02,3.1972e+02,3.1970e+02,3.1967e+02,3.1965e+02,3.1962e+02,3.1959e+02,3.1957e+02,3.1954e+02,3.1951e+02,3.1949e+02,3.1946e+02,3.1943e+02,3.1941e+02,3.1938e+02,3.1935e+02,3.1932e+02,3.1929e+02,3.1926e+02,3.1923e+02,3.1920e+02,3.1917e+02,3.1914e+02,3.1911e+02,3.1907e+02,3.1904e+02,3.1901e+02,3.1898e+02,3.1895e+02,3.1893e+02,3.1890e+02,3.1888e+02,3.1885e+02,3.1883e+02,3.1881e+02,3.1880e+02,3.1878e+02,3.1877e+02,3.1876e+02,3.1875e+02,3.1874e+02,3.1873e+02,3.1873e+02,3.1873e+02,3.2144e+02,3.2144e+02,3.2144e+02,3.2143e+02,3.2142e+02,3.2142e+02,3.2141e+02,3.2140e+02,3.2138e+02,3.2137e+02,3.2135e+02,3.2133e+02,3.2131e+02,3.2129e+02,3.2126e+02,3.2123e+02,3.2119e+02,3.2116e+02,3.2111e+02,3.2107e+02,3.2102e+02,3.2096e+02,3.2091e+02,3.2085e+02,3.2078e+02,3.2072e+02,3.2066e+02,3.2060e+02,3.2054e+02,3.2049e+02,3.2044e+02,3.2039e+02,3.2035e+02,3.2031e+02,3.2027e+02,3.2024e+02,3.2021e+02,3.2017e+02,3.2015e+02,3.2012e+02,3.2009e+02,3.2007e+02,3.2004e+02,3.2002e+02,3.1999e+02,3.1997e+02,3.1995e+02,3.1992e+02,3.1990e+02,3.1987e+02,3.1985e+02,3.1983e+02,3.1980e+02,3.1978e+02,3.1975e+02,3.1973e+02,3.1970e+02,3.1968e+02,3.1965e+02,3.1962e+02,3.1960e+02,3.1957e+02,3.1954e+02,3.1952e+02,3.1949e+02,3.1946e+02,3.1944e+02,3.1941e+02,3.1938e+02,3.1936e+02,3.1933e+02,3.1930e+02,3.1927e+02,3.1924e+02,3.1922e+02,3.1919e+02,3.1916e+02,3.1913e+02,3.1910e+02,3.1907e+02,3.1904e+02,3.1901e+02,3.1898e+02,3.1895e+02,3.1893e+02,3.1890e+02,3.1888e+02,3.1885e+02,3.1883e+02,3.1881e+02,3.1880e+02,3.1878e+02,3.1877e+02,3.1875e+02,3.1874e+02,3.1873e+02,3.1873e+02,3.1872e+02,3.1872e+02,3.1872e+02,3.2140e+02,3.2140e+02,3.2140e+02,3.2139e+02,3.2139e+02,3.2138e+02,3.2137e+02,3.2136e+02,3.2135e+02,3.2133e+02,3.2132e+02,3.2130e+02,3.2127e+02,3.2125e+02,3.2122e+02,3.2119e+02,3.2116e+02,3.2112e+02,3.2108e+02,3.2103e+02,3.2098e+02,3.2093e+02,3.2087e+02,3.2081e+02,3.2075e+02,3.2069e+02,3.2062e+02,3.2057e+02,3.2051e+02,3.2046e+02,3.2041e+02,3.2036e+02,3.2032e+02,3.2028e+02,3.2024e+02,3.2021e+02,3.2017e+02,3.2014e+02,3.2011e+02,3.2008e+02,3.2006e+02,3.2003e+02,3.2001e+02,3.1998e+02,3.1996e+02,3.1993e+02,3.1991e+02,3.1989e+02,3.1986e+02,3.1984e+02,3.1981e+02,3.1979e+02,3.1976e+02,3.1974e+02,3.1971e+02,3.1969e+02,3.1966e+02,3.1963e+02,3.1961e+02,3.1958e+02,3.1955e+02,3.1952e+02,3.1950e+02,3.1947e+02,3.1944e+02,3.1942e+02,3.1939e+02,3.1936e+02,3.1934e+02,3.1931e+02,3.1928e+02,3.1926e+02,3.1923e+02,3.1920e+02,3.1917e+02,3.1915e+02,3.1912e+02,3.1909e+02,3.1906e+02,3.1904e+02,3.1901e+02,3.1898e+02,3.1895e+02,3.1893e+02,3.1890e+02,3.1888e+02,3.1886e+02,3.1883e+02,3.1881e+02,3.1880e+02,3.1878e+02,3.1876e+02,3.1875e+02,3.1874e+02,3.1873e+02,3.1872e+02,3.1872e+02,3.1871e+02,3.1871e+02,3.1871e+02,3.2136e+02,3.2136e+02,3.2136e+02,3.2135e+02,3.2135e+02,3.2134e+02,3.2133e+02,3.2132e+02,3.2131e+02,3.2129e+02,3.2127e+02,3.2126e+02,3.2123e+02,3.2121e+02,3.2118e+02,3.2115e+02,3.2112e+02,3.2108e+02,3.2104e+02,3.2099e+02,3.2094e+02,3.2089e+02,3.2083e+02,3.2077e+02,3.2071e+02,3.2065e+02,3.2059e+02,3.2053e+02,3.2048e+02,3.2042e+02,3.2037e+02,3.2033e+02,3.2029e+02,3.2025e+02,3.2021e+02,3.2017e+02,3.2014e+02,3.2011e+02,3.2008e+02,3.2005e+02,3.2003e+02,3.2000e+02,3.1997e+02,3.1995e+02,3.1993e+02,3.1990e+02,3.1988e+02,3.1985e+02,3.1983e+02,3.1980e+02,3.1978e+02,3.1975e+02,3.1973e+02,3.1970e+02,3.1967e+02,3.1965e+02,3.1962e+02,3.1959e+02,3.1957e+02,3.1954e+02,3.1951e+02,3.1948e+02,3.1945e+02,3.1943e+02,3.1940e+02,3.1937e+02,3.1935e+02,3.1932e+02,3.1929e+02,3.1927e+02,3.1924e+02,3.1922e+02,3.1919e+02,3.1916e+02,3.1914e+02,3.1911e+02,3.1908e+02,3.1906e+02,3.1903e+02,3.1901e+02,3.1898e+02,3.1895e+02,3.1893e+02,3.1890e+02,3.1888e+02,3.1886e+02,3.1884e+02,3.1882e+02,3.1880e+02,3.1878e+02,3.1877e+02,3.1875e+02,3.1874e+02,3.1873e+02,3.1872e+02,3.1871e+02,3.1870e+02,3.1870e+02,3.1870e+02,3.1870e+02,3.2131e+02,3.2131e+02,3.2131e+02,3.2130e+02,3.2130e+02,3.2129e+02,3.2128e+02,3.2127e+02,3.2126e+02,3.2125e+02,3.2123e+02,3.2121e+02,3.2119e+02,3.2116e+02,3.2114e+02,3.2111e+02,3.2107e+02,3.2104e+02,3.2100e+02,3.2095e+02,3.2090e+02,3.2085e+02,3.2079e+02,3.2074e+02,3.2067e+02,3.2061e+02,3.2055e+02,3.2050e+02,3.2044e+02,3.2039e+02,3.2034e+02,3.2029e+02,3.2025e+02,3.2021e+02,3.2018e+02,3.2014e+02,3.2011e+02,3.2008e+02,3.2005e+02,3.2002e+02,3.1999e+02,3.1997e+02,3.1994e+02,3.1992e+02,3.1989e+02,3.1987e+02,3.1985e+02,3.1982e+02,3.1980e+02,3.1977e+02,3.1975e+02,3.1972e+02,3.1969e+02,3.1967e+02,3.1964e+02,3.1961e+02,3.1958e+02,3.1956e+02,3.1953e+02,3.1950e+02,3.1947e+02,3.1944e+02,3.1942e+02,3.1939e+02,3.1936e+02,3.1934e+02,3.1931e+02,3.1928e+02,3.1926e+02,3.1923e+02,3.1921e+02,3.1918e+02,3.1915e+02,3.1913e+02,3.1910e+02,3.1908e+02,3.1905e+02,3.1903e+02,3.1900e+02,3.1898e+02,3.1895e+02,3.1893e+02,3.1890e+02,3.1888e+02,3.1886e+02,3.1884e+02,3.1882e+02,3.1880e+02,3.1878e+02,3.1877e+02,3.1875e+02,3.1874e+02,3.1873e+02,3.1872e+02,3.1871e+02,3.1870e+02,3.1870e+02,3.1869e+02,3.1869e+02,3.1869e+02,3.2126e+02,3.2126e+02,3.2126e+02,3.2125e+02,3.2125e+02,3.2124e+02,3.2123e+02,3.2122e+02,3.2121e+02,3.2119e+02,3.2118e+02,3.2116e+02,3.2114e+02,3.2111e+02,3.2109e+02,3.2106e+02,3.2103e+02,3.2099e+02,3.2095e+02,3.2091e+02,3.2086e+02,3.2081e+02,3.2075e+02,3.2069e+02,3.2063e+02,3.2057e+02,3.2051e+02,3.2046e+02,3.2040e+02,3.2035e+02,3.2030e+02,3.2026e+02,3.2022e+02,3.2018e+02,3.2014e+02,3.2011e+02,3.2008e+02,3.2005e+02,3.2002e+02,3.1999e+02,3.1996e+02,3.1994e+02,3.1991e+02,3.1989e+02,3.1986e+02,3.1984e+02,3.1981e+02,3.1979e+02,3.1976e+02,3.1974e+02,3.1971e+02,3.1969e+02,3.1966e+02,3.1963e+02,3.1961e+02,3.1958e+02,3.1955e+02,3.1952e+02,3.1949e+02,3.1946e+02,3.1944e+02,3.1941e+02,3.1938e+02,3.1935e+02,3.1933e+02,3.1930e+02,3.1927e+02,3.1925e+02,3.1922e+02,3.1920e+02,3.1917e+02,3.1915e+02,3.1912e+02,3.1910e+02,3.1907e+02,3.1905e+02,3.1903e+02,3.1900e+02,3.1898e+02,3.1895e+02,3.1893e+02,3.1891e+02,3.1888e+02,3.1886e+02,3.1884e+02,3.1882e+02,3.1880e+02,3.1879e+02,3.1877e+02,3.1875e+02,3.1874e+02,3.1873e+02,3.1872e+02,3.1871e+02,3.1870e+02,3.1869e+02,3.1869e+02,3.1868e+02,3.1868e+02,3.1868e+02,3.2120e+02,3.2120e+02,3.2120e+02,3.2120e+02,3.2119e+02,3.2118e+02,3.2117e+02,3.2116e+02,3.2115e+02,3.2114e+02,3.2112e+02,3.2110e+02,3.2108e+02,3.2106e+02,3.2103e+02,3.2101e+02,3.2097e+02,3.2094e+02,3.2090e+02,3.2086e+02,3.2081e+02,3.2076e+02,3.2071e+02,3.2065e+02,3.2059e+02,3.2053e+02,3.2047e+02,3.2042e+02,3.2036e+02,3.2032e+02,3.2027e+02,3.2022e+02,3.2018e+02,3.2015e+02,3.2011e+02,3.2008e+02,3.2005e+02,3.2002e+02,3.1999e+02,3.1996e+02,3.1993e+02,3.1991e+02,3.1988e+02,3.1986e+02,3.1983e+02,3.1981e+02,3.1978e+02,3.1976e+02,3.1973e+02,3.1971e+02,3.1968e+02,3.1966e+02,3.1963e+02,3.1960e+02,3.1958e+02,3.1955e+02,3.1952e+02,3.1949e+02,3.1946e+02,3.1943e+02,3.1940e+02,3.1938e+02,3.1935e+02,3.1932e+02,3.1929e+02,3.1927e+02,3.1924e+02,3.1922e+02,3.1919e+02,3.1917e+02,3.1914e+02,3.1912e+02,3.1909e+02,3.1907e+02,3.1905e+02,3.1902e+02,3.1900e+02,3.1898e+02,3.1895e+02,3.1893e+02,3.1891e+02,3.1889e+02,3.1887e+02,3.1885e+02,3.1883e+02,3.1881e+02,3.1879e+02,3.1877e+02,3.1876e+02,3.1874e+02,3.1873e+02,3.1872e+02,3.1871e+02,3.1870e+02,3.1869e+02,3.1869e+02,3.1868e+02,3.1868e+02,3.1868e+02,3.1867e+02,3.2114e+02,3.2114e+02,3.2114e+02,3.2113e+02,3.2113e+02,3.2112e+02,3.2111e+02,3.2110e+02,3.2109e+02,3.2108e+02,3.2106e+02,3.2104e+02,3.2102e+02,3.2100e+02,3.2098e+02,3.2095e+02,3.2092e+02,3.2088e+02,3.2084e+02,3.2080e+02,3.2076e+02,3.2071e+02,3.2066e+02,3.2060e+02,3.2054e+02,3.2049e+02,3.2043e+02,3.2038e+02,3.2032e+02,3.2028e+02,3.2023e+02,3.2019e+02,3.2015e+02,3.2011e+02,3.2008e+02,3.2004e+02,3.2001e+02,3.1998e+02,3.1995e+02,3.1993e+02,3.1990e+02,3.1988e+02,3.1985e+02,3.1983e+02,3.1980e+02,3.1978e+02,3.1975e+02,3.1973e+02,3.1970e+02,3.1968e+02,3.1965e+02,3.1963e+02,3.1960e+02,3.1957e+02,3.1955e+02,3.1952e+02,3.1949e+02,3.1946e+02,3.1943e+02,3.1940e+02,3.1937e+02,3.1934e+02,3.1932e+02,3.1929e+02,3.1926e+02,3.1924e+02,3.1921e+02,3.1919e+02,3.1916e+02,3.1914e+02,3.1911e+02,3.1909e+02,3.1907e+02,3.1905e+02,3.1902e+02,3.1900e+02,3.1898e+02,3.1896e+02,3.1893e+02,3.1891e+02,3.1889e+02,3.1887e+02,3.1885e+02,3.1883e+02,3.1881e+02,3.1879e+02,3.1878e+02,3.1876e+02,3.1875e+02,3.1873e+02,3.1872e+02,3.1871e+02,3.1870e+02,3.1869e+02,3.1869e+02,3.1868e+02,3.1868e+02,3.1867e+02,3.1867e+02,3.1867e+02,3.2107e+02,3.2107e+02,3.2107e+02,3.2106e+02,3.2106e+02,3.2105e+02,3.2104e+02,3.2103e+02,3.2102e+02,3.2101e+02,3.2100e+02,3.2098e+02,3.2096e+02,3.2094e+02,3.2091e+02,3.2089e+02,3.2086e+02,3.2082e+02,3.2079e+02,3.2074e+02,3.2070e+02,3.2065e+02,3.2060e+02,3.2055e+02,3.2049e+02,3.2044e+02,3.2038e+02,3.2033e+02,3.2028e+02,3.2023e+02,3.2019e+02,3.2015e+02,3.2011e+02,3.2007e+02,3.2004e+02,3.2001e+02,3.1998e+02,3.1995e+02,3.1992e+02,3.1989e+02,3.1987e+02,3.1984e+02,3.1982e+02,3.1980e+02,3.1977e+02,3.1975e+02,3.1972e+02,3.1970e+02,3.1967e+02,3.1965e+02,3.1962e+02,3.1960e+02,3.1957e+02,3.1954e+02,3.1952e+02,3.1949e+02,3.1946e+02,3.1943e+02,3.1940e+02,3.1937e+02,3.1934e+02,3.1932e+02,3.1929e+02,3.1926e+02,3.1924e+02,3.1921e+02,3.1918e+02,3.1916e+02,3.1914e+02,3.1911e+02,3.1909e+02,3.1907e+02,3.1904e+02,3.1902e+02,3.1900e+02,3.1898e+02,3.1896e+02,3.1894e+02,3.1892e+02,3.1890e+02,3.1888e+02,3.1886e+02,3.1884e+02,3.1882e+02,3.1880e+02,3.1878e+02,3.1877e+02,3.1875e+02,3.1874e+02,3.1873e+02,3.1872e+02,3.1871e+02,3.1870e+02,3.1869e+02,3.1868e+02,3.1868e+02,3.1867e+02,3.1867e+02,3.1867e+02,3.1867e+02,3.2100e+02,3.2100e+02,3.2099e+02,3.2099e+02,3.2098e+02,3.2098e+02,3.2097e+02,3.2096e+02,3.2095e+02,3.2094e+02,3.2092e+02,3.2091e+02,3.2089e+02,3.2087e+02,3.2084e+02,3.2082e+02,3.2079e+02,3.2076e+02,3.2072e+02,3.2068e+02,3.2064e+02,3.2059e+02,3.2054e+02,3.2049e+02,3.2044e+02,3.2039e+02,3.2033e+02,3.2028e+02,3.2023e+02,3.2019e+02,3.2015e+02,3.2011e+02,3.2007e+02,3.2003e+02,3.2000e+02,3.1997e+02,3.1994e+02,3.1991e+02,3.1989e+02,3.1986e+02,3.1984e+02,3.1981e+02,3.1979e+02,3.1976e+02,3.1974e+02,3.1972e+02,3.1969e+02,3.1967e+02,3.1964e+02,3.1962e+02,3.1959e+02,3.1957e+02,3.1954e+02,3.1951e+02,3.1949e+02,3.1946e+02,3.1943e+02,3.1940e+02,3.1937e+02,3.1934e+02,3.1932e+02,3.1929e+02,3.1926e+02,3.1924e+02,3.1921e+02,3.1918e+02,3.1916e+02,3.1914e+02,3.1911e+02,3.1909e+02,3.1907e+02,3.1905e+02,3.1902e+02,3.1900e+02,3.1898e+02,3.1896e+02,3.1894e+02,3.1892e+02,3.1890e+02,3.1888e+02,3.1886e+02,3.1884e+02,3.1883e+02,3.1881e+02,3.1879e+02,3.1878e+02,3.1876e+02,3.1875e+02,3.1873e+02,3.1872e+02,3.1871e+02,3.1870e+02,3.1869e+02,3.1869e+02,3.1868e+02,3.1868e+02,3.1867e+02,3.1867e+02,3.1867e+02,3.1866e+02,3.2092e+02,3.2091e+02,3.2091e+02,3.2091e+02,3.2090e+02,3.2090e+02,3.2089e+02,3.2088e+02,3.2087e+02,3.2086e+02,3.2084e+02,3.2083e+02,3.2081e+02,3.2079e+02,3.2077e+02,3.2074e+02,3.2072e+02,3.2068e+02,3.2065e+02,3.2061e+02,3.2057e+02,3.2053e+02,3.2048e+02,3.2043e+02,3.2038e+02,3.2033e+02,3.2028e+02,3.2023e+02,3.2018e+02,3.2014e+02,3.2010e+02,3.2006e+02,3.2003e+02,3.1999e+02,3.1996e+02,3.1993e+02,3.1990e+02,3.1988e+02,3.1985e+02,3.1982e+02,3.1980e+02,3.1978e+02,3.1975e+02,3.1973e+02,3.1971e+02,3.1968e+02,3.1966e+02,3.1964e+02,3.1961e+02,3.1959e+02,3.1956e+02,3.1954e+02,3.1951e+02,3.1948e+02,3.1946e+02,3.1943e+02,3.1940e+02,3.1937e+02,3.1935e+02,3.1932e+02,3.1929e+02,3.1926e+02,3.1924e+02,3.1921e+02,3.1919e+02,3.1916e+02,3.1914e+02,3.1911e+02,3.1909e+02,3.1907e+02,3.1905e+02,3.1903e+02,3.1901e+02,3.1898e+02,3.1896e+02,3.1895e+02,3.1893e+02,3.1891e+02,3.1889e+02,3.1887e+02,3.1885e+02,3.1883e+02,3.1882e+02,3.1880e+02,3.1878e+02,3.1877e+02,3.1875e+02,3.1874e+02,3.1873e+02,3.1872e+02,3.1871e+02,3.1870e+02,3.1869e+02,3.1868e+02,3.1868e+02,3.1867e+02,3.1867e+02,3.1867e+02,3.1867e+02,3.1866e+02,3.2083e+02,3.2083e+02,3.2082e+02,3.2082e+02,3.2082e+02,3.2081e+02,3.2080e+02,3.2079e+02,3.2078e+02,3.2077e+02,3.2076e+02,3.2074e+02,3.2073e+02,3.2071e+02,3.2069e+02,3.2066e+02,3.2064e+02,3.2061e+02,3.2057e+02,3.2054e+02,3.2050e+02,3.2046e+02,3.2042e+02,3.2037e+02,3.2032e+02,3.2027e+02,3.2022e+02,3.2018e+02,3.2013e+02,3.2009e+02,3.2005e+02,3.2002e+02,3.1998e+02,3.1995e+02,3.1992e+02,3.1989e+02,3.1986e+02,3.1984e+02,3.1981e+02,3.1979e+02,3.1976e+02,3.1974e+02,3.1972e+02,3.1970e+02,3.1967e+02,3.1965e+02,3.1963e+02,3.1960e+02,3.1958e+02,3.1956e+02,3.1953e+02,3.1951e+02,3.1948e+02,3.1945e+02,3.1943e+02,3.1940e+02,3.1937e+02,3.1935e+02,3.1932e+02,3.1929e+02,3.1926e+02,3.1924e+02,3.1921e+02,3.1919e+02,3.1916e+02,3.1914e+02,3.1912e+02,3.1909e+02,3.1907e+02,3.1905e+02,3.1903e+02,3.1901e+02,3.1899e+02,3.1897e+02,3.1895e+02,3.1893e+02,3.1891e+02,3.1889e+02,3.1888e+02,3.1886e+02,3.1884e+02,3.1882e+02,3.1881e+02,3.1879e+02,3.1878e+02,3.1876e+02,3.1875e+02,3.1874e+02,3.1873e+02,3.1872e+02,3.1871e+02,3.1870e+02,3.1869e+02,3.1868e+02,3.1868e+02,3.1867e+02,3.1867e+02,3.1867e+02,3.1867e+02,3.1867e+02,3.2073e+02,3.2073e+02,3.2073e+02,3.2073e+02,3.2072e+02,3.2072e+02,3.2071e+02,3.2070e+02,3.2069e+02,3.2068e+02,3.2067e+02,3.2065e+02,3.2064e+02,3.2062e+02,3.2060e+02,3.2058e+02,3.2055e+02,3.2052e+02,3.2049e+02,3.2046e+02,3.2042e+02,3.2039e+02,3.2034e+02,3.2030e+02,3.2025e+02,3.2021e+02,3.2016e+02,3.2012e+02,3.2008e+02,3.2004e+02,3.2000e+02,3.1997e+02,3.1993e+02,3.1990e+02,3.1987e+02,3.1985e+02,3.1982e+02,3.1980e+02,3.1977e+02,3.1975e+02,3.1973e+02,3.1970e+02,3.1968e+02,3.1966e+02,3.1964e+02,3.1961e+02,3.1959e+02,3.1957e+02,3.1955e+02,3.1952e+02,3.1950e+02,3.1948e+02,3.1945e+02,3.1943e+02,3.1940e+02,3.1937e+02,3.1935e+02,3.1932e+02,3.1929e+02,3.1927e+02,3.1924e+02,3.1921e+02,3.1919e+02,3.1916e+02,3.1914e+02,3.1912e+02,3.1910e+02,3.1907e+02,3.1905e+02,3.1903e+02,3.1901e+02,3.1899e+02,3.1897e+02,3.1895e+02,3.1894e+02,3.1892e+02,3.1890e+02,3.1888e+02,3.1887e+02,3.1885e+02,3.1883e+02,3.1882e+02,3.1880e+02,3.1879e+02,3.1877e+02,3.1876e+02,3.1875e+02,3.1874e+02,3.1872e+02,3.1872e+02,3.1871e+02,3.1870e+02,3.1869e+02,3.1869e+02,3.1868e+02,3.1868e+02,3.1867e+02,3.1867e+02,3.1867e+02,3.1867e+02,3.2063e+02,3.2063e+02,3.2063e+02,3.2063e+02,3.2062e+02,3.2062e+02,3.2061e+02,3.2060e+02,3.2059e+02,3.2058e+02,3.2057e+02,3.2056e+02,3.2054e+02,3.2053e+02,3.2051e+02,3.2049e+02,3.2046e+02,3.2044e+02,3.2041e+02,3.2038e+02,3.2034e+02,3.2031e+02,3.2027e+02,3.2023e+02,3.2018e+02,3.2014e+02,3.2010e+02,3.2006e+02,3.2002e+02,3.1998e+02,3.1995e+02,3.1992e+02,3.1989e+02,3.1986e+02,3.1983e+02,3.1980e+02,3.1978e+02,3.1975e+02,3.1973e+02,3.1971e+02,3.1969e+02,3.1966e+02,3.1964e+02,3.1962e+02,3.1960e+02,3.1958e+02,3.1956e+02,3.1954e+02,3.1951e+02,3.1949e+02,3.1947e+02,3.1944e+02,3.1942e+02,3.1940e+02,3.1937e+02,3.1934e+02,3.1932e+02,3.1929e+02,3.1927e+02,3.1924e+02,3.1922e+02,3.1919e+02,3.1917e+02,3.1914e+02,3.1912e+02,3.1910e+02,3.1908e+02,3.1906e+02,3.1904e+02,3.1902e+02,3.1900e+02,3.1898e+02,3.1896e+02,3.1894e+02,3.1892e+02,3.1891e+02,3.1889e+02,3.1887e+02,3.1886e+02,3.1884e+02,3.1883e+02,3.1881e+02,3.1880e+02,3.1878e+02,3.1877e+02,3.1876e+02,3.1875e+02,3.1873e+02,3.1872e+02,3.1872e+02,3.1871e+02,3.1870e+02,3.1869e+02,3.1869e+02,3.1868e+02,3.1868e+02,3.1868e+02,3.1867e+02,3.1867e+02,3.1867e+02,3.2053e+02,3.2053e+02,3.2053e+02,3.2052e+02,3.2052e+02,3.2051e+02,3.2051e+02,3.2050e+02,3.2049e+02,3.2048e+02,3.2047e+02,3.2046e+02,3.2044e+02,3.2043e+02,3.2041e+02,3.2039e+02,3.2037e+02,3.2034e+02,3.2032e+02,3.2029e+02,3.2026e+02,3.2022e+02,3.2019e+02,3.2015e+02,3.2011e+02,3.2007e+02,3.2003e+02,3.2000e+02,3.1996e+02,3.1993e+02,3.1989e+02,3.1986e+02,3.1983e+02,3.1981e+02,3.1978e+02,3.1976e+02,3.1973e+02,3.1971e+02,3.1969e+02,3.1967e+02,3.1965e+02,3.1962e+02,3.1960e+02,3.1958e+02,3.1956e+02,3.1954e+02,3.1952e+02,3.1950e+02,3.1948e+02,3.1946e+02,3.1943e+02,3.1941e+02,3.1939e+02,3.1936e+02,3.1934e+02,3.1932e+02,3.1929e+02,3.1927e+02,3.1924e+02,3.1922e+02,3.1919e+02,3.1917e+02,3.1915e+02,3.1912e+02,3.1910e+02,3.1908e+02,3.1906e+02,3.1904e+02,3.1902e+02,3.1900e+02,3.1898e+02,3.1896e+02,3.1895e+02,3.1893e+02,3.1891e+02,3.1890e+02,3.1888e+02,3.1887e+02,3.1885e+02,3.1884e+02,3.1882e+02,3.1881e+02,3.1879e+02,3.1878e+02,3.1877e+02,3.1876e+02,3.1875e+02,3.1874e+02,3.1873e+02,3.1872e+02,3.1871e+02,3.1870e+02,3.1870e+02,3.1869e+02,3.1869e+02,3.1868e+02,3.1868e+02,3.1868e+02,3.1868e+02,3.1868e+02,3.2042e+02,3.2042e+02,3.2042e+02,3.2042e+02,3.2041e+02,3.2041e+02,3.2040e+02,3.2040e+02,3.2039e+02,3.2038e+02,3.2037e+02,3.2035e+02,3.2034e+02,3.2033e+02,3.2031e+02,3.2029e+02,3.2027e+02,3.2025e+02,3.2022e+02,3.2020e+02,3.2017e+02,3.2014e+02,3.2011e+02,3.2007e+02,3.2004e+02,3.2000e+02,3.1997e+02,3.1993e+02,3.1990e+02,3.1987e+02,3.1984e+02,3.1981e+02,3.1978e+02,3.1976e+02,3.1973e+02,3.1971e+02,3.1969e+02,3.1967e+02,3.1964e+02,3.1962e+02,3.1960e+02,3.1958e+02,3.1956e+02,3.1954e+02,3.1952e+02,3.1951e+02,3.1949e+02,3.1946e+02,3.1944e+02,3.1942e+02,3.1940e+02,3.1938e+02,3.1936e+02,3.1933e+02,3.1931e+02,3.1929e+02,3.1926e+02,3.1924e+02,3.1922e+02,3.1919e+02,3.1917e+02,3.1915e+02,3.1913e+02,3.1910e+02,3.1908e+02,3.1906e+02,3.1904e+02,3.1902e+02,3.1900e+02,3.1899e+02,3.1897e+02,3.1895e+02,3.1894e+02,3.1892e+02,3.1890e+02,3.1889e+02,3.1887e+02,3.1886e+02,3.1884e+02,3.1883e+02,3.1882e+02,3.1880e+02,3.1879e+02,3.1878e+02,3.1877e+02,3.1876e+02,3.1875e+02,3.1874e+02,3.1873e+02,3.1872e+02,3.1871e+02,3.1871e+02,3.1870e+02,3.1870e+02,3.1869e+02,3.1869e+02,3.1869e+02,3.1868e+02,3.1868e+02,3.1868e+02,3.2031e+02,3.2031e+02,3.2031e+02,3.2031e+02,3.2031e+02,3.2030e+02,3.2030e+02,3.2029e+02,3.2028e+02,3.2027e+02,3.2026e+02,3.2025e+02,3.2024e+02,3.2022e+02,3.2021e+02,3.2019e+02,3.2017e+02,3.2015e+02,3.2013e+02,3.2011e+02,3.2008e+02,3.2005e+02,3.2002e+02,3.1999e+02,3.1996e+02,3.1993e+02,3.1990e+02,3.1987e+02,3.1984e+02,3.1981e+02,3.1978e+02,3.1976e+02,3.1973e+02,3.1971e+02,3.1969e+02,3.1966e+02,3.1964e+02,3.1962e+02,3.1960e+02,3.1958e+02,3.1956e+02,3.1954e+02,3.1952e+02,3.1951e+02,3.1949e+02,3.1947e+02,3.1945e+02,3.1943e+02,3.1941e+02,3.1939e+02,3.1937e+02,3.1935e+02,3.1933e+02,3.1930e+02,3.1928e+02,3.1926e+02,3.1924e+02,3.1922e+02,3.1919e+02,3.1917e+02,3.1915e+02,3.1913e+02,3.1911e+02,3.1909e+02,3.1907e+02,3.1905e+02,3.1903e+02,3.1901e+02,3.1899e+02,3.1897e+02,3.1896e+02,3.1894e+02,3.1893e+02,3.1891e+02,3.1889e+02,3.1888e+02,3.1887e+02,3.1885e+02,3.1884e+02,3.1883e+02,3.1881e+02,3.1880e+02,3.1879e+02,3.1878e+02,3.1877e+02,3.1876e+02,3.1875e+02,3.1874e+02,3.1873e+02,3.1872e+02,3.1872e+02,3.1871e+02,3.1871e+02,3.1870e+02,3.1870e+02,3.1869e+02,3.1869e+02,3.1869e+02,3.1869e+02,3.1869e+02,3.2021e+02,3.2021e+02,3.2021e+02,3.2020e+02,3.2020e+02,3.2020e+02,3.2019e+02,3.2019e+02,3.2018e+02,3.2017e+02,3.2016e+02,3.2015e+02,3.2014e+02,3.2013e+02,3.2011e+02,3.2010e+02,3.2008e+02,3.2006e+02,3.2004e+02,3.2002e+02,3.1999e+02,3.1997e+02,3.1994e+02,3.1992e+02,3.1989e+02,3.1986e+02,3.1983e+02,3.1981e+02,3.1978e+02,3.1975e+02,3.1973e+02,3.1970e+02,3.1968e+02,3.1966e+02,3.1964e+02,3.1962e+02,3.1960e+02,3.1958e+02,3.1956e+02,3.1954e+02,3.1952e+02,3.1950e+02,3.1949e+02,3.1947e+02,3.1945e+02,3.1943e+02,3.1941e+02,3.1939e+02,3.1938e+02,3.1936e+02,3.1934e+02,3.1932e+02,3.1930e+02,3.1928e+02,3.1925e+02,3.1923e+02,3.1921e+02,3.1919e+02,3.1917e+02,3.1915e+02,3.1913e+02,3.1911e+02,3.1909e+02,3.1907e+02,3.1905e+02,3.1903e+02,3.1901e+02,3.1900e+02,3.1898e+02,3.1896e+02,3.1895e+02,3.1893e+02,3.1892e+02,3.1890e+02,3.1889e+02,3.1887e+02,3.1886e+02,3.1885e+02,3.1883e+02,3.1882e+02,3.1881e+02,3.1880e+02,3.1879e+02,3.1878e+02,3.1877e+02,3.1876e+02,3.1875e+02,3.1874e+02,3.1873e+02,3.1873e+02,3.1872e+02,3.1872e+02,3.1871e+02,3.1871e+02,3.1870e+02,3.1870e+02,3.1870e+02,3.1869e+02,3.1869e+02,3.1869e+02,3.2011e+02,3.2011e+02,3.2011e+02,3.2010e+02,3.2010e+02,3.2010e+02,3.2009e+02,3.2009e+02,3.2008e+02,3.2007e+02,3.2006e+02,3.2005e+02,3.2004e+02,3.2003e+02,3.2002e+02,3.2000e+02,3.1999e+02,3.1997e+02,3.1995e+02,3.1993e+02,3.1991e+02,3.1989e+02,3.1987e+02,3.1984e+02,3.1982e+02,3.1979e+02,3.1977e+02,3.1974e+02,3.1972e+02,3.1970e+02,3.1967e+02,3.1965e+02,3.1963e+02,3.1961e+02,3.1959e+02,3.1957e+02,3.1955e+02,3.1953e+02,3.1952e+02,3.1950e+02,3.1948e+02,3.1946e+02,3.1945e+02,3.1943e+02,3.1941e+02,3.1940e+02,3.1938e+02,3.1936e+02,3.1934e+02,3.1932e+02,3.1930e+02,3.1929e+02,3.1927e+02,3.1925e+02,3.1923e+02,3.1921e+02,3.1919e+02,3.1917e+02,3.1915e+02,3.1913e+02,3.1911e+02,3.1909e+02,3.1907e+02,3.1905e+02,3.1903e+02,3.1902e+02,3.1900e+02,3.1898e+02,3.1897e+02,3.1895e+02,3.1894e+02,3.1892e+02,3.1891e+02,3.1889e+02,3.1888e+02,3.1887e+02,3.1886e+02,3.1884e+02,3.1883e+02,3.1882e+02,3.1881e+02,3.1880e+02,3.1879e+02,3.1878e+02,3.1877e+02,3.1876e+02,3.1875e+02,3.1874e+02,3.1874e+02,3.1873e+02,3.1873e+02,3.1872e+02,3.1872e+02,3.1871e+02,3.1871e+02,3.1870e+02,3.1870e+02,3.1870e+02,3.1870e+02,3.1870e+02,3.2001e+02,3.2001e+02,3.2001e+02,3.2001e+02,3.2001e+02,3.2000e+02,3.2000e+02,3.1999e+02,3.1999e+02,3.1998e+02,3.1997e+02,3.1996e+02,3.1995e+02,3.1994e+02,3.1993e+02,3.1992e+02,3.1990e+02,3.1989e+02,3.1987e+02,3.1985e+02,3.1983e+02,3.1981e+02,3.1979e+02,3.1977e+02,3.1975e+02,3.1973e+02,3.1971e+02,3.1968e+02,3.1966e+02,3.1964e+02,3.1962e+02,3.1960e+02,3.1958e+02,3.1956e+02,3.1954e+02,3.1953e+02,3.1951e+02,3.1949e+02,3.1948e+02,3.1946e+02,3.1944e+02,3.1943e+02,3.1941e+02,3.1939e+02,3.1938e+02,3.1936e+02,3.1934e+02,3.1933e+02,3.1931e+02,3.1929e+02,3.1927e+02,3.1926e+02,3.1924e+02,3.1922e+02,3.1920e+02,3.1918e+02,3.1916e+02,3.1915e+02,3.1913e+02,3.1911e+02,3.1909e+02,3.1907e+02,3.1905e+02,3.1904e+02,3.1902e+02,3.1900e+02,3.1899e+02,3.1897e+02,3.1896e+02,3.1894e+02,3.1893e+02,3.1891e+02,3.1890e+02,3.1889e+02,3.1887e+02,3.1886e+02,3.1885e+02,3.1884e+02,3.1883e+02,3.1882e+02,3.1881e+02,3.1880e+02,3.1879e+02,3.1878e+02,3.1877e+02,3.1876e+02,3.1875e+02,3.1875e+02,3.1874e+02,3.1873e+02,3.1873e+02,3.1872e+02,3.1872e+02,3.1872e+02,3.1871e+02,3.1871e+02,3.1871e+02,3.1871e+02,3.1871e+02,3.1871e+02,3.1993e+02,3.1993e+02,3.1992e+02,3.1992e+02,3.1992e+02,3.1992e+02,3.1991e+02,3.1991e+02,3.1990e+02,3.1989e+02,3.1989e+02,3.1988e+02,3.1987e+02,3.1986e+02,3.1985e+02,3.1984e+02,3.1982e+02,3.1981e+02,3.1979e+02,3.1978e+02,3.1976e+02,3.1974e+02,3.1973e+02,3.1971e+02,3.1969e+02,3.1967e+02,3.1965e+02,3.1963e+02,3.1961e+02,3.1959e+02,3.1957e+02,3.1955e+02,3.1954e+02,3.1952e+02,3.1950e+02,3.1948e+02,3.1947e+02,3.1945e+02,3.1944e+02,3.1942e+02,3.1940e+02,3.1939e+02,3.1937e+02,3.1936e+02,3.1934e+02,3.1933e+02,3.1931e+02,3.1930e+02,3.1928e+02,3.1926e+02,3.1925e+02,3.1923e+02,3.1921e+02,3.1919e+02,3.1918e+02,3.1916e+02,3.1914e+02,3.1912e+02,3.1911e+02,3.1909e+02,3.1907e+02,3.1906e+02,3.1904e+02,3.1902e+02,3.1901e+02,3.1899e+02,3.1898e+02,3.1896e+02,3.1895e+02,3.1893e+02,3.1892e+02,3.1891e+02,3.1889e+02,3.1888e+02,3.1887e+02,3.1886e+02,3.1885e+02,3.1884e+02,3.1883e+02,3.1882e+02,3.1881e+02,3.1880e+02,3.1879e+02,3.1878e+02,3.1877e+02,3.1876e+02,3.1876e+02,3.1875e+02,3.1874e+02,3.1874e+02,3.1873e+02,3.1873e+02,3.1873e+02,3.1872e+02,3.1872e+02,3.1872e+02,3.1871e+02,3.1871e+02,3.1871e+02,3.1871e+02,3.1984e+02,3.1984e+02,3.1984e+02,3.1984e+02,3.1984e+02,3.1983e+02,3.1983e+02,3.1983e+02,3.1982e+02,3.1981e+02,3.1981e+02,3.1980e+02,3.1979e+02,3.1978e+02,3.1977e+02,3.1976e+02,3.1975e+02,3.1974e+02,3.1972e+02,3.1971e+02,3.1969e+02,3.1968e+02,3.1966e+02,3.1965e+02,3.1963e+02,3.1961e+02,3.1959e+02,3.1958e+02,3.1956e+02,3.1954e+02,3.1952e+02,3.1951e+02,3.1949e+02,3.1948e+02,3.1946e+02,3.1944e+02,3.1943e+02,3.1941e+02,3.1940e+02,3.1938e+02,3.1937e+02,3.1935e+02,3.1934e+02,3.1933e+02,3.1931e+02,3.1930e+02,3.1928e+02,3.1927e+02,3.1925e+02,3.1923e+02,3.1922e+02,3.1920e+02,3.1919e+02,3.1917e+02,3.1915e+02,3.1914e+02,3.1912e+02,3.1910e+02,3.1909e+02,3.1907e+02,3.1906e+02,3.1904e+02,3.1902e+02,3.1901e+02,3.1899e+02,3.1898e+02,3.1897e+02,3.1895e+02,3.1894e+02,3.1892e+02,3.1891e+02,3.1890e+02,3.1889e+02,3.1888e+02,3.1886e+02,3.1885e+02,3.1884e+02,3.1883e+02,3.1882e+02,3.1881e+02,3.1881e+02,3.1880e+02,3.1879e+02,3.1878e+02,3.1877e+02,3.1877e+02,3.1876e+02,3.1875e+02,3.1875e+02,3.1874e+02,3.1874e+02,3.1873e+02,3.1873e+02,3.1873e+02,3.1872e+02,3.1872e+02,3.1872e+02,3.1872e+02,3.1872e+02,3.1872e+02,3.1977e+02,3.1977e+02,3.1977e+02,3.1977e+02,3.1976e+02,3.1976e+02,3.1976e+02,3.1975e+02,3.1975e+02,3.1974e+02,3.1974e+02,3.1973e+02,3.1972e+02,3.1971e+02,3.1970e+02,3.1969e+02,3.1968e+02,3.1967e+02,3.1966e+02,3.1965e+02,3.1963e+02,3.1962e+02,3.1960e+02,3.1959e+02,3.1957e+02,3.1956e+02,3.1954e+02,3.1953e+02,3.1951e+02,3.1950e+02,3.1948e+02,3.1946e+02,3.1945e+02,3.1943e+02,3.1942e+02,3.1941e+02,3.1939e+02,3.1938e+02,3.1936e+02,3.1935e+02,3.1934e+02,3.1932e+02,3.1931e+02,3.1929e+02,3.1928e+02,3.1927e+02,3.1925e+02,3.1924e+02,3.1922e+02,3.1921e+02,3.1919e+02,3.1918e+02,3.1916e+02,3.1915e+02,3.1913e+02,3.1912e+02,3.1910e+02,3.1909e+02,3.1907e+02,3.1906e+02,3.1904e+02,3.1903e+02,3.1901e+02,3.1900e+02,3.1898e+02,3.1897e+02,3.1896e+02,3.1894e+02,3.1893e+02,3.1892e+02,3.1890e+02,3.1889e+02,3.1888e+02,3.1887e+02,3.1886e+02,3.1885e+02,3.1884e+02,3.1883e+02,3.1882e+02,3.1881e+02,3.1880e+02,3.1880e+02,3.1879e+02,3.1878e+02,3.1877e+02,3.1877e+02,3.1876e+02,3.1876e+02,3.1875e+02,3.1875e+02,3.1874e+02,3.1874e+02,3.1873e+02,3.1873e+02,3.1873e+02,3.1873e+02,3.1872e+02,3.1872e+02,3.1872e+02,3.1872e+02,3.1970e+02,3.1970e+02,3.1970e+02,3.1970e+02,3.1970e+02,3.1969e+02,3.1969e+02,3.1969e+02,3.1968e+02,3.1968e+02,3.1967e+02,3.1966e+02,3.1966e+02,3.1965e+02,3.1964e+02,3.1963e+02,3.1962e+02,3.1961e+02,3.1960e+02,3.1959e+02,3.1958e+02,3.1956e+02,3.1955e+02,3.1954e+02,3.1952e+02,3.1951e+02,3.1950e+02,3.1948e+02,3.1947e+02,3.1945e+02,3.1944e+02,3.1942e+02,3.1941e+02,3.1940e+02,3.1938e+02,3.1937e+02,3.1936e+02,3.1934e+02,3.1933e+02,3.1932e+02,3.1930e+02,3.1929e+02,3.1928e+02,3.1927e+02,3.1925e+02,3.1924e+02,3.1923e+02,3.1921e+02,3.1920e+02,3.1918e+02,3.1917e+02,3.1916e+02,3.1914e+02,3.1913e+02,3.1911e+02,3.1910e+02,3.1908e+02,3.1907e+02,3.1905e+02,3.1904e+02,3.1903e+02,3.1901e+02,3.1900e+02,3.1899e+02,3.1897e+02,3.1896e+02,3.1895e+02,3.1893e+02,3.1892e+02,3.1891e+02,3.1890e+02,3.1889e+02,3.1888e+02,3.1887e+02,3.1886e+02,3.1885e+02,3.1884e+02,3.1883e+02,3.1882e+02,3.1881e+02,3.1880e+02,3.1880e+02,3.1879e+02,3.1878e+02,3.1878e+02,3.1877e+02,3.1876e+02,3.1876e+02,3.1875e+02,3.1875e+02,3.1875e+02,3.1874e+02,3.1874e+02,3.1874e+02,3.1873e+02,3.1873e+02,3.1873e+02,3.1873e+02,3.1873e+02,3.1873e+02,3.1964e+02,3.1964e+02,3.1964e+02,3.1964e+02,3.1964e+02,3.1963e+02,3.1963e+02,3.1963e+02,3.1962e+02,3.1962e+02,3.1961e+02,3.1961e+02,3.1960e+02,3.1959e+02,3.1958e+02,3.1958e+02,3.1957e+02,3.1956e+02,3.1955e+02,3.1954e+02,3.1953e+02,3.1951e+02,3.1950e+02,3.1949e+02,3.1948e+02,3.1947e+02,3.1945e+02,3.1944e+02,3.1943e+02,3.1941e+02,3.1940e+02,3.1939e+02,3.1937e+02,3.1936e+02,3.1935e+02,3.1934e+02,3.1932e+02,3.1931e+02,3.1930e+02,3.1929e+02,3.1928e+02,3.1926e+02,3.1925e+02,3.1924e+02,3.1923e+02,3.1921e+02,3.1920e+02,3.1919e+02,3.1917e+02,3.1916e+02,3.1915e+02,3.1913e+02,3.1912e+02,3.1911e+02,3.1909e+02,3.1908e+02,3.1907e+02,3.1905e+02,3.1904e+02,3.1903e+02,3.1901e+02,3.1900e+02,3.1899e+02,3.1897e+02,3.1896e+02,3.1895e+02,3.1894e+02,3.1893e+02,3.1891e+02,3.1890e+02,3.1889e+02,3.1888e+02,3.1887e+02,3.1886e+02,3.1885e+02,3.1884e+02,3.1884e+02,3.1883e+02,3.1882e+02,3.1881e+02,3.1880e+02,3.1880e+02,3.1879e+02,3.1878e+02,3.1878e+02,3.1877e+02,3.1877e+02,3.1876e+02,3.1876e+02,3.1875e+02,3.1875e+02,3.1875e+02,3.1874e+02,3.1874e+02,3.1874e+02,3.1874e+02,3.1873e+02,3.1873e+02,3.1873e+02,3.1873e+02,3.1958e+02,3.1958e+02,3.1958e+02,3.1958e+02,3.1958e+02,3.1958e+02,3.1957e+02,3.1957e+02,3.1957e+02,3.1956e+02,3.1956e+02,3.1955e+02,3.1955e+02,3.1954e+02,3.1953e+02,3.1953e+02,3.1952e+02,3.1951e+02,3.1950e+02,3.1949e+02,3.1948e+02,3.1947e+02,3.1946e+02,3.1945e+02,3.1944e+02,3.1942e+02,3.1941e+02,3.1940e+02,3.1939e+02,3.1938e+02,3.1937e+02,3.1935e+02,3.1934e+02,3.1933e+02,3.1932e+02,3.1931e+02,3.1930e+02,3.1928e+02,3.1927e+02,3.1926e+02,3.1925e+02,3.1924e+02,3.1923e+02,3.1921e+02,3.1920e+02,3.1919e+02,3.1918e+02,3.1917e+02,3.1915e+02,3.1914e+02,3.1913e+02,3.1912e+02,3.1910e+02,3.1909e+02,3.1908e+02,3.1906e+02,3.1905e+02,3.1904e+02,3.1903e+02,3.1901e+02,3.1900e+02,3.1899e+02,3.1898e+02,3.1896e+02,3.1895e+02,3.1894e+02,3.1893e+02,3.1892e+02,3.1891e+02,3.1890e+02,3.1889e+02,3.1888e+02,3.1887e+02,3.1886e+02,3.1885e+02,3.1884e+02,3.1883e+02,3.1883e+02,3.1882e+02,3.1881e+02,3.1880e+02,3.1880e+02,3.1879e+02,3.1878e+02,3.1878e+02,3.1877e+02,3.1877e+02,3.1876e+02,3.1876e+02,3.1876e+02,3.1875e+02,3.1875e+02,3.1875e+02,3.1874e+02,3.1874e+02,3.1874e+02,3.1874e+02,3.1874e+02,3.1874e+02,3.1874e+02,3.1954e+02,3.1953e+02,3.1953e+02,3.1953e+02,3.1953e+02,3.1953e+02,3.1953e+02,3.1952e+02,3.1952e+02,3.1951e+02,3.1951e+02,3.1950e+02,3.1950e+02,3.1949e+02,3.1949e+02,3.1948e+02,3.1947e+02,3.1946e+02,3.1946e+02,3.1945e+02,3.1944e+02,3.1943e+02,3.1942e+02,3.1941e+02,3.1940e+02,3.1939e+02,3.1938e+02,3.1937e+02,3.1936e+02,3.1934e+02,3.1933e+02,3.1932e+02,3.1931e+02,3.1930e+02,3.1929e+02,3.1928e+02,3.1927e+02,3.1926e+02,3.1925e+02,3.1924e+02,3.1922e+02,3.1921e+02,3.1920e+02,3.1919e+02,3.1918e+02,3.1917e+02,3.1916e+02,3.1915e+02,3.1913e+02,3.1912e+02,3.1911e+02,3.1910e+02,3.1909e+02,3.1907e+02,3.1906e+02,3.1905e+02,3.1904e+02,3.1903e+02,3.1901e+02,3.1900e+02,3.1899e+02,3.1898e+02,3.1897e+02,3.1896e+02,3.1894e+02,3.1893e+02,3.1892e+02,3.1891e+02,3.1890e+02,3.1889e+02,3.1888e+02,3.1887e+02,3.1887e+02,3.1886e+02,3.1885e+02,3.1884e+02,3.1883e+02,3.1882e+02,3.1882e+02,3.1881e+02,3.1880e+02,3.1880e+02,3.1879e+02,3.1879e+02,3.1878e+02,3.1878e+02,3.1877e+02,3.1877e+02,3.1876e+02,3.1876e+02,3.1875e+02,3.1875e+02,3.1875e+02,3.1875e+02,3.1874e+02,3.1874e+02,3.1874e+02,3.1874e+02,3.1874e+02,3.1874e+02,3.1949e+02,3.1949e+02,3.1949e+02,3.1949e+02,3.1949e+02,3.1948e+02,3.1948e+02,3.1948e+02,3.1948e+02,3.1947e+02,3.1947e+02,3.1946e+02,3.1946e+02,3.1945e+02,3.1945e+02,3.1944e+02,3.1943e+02,3.1943e+02,3.1942e+02,3.1941e+02,3.1940e+02,3.1939e+02,3.1938e+02,3.1937e+02,3.1937e+02,3.1936e+02,3.1935e+02,3.1934e+02,3.1933e+02,3.1932e+02,3.1931e+02,3.1929e+02,3.1928e+02,3.1927e+02,3.1926e+02,3.1925e+02,3.1924e+02,3.1923e+02,3.1922e+02,3.1921e+02,3.1920e+02,3.1919e+02,3.1918e+02,3.1917e+02,3.1916e+02,3.1915e+02,3.1914e+02,3.1913e+02,3.1912e+02,3.1910e+02,3.1909e+02,3.1908e+02,3.1907e+02,3.1906e+02,3.1905e+02,3.1904e+02,3.1903e+02,3.1901e+02,3.1900e+02,3.1899e+02,3.1898e+02,3.1897e+02,3.1896e+02,3.1895e+02,3.1894e+02,3.1893e+02,3.1892e+02,3.1891e+02,3.1890e+02,3.1889e+02,3.1888e+02,3.1887e+02,3.1886e+02,3.1885e+02,3.1885e+02,3.1884e+02,3.1883e+02,3.1882e+02,3.1882e+02,3.1881e+02,3.1880e+02,3.1880e+02,3.1879e+02,3.1879e+02,3.1878e+02,3.1878e+02,3.1877e+02,3.1877e+02,3.1876e+02,3.1876e+02,3.1876e+02,3.1875e+02,3.1875e+02,3.1875e+02,3.1875e+02,3.1875e+02,3.1874e+02,3.1874e+02,3.1874e+02,3.1874e+02,3.1945e+02,3.1945e+02,3.1945e+02,3.1945e+02,3.1945e+02,3.1945e+02,3.1944e+02,3.1944e+02,3.1944e+02,3.1943e+02,3.1943e+02,3.1943e+02,3.1942e+02,3.1942e+02,3.1941e+02,3.1940e+02,3.1940e+02,3.1939e+02,3.1938e+02,3.1938e+02,3.1937e+02,3.1936e+02,3.1935e+02,3.1934e+02,3.1934e+02,3.1933e+02,3.1932e+02,3.1931e+02,3.1930e+02,3.1929e+02,3.1928e+02,3.1927e+02,3.1926e+02,3.1925e+02,3.1924e+02,3.1923e+02,3.1922e+02,3.1921e+02,3.1920e+02,3.1919e+02,3.1918e+02,3.1917e+02,3.1916e+02,3.1915e+02,3.1914e+02,3.1913e+02,3.1912e+02,3.1911e+02,3.1910e+02,3.1909e+02,3.1908e+02,3.1907e+02,3.1906e+02,3.1905e+02,3.1904e+02,3.1902e+02,3.1901e+02,3.1900e+02,3.1899e+02,3.1898e+02,3.1897e+02,3.1896e+02,3.1895e+02,3.1894e+02,3.1893e+02,3.1892e+02,3.1891e+02,3.1890e+02,3.1889e+02,3.1888e+02,3.1888e+02,3.1887e+02,3.1886e+02,3.1885e+02,3.1884e+02,3.1884e+02,3.1883e+02,3.1882e+02,3.1882e+02,3.1881e+02,3.1880e+02,3.1880e+02,3.1879e+02,3.1879e+02,3.1878e+02,3.1878e+02,3.1877e+02,3.1877e+02,3.1877e+02,3.1876e+02,3.1876e+02,3.1876e+02,3.1875e+02,3.1875e+02,3.1875e+02,3.1875e+02,3.1875e+02,3.1875e+02,3.1875e+02,3.1875e+02,3.1942e+02,3.1942e+02,3.1942e+02,3.1942e+02,3.1941e+02,3.1941e+02,3.1941e+02,3.1941e+02,3.1940e+02,3.1940e+02,3.1940e+02,3.1939e+02,3.1939e+02,3.1938e+02,3.1938e+02,3.1937e+02,3.1937e+02,3.1936e+02,3.1935e+02,3.1935e+02,3.1934e+02,3.1933e+02,3.1933e+02,3.1932e+02,3.1931e+02,3.1930e+02,3.1929e+02,3.1928e+02,3.1927e+02,3.1927e+02,3.1926e+02,3.1925e+02,3.1924e+02,3.1923e+02,3.1922e+02,3.1921e+02,3.1920e+02,3.1919e+02,3.1918e+02,3.1917e+02,3.1916e+02,3.1915e+02,3.1915e+02,3.1914e+02,3.1913e+02,3.1912e+02,3.1911e+02,3.1910e+02,3.1909e+02,3.1908e+02,3.1907e+02,3.1906e+02,3.1905e+02,3.1904e+02,3.1902e+02,3.1901e+02,3.1900e+02,3.1899e+02,3.1898e+02,3.1897e+02,3.1896e+02,3.1895e+02,3.1894e+02,3.1893e+02,3.1892e+02,3.1892e+02,3.1891e+02,3.1890e+02,3.1889e+02,3.1888e+02,3.1887e+02,3.1886e+02,3.1886e+02,3.1885e+02,3.1884e+02,3.1883e+02,3.1883e+02,3.1882e+02,3.1882e+02,3.1881e+02,3.1880e+02,3.1880e+02,3.1879e+02,3.1879e+02,3.1878e+02,3.1878e+02,3.1877e+02,3.1877e+02,3.1877e+02,3.1876e+02,3.1876e+02,3.1876e+02,3.1876e+02,3.1875e+02,3.1875e+02,3.1875e+02,3.1875e+02,3.1875e+02,3.1875e+02,3.1875e+02,3.1939e+02,3.1939e+02,3.1939e+02,3.1939e+02,3.1939e+02,3.1938e+02,3.1938e+02,3.1938e+02,3.1938e+02,3.1937e+02,3.1937e+02,3.1937e+02,3.1936e+02,3.1936e+02,3.1935e+02,3.1935e+02,3.1934e+02,3.1934e+02,3.1933e+02,3.1932e+02,3.1932e+02,3.1931e+02,3.1930e+02,3.1929e+02,3.1929e+02,3.1928e+02,3.1927e+02,3.1926e+02,3.1925e+02,3.1925e+02,3.1924e+02,3.1923e+02,3.1922e+02,3.1921e+02,3.1920e+02,3.1919e+02,3.1919e+02,3.1918e+02,3.1917e+02,3.1916e+02,3.1915e+02,3.1914e+02,3.1913e+02,3.1912e+02,3.1911e+02,3.1910e+02,3.1909e+02,3.1908e+02,3.1907e+02,3.1906e+02,3.1905e+02,3.1904e+02,3.1904e+02,3.1903e+02,3.1902e+02,3.1901e+02,3.1900e+02,3.1899e+02,3.1898e+02,3.1897e+02,3.1896e+02,3.1895e+02,3.1894e+02,3.1893e+02,3.1892e+02,3.1891e+02,3.1890e+02,3.1889e+02,3.1889e+02,3.1888e+02,3.1887e+02,3.1886e+02,3.1885e+02,3.1885e+02,3.1884e+02,3.1883e+02,3.1883e+02,3.1882e+02,3.1881e+02,3.1881e+02,3.1880e+02,3.1880e+02,3.1879e+02,3.1879e+02,3.1878e+02,3.1878e+02,3.1878e+02,3.1877e+02,3.1877e+02,3.1877e+02,3.1876e+02,3.1876e+02,3.1876e+02,3.1876e+02,3.1875e+02,3.1875e+02,3.1875e+02,3.1875e+02,3.1875e+02,3.1875e+02,3.1936e+02,3.1936e+02,3.1936e+02,3.1936e+02,3.1936e+02,3.1936e+02,3.1936e+02,3.1935e+02,3.1935e+02,3.1935e+02,3.1935e+02,3.1934e+02,3.1934e+02,3.1933e+02,3.1933e+02,3.1932e+02,3.1932e+02,3.1931e+02,3.1931e+02,3.1930e+02,3.1930e+02,3.1929e+02,3.1928e+02,3.1927e+02,3.1927e+02,3.1926e+02,3.1925e+02,3.1924e+02,3.1924e+02,3.1923e+02,3.1922e+02,3.1921e+02,3.1920e+02,3.1920e+02,3.1919e+02,3.1918e+02,3.1917e+02,3.1916e+02,3.1915e+02,3.1915e+02,3.1914e+02,3.1913e+02,3.1912e+02,3.1911e+02,3.1910e+02,3.1909e+02,3.1908e+02,3.1907e+02,3.1906e+02,3.1905e+02,3.1905e+02,3.1904e+02,3.1903e+02,3.1902e+02,3.1901e+02,3.1900e+02,3.1899e+02,3.1898e+02,3.1897e+02,3.1896e+02,3.1895e+02,3.1894e+02,3.1893e+02,3.1892e+02,3.1892e+02,3.1891e+02,3.1890e+02,3.1889e+02,3.1888e+02,3.1887e+02,3.1887e+02,3.1886e+02,3.1885e+02,3.1885e+02,3.1884e+02,3.1883e+02,3.1883e+02,3.1882e+02,3.1881e+02,3.1881e+02,3.1880e+02,3.1880e+02,3.1879e+02,3.1879e+02,3.1878e+02,3.1878e+02,3.1878e+02,3.1877e+02,3.1877e+02,3.1877e+02,3.1876e+02,3.1876e+02,3.1876e+02,3.1876e+02,3.1876e+02,3.1876e+02,3.1875e+02,3.1875e+02,3.1875e+02,3.1875e+02,3.1934e+02,3.1934e+02,3.1934e+02,3.1934e+02,3.1934e+02,3.1934e+02,3.1934e+02,3.1934e+02,3.1933e+02,3.1933e+02,3.1933e+02,3.1932e+02,3.1932e+02,3.1931e+02,3.1931e+02,3.1931e+02,3.1930e+02,3.1930e+02,3.1929e+02,3.1928e+02,3.1928e+02,3.1927e+02,3.1927e+02,3.1926e+02,3.1925e+02,3.1924e+02,3.1924e+02,3.1923e+02,3.1922e+02,3.1921e+02,3.1921e+02,3.1920e+02,3.1919e+02,3.1918e+02,3.1918e+02,3.1917e+02,3.1916e+02,3.1915e+02,3.1914e+02,3.1913e+02,3.1913e+02,3.1912e+02,3.1911e+02,3.1910e+02,3.1909e+02,3.1908e+02,3.1907e+02,3.1906e+02,3.1906e+02,3.1905e+02,3.1904e+02,3.1903e+02,3.1902e+02,3.1901e+02,3.1900e+02,3.1899e+02,3.1898e+02,3.1897e+02,3.1896e+02,3.1896e+02,3.1895e+02,3.1894e+02,3.1893e+02,3.1892e+02,3.1891e+02,3.1890e+02,3.1890e+02,3.1889e+02,3.1888e+02,3.1887e+02,3.1886e+02,3.1886e+02,3.1885e+02,3.1884e+02,3.1884e+02,3.1883e+02,3.1883e+02,3.1882e+02,3.1881e+02,3.1881e+02,3.1880e+02,3.1880e+02,3.1879e+02,3.1879e+02,3.1879e+02,3.1878e+02,3.1878e+02,3.1877e+02,3.1877e+02,3.1877e+02,3.1877e+02,3.1876e+02,3.1876e+02,3.1876e+02,3.1876e+02,3.1876e+02,3.1876e+02,3.1875e+02,3.1875e+02,3.1875e+02,3.1933e+02,3.1933e+02,3.1933e+02,3.1933e+02,3.1933e+02,3.1932e+02,3.1932e+02,3.1932e+02,3.1932e+02,3.1931e+02,3.1931e+02,3.1931e+02,3.1930e+02,3.1930e+02,3.1930e+02,3.1929e+02,3.1929e+02,3.1928e+02,3.1928e+02,3.1927e+02,3.1926e+02,3.1926e+02,3.1925e+02,3.1925e+02,3.1924e+02,3.1923e+02,3.1923e+02,3.1922e+02,3.1921e+02,3.1920e+02,3.1920e+02,3.1919e+02,3.1918e+02,3.1917e+02,3.1917e+02,3.1916e+02,3.1915e+02,3.1914e+02,3.1913e+02,3.1913e+02,3.1912e+02,3.1911e+02,3.1910e+02,3.1909e+02,3.1908e+02,3.1907e+02,3.1907e+02,3.1906e+02,3.1905e+02,3.1904e+02,3.1903e+02,3.1902e+02,3.1901e+02,3.1900e+02,3.1900e+02,3.1899e+02,3.1898e+02,3.1897e+02,3.1896e+02,3.1895e+02,3.1894e+02,3.1893e+02,3.1893e+02,3.1892e+02,3.1891e+02,3.1890e+02,3.1889e+02,3.1889e+02,3.1888e+02,3.1887e+02,3.1886e+02,3.1886e+02,3.1885e+02,3.1884e+02,3.1884e+02,3.1883e+02,3.1882e+02,3.1882e+02,3.1881e+02,3.1881e+02,3.1880e+02,3.1880e+02,3.1879e+02,3.1879e+02,3.1879e+02,3.1878e+02,3.1878e+02,3.1878e+02,3.1877e+02,3.1877e+02,3.1877e+02,3.1876e+02,3.1876e+02,3.1876e+02,3.1876e+02,3.1876e+02,3.1876e+02,3.1876e+02,3.1876e+02,3.1876e+02,3.1932e+02,3.1932e+02,3.1932e+02,3.1931e+02,3.1931e+02,3.1931e+02,3.1931e+02,3.1931e+02,3.1931e+02,3.1930e+02,3.1930e+02,3.1930e+02,3.1929e+02,3.1929e+02,3.1928e+02,3.1928e+02,3.1928e+02,3.1927e+02,3.1927e+02,3.1926e+02,3.1925e+02,3.1925e+02,3.1924e+02,3.1924e+02,3.1923e+02,3.1922e+02,3.1922e+02,3.1921e+02,3.1920e+02,3.1920e+02,3.1919e+02,3.1918e+02,3.1917e+02,3.1917e+02,3.1916e+02,3.1915e+02,3.1914e+02,3.1913e+02,3.1913e+02,3.1912e+02,3.1911e+02,3.1910e+02,3.1909e+02,3.1909e+02,3.1908e+02,3.1907e+02,3.1906e+02,3.1905e+02,3.1904e+02,3.1903e+02,3.1903e+02,3.1902e+02,3.1901e+02,3.1900e+02,3.1899e+02,3.1898e+02,3.1897e+02,3.1897e+02,3.1896e+02,3.1895e+02,3.1894e+02,3.1893e+02,3.1892e+02,3.1891e+02,3.1891e+02,3.1890e+02,3.1889e+02,3.1888e+02,3.1888e+02,3.1887e+02,3.1886e+02,3.1886e+02,3.1885e+02,3.1884e+02,3.1884e+02,3.1883e+02,3.1882e+02,3.1882e+02,3.1881e+02,3.1881e+02,3.1880e+02,3.1880e+02,3.1879e+02,3.1879e+02,3.1879e+02,3.1878e+02,3.1878e+02,3.1878e+02,3.1877e+02,3.1877e+02,3.1877e+02,3.1877e+02,3.1876e+02,3.1876e+02,3.1876e+02,3.1876e+02,3.1876e+02,3.1876e+02,3.1876e+02,3.1876e+02,3.1931e+02,3.1931e+02,3.1931e+02,3.1931e+02,3.1931e+02,3.1930e+02,3.1930e+02,3.1930e+02,3.1930e+02,3.1930e+02,3.1929e+02,3.1929e+02,3.1929e+02,3.1928e+02,3.1928e+02,3.1927e+02,3.1927e+02,3.1926e+02,3.1926e+02,3.1925e+02,3.1925e+02,3.1924e+02,3.1924e+02,3.1923e+02,3.1922e+02,3.1922e+02,3.1921e+02,3.1920e+02,3.1920e+02,3.1919e+02,3.1918e+02,3.1918e+02,3.1917e+02,3.1916e+02,3.1915e+02,3.1915e+02,3.1914e+02,3.1913e+02,3.1912e+02,3.1911e+02,3.1911e+02,3.1910e+02,3.1909e+02,3.1908e+02,3.1907e+02,3.1907e+02,3.1906e+02,3.1905e+02,3.1904e+02,3.1903e+02,3.1902e+02,3.1901e+02,3.1901e+02,3.1900e+02,3.1899e+02,3.1898e+02,3.1897e+02,3.1896e+02,3.1895e+02,3.1895e+02,3.1894e+02,3.1893e+02,3.1892e+02,3.1891e+02,3.1891e+02,3.1890e+02,3.1889e+02,3.1888e+02,3.1888e+02,3.1887e+02,3.1886e+02,3.1885e+02,3.1885e+02,3.1884e+02,3.1884e+02,3.1883e+02,3.1882e+02,3.1882e+02,3.1881e+02,3.1881e+02,3.1880e+02,3.1880e+02,3.1879e+02,3.1879e+02,3.1879e+02,3.1878e+02,3.1878e+02,3.1878e+02,3.1877e+02,3.1877e+02,3.1877e+02,3.1877e+02,3.1876e+02,3.1876e+02,3.1876e+02,3.1876e+02,3.1876e+02,3.1876e+02,3.1876e+02,3.1876e+02,3.1930e+02,3.1930e+02,3.1930e+02,3.1930e+02,3.1930e+02,3.1930e+02,3.1930e+02,3.1930e+02,3.1929e+02,3.1929e+02,3.1929e+02,3.1929e+02,3.1928e+02,3.1928e+02,3.1927e+02,3.1927e+02,3.1926e+02,3.1926e+02,3.1926e+02,3.1925e+02,3.1924e+02,3.1924e+02,3.1923e+02,3.1923e+02,3.1922e+02,3.1921e+02,3.1921e+02,3.1920e+02,3.1919e+02,3.1919e+02,3.1918e+02,3.1917e+02,3.1917e+02,3.1916e+02,3.1915e+02,3.1914e+02,3.1914e+02,3.1913e+02,3.1912e+02,3.1911e+02,3.1910e+02,3.1910e+02,3.1909e+02,3.1908e+02,3.1907e+02,3.1906e+02,3.1906e+02,3.1905e+02,3.1904e+02,3.1903e+02,3.1902e+02,3.1901e+02,3.1900e+02,3.1900e+02,3.1899e+02,3.1898e+02,3.1897e+02,3.1896e+02,3.1895e+02,3.1895e+02,3.1894e+02,3.1893e+02,3.1892e+02,3.1891e+02,3.1890e+02,3.1890e+02,3.1889e+02,3.1888e+02,3.1887e+02,3.1887e+02,3.1886e+02,3.1885e+02,3.1885e+02,3.1884e+02,3.1884e+02,3.1883e+02,3.1882e+02,3.1882e+02,3.1881e+02,3.1881e+02,3.1880e+02,3.1880e+02,3.1879e+02,3.1879e+02,3.1879e+02,3.1878e+02,3.1878e+02,3.1878e+02,3.1877e+02,3.1877e+02,3.1877e+02,3.1877e+02,3.1876e+02,3.1876e+02,3.1876e+02,3.1876e+02,3.1876e+02,3.1876e+02,3.1876e+02,3.1876e+02
